0 0.262617095312 0.22593741875 0.0843749680556 0.0168749953125
0 0.598007602734 0.494062327083 0.0356249875 0.0189843695312
0 0.581132608203 0.490312329167 0.0356249861111 0.0126562460938
0 0.245742101563 0.225937422222 0.069374975 0.01898436875
0 0.285820212891 0.22968741875 0.0731249736111 0.0168749945313
0 0.111796835156 0.503437325694 0.0356249875 0.01687499375
0 0.098613246875 0.500624826389 0.0337499888889 0.0137109328125
1 0.131835891797 0.437812346528 0.0618749791667 0.0337499882812
1 0.573222454688 0.539999811806 0.0524999791667 0.0305859265625
1 0.119179645312 0.349687377778 0.0206249944444 0.0316406140625
2 0.454042810156 0.678437252083 0.0318749902778 0.0094921828125
5 0.437716145312 0.651269303472 0.0881249708333 0.03691405
2 0.486759095703 0.669081799306 0.0487499847222 0.0400781117187
1 0.144492137109 0.385312366667 0.0243749916667 0.0105468710937
2 0.221484297656 0.700312254167 0.301874891667 0.421874851563
3 0.195117119141 0.673124764583 0.434999848611 0.126562455469
