4 0.0674544875 0.625701061111 0.278736508333 0.133972934375
2 0.987187466016 0.668863615972 0.123767329167 0.0222313164063
5 0.560989726172 0.595019242361 0.0468027708333 0.0368571820312
1 0.412098409375 0.508694130556 0.042642525 0.0257415234375
1 0.67975176875 0.564233413889 0.0218412944444 0.0157959359375
2 0.728017126563 0.624452973611 0.0748844361111 0.0538231875
2 0.783068872266 0.618732634028 0.100885973611 0.0860000914062
2 0.85181044375 0.627573157639 0.122727268056 0.114666790625
2 0.924354739453 0.64421414375 0.137288131944 0.107646374219
2 0.363013997656 0.630693343056 0.05824345 0.038027253125
2 0.301000324609 0.637973774306 0.0499229569444 0.0298367664062
2 0.283449285156 0.64421414375 0.0478428347222 0.0356871125
2 0.21698935 0.657734944444 0.104006158333 0.10121099375
2 0.150002883203 0.656174852083 0.0530431430556 0.0374422179688
