2 0.0887264269531 0.399790086806 0.0838086875 0.0904624179688
2 0.190655911719 0.4077179375 0.0453019944444 0.04459415
2 0.242894772266 0.398657538194 0.0453019930556 0.0420459132812
2 0.280481268359 0.4077179375 0.0226509972222 0.0152894226562
2 0.332083070703 0.396392439583 0.0453019930556 0.0573353351563
2 0.381773694922 0.395259888889 0.0294462944444 0.0267564898438
2 0.427641963281 0.438296782639 0.120050279167 0.098107128125
2 0.474147289062 0.402055188889 0.0249160972222 0.020385896875
2 0.491984949219 0.4054528375 0.0317113944444 0.015289421875
2 0.50918555 0.408850486806 0.0294462986111 0.016563540625
2 0.53020850625 0.412248136806 0.0543623930556 0.025482371875
2 0.554416758203 0.419043435417 0.0588925902778 0.0280306070313
2 0.646153294531 0.460947780556 0.237835463889 0.186021309375
2 0.823892833203 0.488128975 0.228775063889 0.172006005469
2 0.956401162891 0.5674074625 0.183473072222 0.0853659429688
0 0.431464318359 0.361283394444 0.0249160972222 0.0114670679688
0 0.453124334375 0.37034379375 0.0203858986111 0.0063705921875
2 0.381136635156 0.360150844444 0.0135905972222 0.0127411859375
1 0.355017204297 0.266149210417 0.0520972930556 0.0267564898438
