2 0.055273115625 0.505618934722 0.0538205611111 0.0454110953125
2 0.120866923438 0.54374183125 0.130066354167 0.1261419375
2 0.196552086328 0.523559119444 0.112126163889 0.0857765179687
2 0.0369825355469 0.556075707639 0.163704204167 0.0719009039063
2 0.349301346094 0.507508470833 0.0531145916667 0.012849225
2 0.429283960547 0.505618931944 0.0493355138889 0.0113527742187
5 0.473433639453 0.471981084028 0.0358803763889 0.0189212914062
5 0.503076994141 0.485436222222 0.121096261111 0.0454110960938
5 0.457665897656 0.523559120139 0.0897009319444 0.0580252921875
2 0.381980732813 0.511225241667 0.0560630833333 0.0403654203125
2 0.323324732812 0.512346503472 0.0583056069444 0.0416268390625
2 0.841768096875 0.667998009722 0.383471491667 0.314093425
0 0.472172219531 0.339468340278 0.0403654222222 0.0088299359375
0 0.349183830078 0.302670571528 0.0426079430556 0.0126141929687
0 0.339092475781 0.306034357639 0.0358803736111 0.0151370328125
1 0.142941761719 0.334065897917 0.0201827097222 0.021444128125
1 0.147987439844 0.316125710417 0.0201827097222 0.021444128125
1 0.158709505859 0.37555258125 0.0224252319444 0.0302740648438
1 0.189614280469 0.428251879861 0.0156976625 0.013875615625
1 0.558178074609 0.415988079167 0.0134551388889 0.0113527726562
3 0.247238197656 0.511295320833 0.0650331777778 0.01261419375
0 0.461227789844 0.339089375694 0.0296703208333 0.008344778125
2 0.362282569922 0.5054551 0.0402668638889 0.0107289992188
2 0.421888124219 0.510753371528 0.0169544680556 0.008344778125
2 0.413543346484 0.508634063194 0.0169544680556 0.0107289992187
2 0.405198569141 0.509693717361 0.0190737763889 0.00834477734375
1 0.550516921094 0.438696879861 0.0127158513889 0.0143053328125
2 0.530251032812 0.505455100694 0.0317896291667 0.0166895546875
3 0.548371099219 0.521349914583 0.0593406402778 0.0095368890625
0 0.165703441016 0.413265176389 0.0296703194444 0.0143053335938
0 0.561961158594 0.456711002778 0.0190737777778 0.0143053328125
