2 0.129726517188 0.544687309028 0.0693749763889 0.0949218421875
2 0.402890483984 0.509999822917 0.0337499902778 0.0295312414063
2 0.375468619141 0.510937320833 0.0168749944444 0.0253124929687
2 0.343828003906 0.510937322917 0.0318749902778 0.0295312390625
2 0.311132703906 0.524062315278 0.0281249888889 0.0316406140625
2 0.26894521875 0.509062321528 0.0281249875 0.0253124921875
2 0.0462091929687 0.532858615972 0.0395223708333 0.0721128046875
2 0.46880843125 0.500624825694 0.0374999847222 0.02214843125
2 0.547000294531 0.505687321528 0.0281249902778 0.02214843125
2 0.442462237109 0.515331850694 0.0524999819444 0.0379687367187
2 0.510489558594 0.526581845833 0.0974999666667 0.05800779375
1 0.531055955469 0.432831878472 0.0187499930556 0.0105468703125
1 0.701894285156 0.411562354861 0.0281249875 0.0094921828125
