1 0.58791153125 0.512256398611 0.0179401861111 0.034058321875
1 0.565836691797 0.531317847222 0.03363785 0.0782080007812
1 0.355179655469 0.4856664875 0.0179401861111 0.0277512265625
1 0.375993075 0.526031908333 0.0717607472222 0.069378065625
1 0.276340944141 0.490151533333 0.0179401861111 0.0290126460937
1 0.293370105859 0.526031906944 0.0583056083333 0.0655938070312
1 0.563403956641 0.62278076875 0.0224252319444 0.0113527742187
5 0.0328870050781 0.601156439583 0.100913548611 0.0618095492188
2 0.0581153925781 0.657539881944 0.0605481277778 0.112266324219
2 0.168489587891 0.647448525694 0.0627906541667 0.116050582031
4 0.237867653516 0.628387077778 0.0605481305556 0.103436388281
2 0.263096041016 0.648569788194 0.0470929902778 0.0555024523437
2 0.296523654688 0.655297357639 0.0291528041667 0.02648980625
2 0.380408043359 0.658661142361 0.0313953263889 0.0302740648438
2 0.410051398828 0.65641861875 0.0224252319444 0.0239669679688
2 0.431495527734 0.656418620139 0.0179401875 0.0163984507813
2 0.514118496484 0.649691049306 0.0134551402778 0.0151370320313
2 0.520425594531 0.659782404861 0.0201827097222 0.017659871875
2 0.550068949219 0.672116281944 0.0269102777778 0.018921290625
2 0.572233892187 0.673237543056 0.0426079444444 0.0340583234375
2 0.5948493375 0.679965113889 0.0426079416667 0.03784258125
2 0.662335274219 0.6979053 0.0695182222222 0.0668552265625
2 0.887588735937 0.740513245139 0.145764018056 0.200565679688
2 0.483844432031 0.700147822917 0.0964285041667 0.0655938078125
2 0.337519784375 0.700147825 0.118853738889 0.093345034375
