0 0.263099778125 0.0506658451389 0.101331690278 0.0291737234375
0 0.0927767171875 0.0254963590278 0.0509927180556 0.031747875
0 0.130530947266 0.0220096729167 0.0335593152778 0.0214512664063
1 0.323592351562 0.140229989583 0.0472881263889 0.081514815625
0 0.443290421484 0.288631905556 0.0777965944444 0.0188771164063
0 0.450154826953 0.387784430556 0.0320338916667 0.0188771164063
0 0.641929155469 0.247445474306 0.0991525236111 0.035180078125
0 0.693841221094 0.264987843056 0.073220325 0.0223093171875
0 0.659090169141 0.367953925 0.047288125 0.0163029632813
1 0.678028587109 0.0819370305556 0.0701694777778 0.0291737226562
1 0.6784576125 0.133801428472 0.0823728680556 0.043760584375
1 0.457938586328 0.351936979167 0.0274576222222 0.0386122804688
1 0.406455546094 0.378631888889 0.0686440527778 0.0283156734375
3 0.656086991797 0.525835252778 0.155593191667 0.0497669398438
2 0.932563193359 0.497832843056 0.294406725 0.131281755469
6 0.0397384660156 0.470375220139 0.288305029167 0.0794769320313
8 0.0400066 0.542070122222 0.254745716667 0.0789406625
2 0.317264240625 0.504152446528 0.0122033875 0.00772245625
2 0.335444182812 0.505187559028 0.0142736125 0.0080442125
2 0.320589173828 0.508510805556 0.0137288111111 0.00686440546875
1 0.427952778906 0.443898220833 0.0198305055556 0.0137288109375
