2 0.0565242976562 0.464322202778 0.149691933333 0.113048595312
2 0.541463790625 0.462526597222 0.295792658333 0.195691017188
2 0.397619199609 0.399871509722 0.101180658333 0.0701680960937
2 0.327061283594 0.388783216667 0.08177615 0.053795540625
2 0.15670874375 0.432443367361 0.130287426389 0.118506117187
0 0.313807310156 0.222458845833 0.0346509027778 0.0116946828125
0 0.441669169922 0.221072809722 0.0429671277778 0.0179318445313
0 0.326281638281 0.224537899306 0.0360369486111 0.0116946859375
1 0.145107147266 0.297394247222 0.0224320222222 0.0172063804688
1 0.155430975391 0.314728084028 0.0163141986111 0.0286773023438
