1 0.599375194531 0.37898410625 0.0398437236111 0.0171386609375
1 0.552573467578 0.393046598611 0.0210937361111 0.00791015078125
2 0.481382111328 0.422343453472 0.0234374819444 0.0131835851562
2 0.474131139844 0.429374697222 0.0281249805556 0.0197753765625
2 0.458310838281 0.445780936806 0.0374999736111 0.0250488109375
2 0.436557923828 0.448124685417 0.0468749680556 0.0316406039062
2 0.433262026953 0.458671552778 0.0445312194444 0.0276855273437
2 0.4115091125 0.462187174306 0.0609374569444 0.02636716875
2 0.39305209375 0.463359051389 0.0726562027778 0.031640603125
2 0.35020544375 0.486796534028 0.100781181944 0.046142546875
2 0.357456415234 0.468046546528 0.0960936819444 0.0606444898438
2 0.535434808594 0.418827830556 0.0164062361111 0.0105468671875
2 0.542026601172 0.429374697917 0.0234374847222 0.0184570179688
2 0.544663317578 0.442265313889 0.035156225 0.0131835835938
2 0.55455100625 0.441093439583 0.0468749680556 0.02241209375
2 0.573667203906 0.451640309028 0.0632812069444 0.039550753125
5 0.635630051953 0.469218419444 0.149999897222 0.0949218085937
2 0.518955326953 0.422343452778 0.0281249805556 0.0224120945312
2 0.709458126562 0.499687148611 0.192187369444 0.147656148438
2 0.120720435156 0.552421488889 0.217968602778 0.241440870312
2 0.0264578042969 0.647343297917 0.182812373611 0.0529156085937
2 0.952036084766 0.741093233333 0.314062283333 0.0949218101562
