0 0.467530983594 0.362689204167 0.027433575 0.0110054375
0 0.58508906875 0.356087040972 0.0213438791667 0.0080039546875
0 0.523558667578 0.402332111111 0.0142292527778 0.00700346015625
0 0.577085114062 0.394328156944 0.0160079083333 0.0080039546875
0 0.560576958203 0.416561363889 0.0142292527778 0.00700346015625
0 0.4850396375 0.435237258333 0.0195652222222 0.0080039546875
2 0.526059903516 0.449466511111 0.0231225361111 0.0120059320313
2 0.475034692578 0.459249122222 0.0284585055556 0.0220108757812
2 0.444519616406 0.465474420833 0.0444664138889 0.04102026875
2 0.380487978906 0.470810389583 0.0693676041667 0.073036084375
2 0.353474631641 0.490375613194 0.0551383541667 0.0470232335937
2 0.304450410156 0.492154269444 0.0907114861111 0.0830410296875
2 0.0973480855469 0.543735309028 0.158300434722 0.175086507031
2 0.0249123027344 0.596205678472 0.131620584722 0.0498246054687
2 0.694643197266 0.453023824306 0.0586956680556 0.0450222445312
2 0.807198809375 0.470810390278 0.101383425 0.0780385578125
2 0.897243297656 0.459249122222 0.142292527778 0.126062285938
2 0.968278394922 0.472589046528 0.168972376389 0.0620306476563
2 0.572582890234 0.448577183333 0.0142292527778 0.0150074148438
2 0.588090551953 0.447660770139 0.0337403069444 0.0140069210937
1 0.380527688672 0.363749743056 0.0187499861111 0.0171386601562
1 0.373935896484 0.347343504167 0.0187499861111 0.0145019429688
1 0.703525513281 0.363749743056 0.0187499861111 0.0197753765625
