0 0.525314448047 0.285123548611 0.135971330556 0.0218525351562
0 0.494584319922 0.283909517361 0.1432555125 0.0286814523438
0 0.543752525 0.289979663889 0.126259097222 0.0204867515625
0 0.0486560148437 0.740731577083 0.0509892513889 0.0273156703125
0 0.734962211328 0.712808893056 0.0534173083333 0.0423392882813
0 0.490486968359 0.778366500694 0.0291367152778 0.00956048359375
0 0.441318765234 0.79293485625 0.0194244763889 0.00682891796875
1 0.704232082422 0.663380545833 0.0412770138889 0.0218525351563
1 0.718572809766 0.603893086806 0.0339928319444 0.0396077210937
1 0.624333750781 0.727724122917 0.0679856680556 0.0341445875
2 0.417417553906 0.861787680556 0.05098925 0.0300472375
2 0.406491285547 0.865429770833 0.0437050722222 0.0245841023438
2 0.403759717969 0.869071857639 0.0412770125 0.0163894015625
2 0.382590075391 0.873927975694 0.0655576069444 0.0368761539063
2 0.373712483594 0.878784095139 0.0607014875 0.0273156703125
2 0.360737539844 0.882426184722 0.0679856666667 0.0259498859375
2 0.3422994625 0.887976049306 0.0825540236111 0.0245841046875
2 0.307471983594 0.889190079861 0.123831034722 0.0614602546875
2 0.248743294141 0.917112763889 0.131115213889 0.110628460156
2 0.505510587891 0.858492465278 0.03884895 0.0150236179688
2 0.514388180859 0.860920522222 0.0582734277778 0.0191209679687
2 0.52463155625 0.869418730556 0.0752698444444 0.0314130203125
2 0.534192041016 0.863348584722 0.0922662583333 0.0259498867188
2 0.577897110937 0.876702911806 0.138399393056 0.09970219375
2 0.48024359375 0.864562613194 0.0704137263889 0.040973503125
0 0.0843208785156 0.744319946528 0.0398588097222 0.0185213492188
