2 0.0857830898438 0.55109136875 0.0970475375 0.113077709375
2 0.190574933984 0.562355815278 0.0779846277778 0.0692113570312
2 0.242239749219 0.570154278472 0.0623877013889 0.0399671203125
2 0.278795043359 0.575353252778 0.0415918 0.0350930820313
2 0.300240816406 0.582285220833 0.0346598333333 0.013647309375
2 0.314862934375 0.58488470625 0.0294608597222 0.013647309375
2 0.0355804867187 0.512965550694 0.0797176180556 0.0711609734375
2 0.328022839844 0.591816674306 0.0259948763889 0.0165717328125
2 0.34556938125 0.595282657639 0.0190629097222 0.0107228859375
2 0.353855248047 0.586617698611 0.0225288916667 0.0116976945313
2 0.365552942578 0.584884708333 0.015596925 0.00779846171875
2 0.712584535938 0.770314820833 0.244351833333 0.232004267187
2 0.602918651953 0.662869336111 0.0502567611111 0.0633625101563
2 0.514698541797 0.65333788125 0.0866495847222 0.0623877023438
2 0.482529883594 0.634274971528 0.0554557347222 0.0311938515625
2 0.465958149609 0.627343004861 0.0450577847222 0.0155969257813
2 0.456210071484 0.623010524306 0.0294608597222 0.0155969257813
2 0.448411608594 0.614345566667 0.0294608583333 0.01949615625
2 0.435251702344 0.610879582639 0.0190629069444 0.0107228859375
2 0.401620832812 0.599615136806 0.0277278680556 0.0136473109375
2 0.387973522266 0.587484194444 0.0173299166667 0.0116976929688
2 0.42940285625 0.588350690278 0.0121309444444 0.0107228859375
2 0.569287782031 0.642073431944 0.0294608583333 0.01949615625
2 0.407957083984 0.577952740278 0.0121309416667 0.00877327109375
