1 0.648266439063 0.578190790972 0.0408552652778 0.0239802625
1 0.621288641016 0.574638161111 0.0373026333333 0.0259786179687
1 0.580821946875 0.568421054861 0.0497368430556 0.0509580609375
1 0.4249502375 0.575526317361 0.0355263180556 0.024979440625
2 0.713212985547 0.670559211806 0.0337500013889 0.0379687507813
2 0.595809612891 0.639473688194 0.0213157902778 0.0149876648438
2 0.525867179297 0.602171055556 0.0177631583333 0.0109909539062
2 0.535858953906 0.604835528472 0.0159868402778 0.0089925984375
2 0.542853198438 0.607500004167 0.014210525 0.0109909546875
2 0.588815369922 0.660789476389 0.0461842083333 0.0269777960938
2 0.194639791797 0.613717108333 0.0301973694444 0.0319736835937
2 0.431444891406 0.609276320833 0.0177631583333 0.0139884875
2 0.416956815625 0.607500004167 0.014210525 0.0149876640625
2 0.404966683203 0.602171055556 0.0177631583333 0.0129893070313
2 0.415957638672 0.668782896528 0.0941447375 0.0229810867188
2 0.297555087891 0.735394740278 0.37657895 0.255789475781
2 0.778659119922 0.693651319444 0.0408552638889 0.0489597054687
5 0.879076472266 0.690098688194 0.1474342125 0.185847041406
