2 0.435585785156 0.139062431944 0.0131249916667 0.0316406140625
2 0.387070176953 0.157812427778 0.0431249861111 0.0147656195313
2 0.37757799375 0.166249921528 0.0487499819444 0.01687499375
2 0.191953059375 0.184999915972 0.123749954167 0.0464062359375
2 0.429257662109 0.21218740625 0.140624951389 0.0822655960937
2 0.545273247656 0.222499902083 0.273749904167 0.191953057813
4 0.407636576562 0.128124917361 0.0224999930556 0.0242578046875
4 0.528398252344 0.0953124284722 0.1668749375 0.16031244375
5 0.390234239062 0.129999914583 0.0187499930556 0.0105468703125
5 0.291093648047 0.146249948611 0.292499897222 0.172968689844
2 0.112324180078 0.30281239375 0.545624809722 0.222538983594
3 0.677636481641 0.168749940972 0.0412499847222 0.0200390554688
3 0.652851333984 0.173437439583 0.0506249819444 0.0126562460937
2 0.793652066406 0.315937390278 0.556874805556 0.410273295313
3 0.162421818359 0.147187448611 0.0318749888889 0.0126562460938
