0 0.274451355469 0.420732404861 0.0233858375 0.01315453125
0 0.429316063672 0.424133976389 0.0233858333333 0.0119586648437
0 0.414367732813 0.471968636111 0.0170078777778 0.008371065625
0 0.410182200781 0.490039505556 0.0191338638889 0.0071752
1 0.455027192969 0.484724543056 0.0170078777778 0.008371065625
1 0.247544359766 0.448582801389 0.0127559083333 0.0143503976563
2 0.381361829687 0.518740300694 0.0212598486111 0.015546265625
2 0.353976476172 0.521929278472 0.0148818930556 0.0191338617187
2 0.31989428125 0.524055265972 0.0233858375 0.0227214625
2 0.299564552344 0.526181248611 0.0233858333333 0.0179379984375
2 0.2104725 0.533622195833 0.0510236388889 0.045442928125
2 0.158452307422 0.540000147917 0.0680315152778 0.0538139914063
2 0.101648650391 0.548504088889 0.080787425 0.0621850570312
2 0.2822244875 0.525118255556 0.0340157583333 0.0287007953125
2 0.0448449925781 0.577204885417 0.112677195833 0.0896899851562
2 0.404202867578 0.516614315278 0.0170078777778 0.0119586648438
2 0.42333673125 0.513425340278 0.0233858333333 0.00956693125
2 0.434099530469 0.514488330556 0.0212598472222 0.0119586640625
2 0.446058194531 0.51448833125 0.0297637875 0.0191338640625
2 0.459810658594 0.518740302083 0.0297637902778 0.0227214625
2 0.481934188281 0.514488332639 0.0510236375 0.0287007953125
2 0.498078385547 0.515551324306 0.0574015902778 0.0275049273438
2 0.521995716406 0.520866284722 0.0680315111111 0.0370718609375
2 0.554284110156 0.526181248611 0.0829134083333 0.0681643890625
2 0.592551838281 0.542126132639 0.110551206944 0.101648651562
2 0.676860423828 0.563385983333 0.16157485 0.148287442969
2 0.86606375 0.578589918056 0.347179611111 0.263773645313
