1 0.884229595312 0.0544479340278 0.0911392041667 0.0560126359375
1 0.891349846094 0.153182072222 0.0691982861111 0.041772134375
1 0.522046198828 0.316051204861 0.0540084180556 0.0265822664062
1 0.446571545703 0.289890876389 0.0624472305556 0.0313291007812
1 0.354957658594 0.223224236806 0.0371307847222 0.0227848
1 0.343090575391 0.270481603472 0.0506328902778 0.0484177007812
2 0.614556722656 0.359212230556 0.0219409194444 0.0151898671875
2 0.604113689453 0.367651045139 0.0219409180556 0.00949366796875
2 0.572309904297 0.360899993056 0.0354430222222 0.0370253007812
2 0.588449137891 0.361743875 0.0135021027778 0.0180379679687
2 0.636866840234 0.351617298611 0.0270042083333 0.0332278351563
2 0.665822525 0.334739667361 0.0405063125 0.03227846875
2 0.696676942578 0.329676378472 0.0506328902778 0.0389240351563
2 0.727531361328 0.333051903472 0.0708860458333 0.0436708679687
2 0.757436410938 0.333895785417 0.0860759152778 0.0503164359375
2 0.495885885547 0.374402097917 0.0354430236111 0.0436708695313
2 0.57455835 0.441086320139 0.136708806944 0.0920885703125
2 0.816172175391 0.333913365972 0.101265781944 0.100632871094
1 0.0435655804687 0.446901398611 0.0625423611111 0.0403283828125
