0 0.288242595312 0.425859075 0.0210937361111 0.0092285078125
0 0.366684924609 0.430546571528 0.0257812319444 0.0105468679687
0 0.545322496484 0.434062193056 0.0234374833333 0.00922851015625
0 0.586850789453 0.430546572222 0.0210937361111 0.0105468679688
0 0.629697439062 0.43523406875 0.0210937347222 0.009228509375
0 0.2440775875 0.425859075 0.0210937361111 0.01054686875
0 0.205845191016 0.425859075 0.0164062388889 0.0158203023437
1 0.277695728906 0.427030949306 0.0187499875 0.009228509375
1 0.299448642578 0.427030949306 0.0187499875 0.0105468679688
1 0.316587302734 0.429374697917 0.0187499875 0.0105468679688
1 0.331089245703 0.427030949306 0.0187499875 0.0105468679688
1 0.520932864844 0.428202823611 0.0210937361111 0.00791015
1 0.508408460156 0.427030949306 0.0187499875 0.0118652265625
1 0.481382110938 0.430546572222 0.0210937361111 0.00791015
1 0.466880169141 0.431718445833 0.0187499888889 0.0105468679688
1 0.599375194922 0.487968407639 0.0187499875 0.00922851015625
1 0.646836099219 0.489140281944 0.0210937361111 0.009228509375
1 0.387778660156 0.485624659028 0.0187499875 0.0105468671875
1 0.340317754687 0.483280911111 0.0187499888889 0.01054686875
1 0.296152746875 0.483280911111 0.0187499888889 0.011865225
1 0.857114275391 0.471562168056 0.0421874694444 0.0210937367187
1 0.439853819531 0.445780936806 0.0187499875 0.027685528125
1 0.476108677344 0.445780936806 0.0187499875 0.031640603125
1 0.513022715234 0.446952811111 0.0164062388889 0.0316406039063
1 0.400303065625 0.445780936111 0.0140624888889 0.0303222453125
1 0.367344103125 0.444609063194 0.0164062402778 0.0303222453125
1 0.322519916016 0.448124684722 0.0140624888889 0.0276855273438
1 0.288901775 0.445780936111 0.0140624888889 0.0290038859375
1 0.246055124609 0.446952811111 0.0164062388889 0.0329589617187
1 0.203867652734 0.444609063194 0.0164062402778 0.0355956789062
2 0.365366566016 0.510234015972 0.0351562263889 0.0237304523437
2 0.420078442187 0.511405890972 0.0562499625 0.0329589625
2 0.848544944922 0.531327752778 0.0726562 0.0830565835937
2 0.217051238672 0.503202770833 0.0210937361111 0.0171386601562
2 0.443808894922 0.508827776389 0.0210937361111 0.0145019429688
