2 0.429722091797 0.486849072222 0.0146420777778 0.0115306351563
2 0.405425395313 0.483188553472 0.0131778680556 0.0057653171875
2 0.317298391797 0.463421747222 0.0146420777778 0.0107070195313
2 0.32718179375 0.46708226875 0.0102494541667 0.009059784375
2 0.442488153906 0.485384865278 0.0175704916667 0.0140014859375
2 0.415308796484 0.483920657639 0.0292841541667 0.0156487195313
2 0.315239349609 0.489045384722 0.0248915305556 0.0181195710937
2 0.155045872266 0.499294838194 0.0424620263889 0.0222376554688
2 0.136102685937 0.509544291667 0.0629609333333 0.0469461609375
2 0.0167811933594 0.53370371875 0.0732103847222 0.0335623867187
2 0.0702133363281 0.5322395125 0.117136616667 0.122718911719
2 0.241937449219 0.509544291667 0.0453904388889 0.0477697765625
2 0.295884353516 0.486116968056 0.0366051944444 0.0288265898437
2 0.185519695703 0.502955357639 0.0527114763889 0.0502406273438
5 0.218052560547 0.474403305556 0.0863882555556 0.0411808429687
5 0.252644469922 0.4612254375 0.0219631166667 0.0247085054688
1 0.275293932813 0.341892506944 0.0380694027778 0.0222376546875
1 0.407896244922 0.341892506944 0.0702819694444 0.0420044585938
1 0.470079317969 0.341160403472 0.0746745930556 0.0428280765625
1 0.375775188672 0.447315463194 0.0263557402778 0.0123542523438
1 0.356420192187 0.448047567361 0.0248915319444 0.0131778703125
1 0.494376014063 0.442190734722 0.0161062833333 0.0172959546875
