3 0.163097778906 0.512332252083 0.0870165680556 0.0195787265625
3 0.140722089062 0.517304629167 0.101933697222 0.0223756890625
3 0.112752476172 0.516061535417 0.104419884722 0.0223756882813
3 0.06730185625 0.526006284028 0.114364631944 0.0293680921875
1 0.575125147266 0.421408818056 0.0124309388889 0.0195787289062
1 0.989075404687 0.166574578472 0.0596685069444 0.0195787296875
1 0.544358573438 0.445027603472 0.0198895013889 0.01118784375
2 0.496810234375 0.471132577778 0.0298342555556 0.0167817671875
2 0.477231505859 0.471132577778 0.0174033138889 0.0111878445312
2 0.468840622266 0.469889482639 0.0149171236111 0.0111878445312
2 0.461148978516 0.474861859028 0.0149171291667 0.0153832851563
2 0.442968731641 0.477348043056 0.024861875 0.0153832867187
2 0.429683164453 0.477348043056 0.024861875 0.0195787289063
2 0.416397599219 0.488535888889 0.0273480638889 0.0265711328125
2 0.339481165625 0.495994453472 0.0795580069444 0.062931628125
2 0.534569209375 0.477348045833 0.0348066305556 0.0251726515625
2 0.547854774609 0.494751358333 0.0497237527778 0.0181802460937
2 0.570230464453 0.494751359722 0.0696132583333 0.0349620132812
2 0.577922107031 0.505939204861 0.0671270708333 0.03915745625
2 0.621275007422 0.509668484722 0.149171263889 0.0755179539062
2 0.72046515 0.530801079167 0.231215461111 0.191591842188
