0 0.408213216406 0.210937354861 0.0187499875 0.0118652265625
0 0.196616682422 0.220312348611 0.0187499861111 0.00791015078125
0 0.188047352344 0.222656097222 0.0234374833333 0.0065917921875
2 0.353501339844 0.2003904875 0.0210937361111 0.0105468671875
2 0.343613651563 0.201562361806 0.0187499875 0.009228509375
2 0.366684924609 0.206249858333 0.0234374833333 0.0105468679687
2 0.322519916016 0.212109229167 0.0164062388889 0.0118652257813
2 0.30735879375 0.210937354861 0.0187499875 0.013183584375
2 0.35416051875 0.2179686 0.0234374833333 0.0092285078125
2 0.342954471875 0.223827971528 0.0257812319444 0.0158203015625
2 0.330430066797 0.239062336111 0.0328124777778 0.0224120945312
2 0.360752311328 0.241406084028 0.0234374847222 0.0197753773437
2 0.321860736719 0.260156070833 0.0328124777778 0.02636716875
2 0.322519916016 0.285937303472 0.0656249541667 0.0276855273438
2 0.284287520703 0.289452926389 0.0960936833333 0.0645995664062
3 0.296152746484 0.228515468056 0.0257812333333 0.0118652257813
3 0.238804153516 0.234374838889 0.0281249805556 0.00791015078125
3 0.224302209766 0.232031090278 0.0281249805556 0.0105468679688
3 0.275718190234 0.226171719444 0.0257812333333 0.00791015078125
3 0.397007169141 0.230859216667 0.0398437222222 0.00791015078125
3 0.575644741797 0.287109177778 0.0914061861111 0.0171386601562
3 0.928305632422 0.266015441667 0.157031141667 0.0738280742187
2 0.362729849219 0.262499819444 0.0234374833333 0.0290038859375
2 0.392392914453 0.262499819444 0.0328124777778 0.0329589617188
2 0.427988593359 0.258984197222 0.035156225 0.0461425460937
2 0.412168291406 0.411327841667 0.307031038889 0.206982278125
2 0.87557129375 0.484218413889 0.438749691667 0.247851392187
2 0.140586447266 0.342187264583 0.281249806944 0.201708846094
3 0.211118625391 0.256640448611 0.0445312194444 0.0131835851562
1 0.110264202344 0.1453124 0.0187499861111 0.0250488109375
1 0.100376513672 0.164062386806 0.0187499875 0.0263671695312
1 0.400303065625 0.180468626389 0.0328124777778 0.0118652265625
3 0.966538027734 0.252421694444 0.100781180556 0.0237304523437
