2 0.473916248047 0.453967491667 0.0374055611111 0.0292177992187
2 0.511382912891 0.468419641667 0.0833123861111 0.0430376476563
2 0.536822951953 0.469269766667 0.0986146638889 0.0545143554687
2 0.586555346484 0.482021661806 0.107115923611 0.0545143554687
2 0.326034107422 0.448866734028 0.0204030319444 0.0219970210937
2 0.0291699617188 0.457367999306 0.0340050597222 0.0296481578125
2 0.268268008594 0.452267239583 0.0340050569444 0.0353865109375
2 0.666796645703 0.506675327778 0.153022752778 0.154935536719
2 0.420166995703 0.452479770139 0.0310296152778 0.0285483132812
2 0.39011236875 0.446316354861 0.0221032875 0.0200842359375
2 0.357403757031 0.460768500694 0.0204030319444 0.0200842359375
0 0.327325227344 0.377881179861 0.0272040430556 0.0162586671875
0 0.400489229297 0.361728778472 0.0221032847222 0.0114767054688
1 0.573118019531 0.392333329167 0.0323048027778 0.0133894890625
1 0.506648762891 0.402344052778 0.0455252361111 0.0200842382812
