2 0.0616309585937 0.523073378472 0.184532523611 0.1188231625
2 0.891344419531 0.541283825 0.332644152778 0.213062221875
2 0.141529292187 0.480582338194 0.109262676389 0.0983364109375
2 0.721304376953 0.507290991667 0.167536105556 0.176186069531
2 0.315666685156 0.483010395833 0.0898382 0.0751180921875
2 0.358005972266 0.483010395833 0.0752698472222 0.0341445867188
2 0.398296585156 0.467228009722 0.0485611888889 0.0355103703125
2 0.267181371484 0.589845013194 0.288939081944 0.207599088281
0 0.237817026172 0.374961748611 0.0242805944444 0.00956048359375
0 0.273327397266 0.344611004861 0.0315647736111 0.00956048359375
0 0.396247909766 0.3786038375 0.0267086555556 0.00682891796875
1 0.177722553125 0.315474290972 0.0315647736111 0.0204867515625
5 0.266498479297 0.433928922222 0.0242805972222 0.0368761539063
1 0.782764633203 0.326400558333 0.121402975 0.0559971226562
1 0.026704340625 0.291193696528 0.0315647736111 0.0220508140625
3 0.611358807031 0.481796367361 0.0776979041667 0.0163894015625
3 0.522582880859 0.46479995 0.0679856666667 0.00819470078125
3 0.535557824219 0.453873682639 0.0607014875 0.009560484375
4 0.564239277344 0.446589502083 0.0704137263889 0.0641918234375
3 0.447464789844 0.467228009722 0.0339928333333 0.0054631328125
1 0.237134134766 0.34825309375 0.0194244763889 0.0109262679687
1 0.385321641797 0.402884433333 0.0169964166667 0.0286814523438
1 0.422394957812 0.37825734375 0.0198305041667 0.012012709375
1 0.437839870312 0.379782767361 0.0228813513889 0.0137288109375
3 0.577273106641 0.474359020139 0.0411864319444 0.0128707601563
3 0.509058076953 0.472070884722 0.0671186305556 0.0120127101562
