2 0.114186946094 0.418019209028 0.0313004069444 0.020668475
2 0.101173460156 0.422782311806 0.0244959708333 0.0145444828125
2 0.0850979808594 0.417338763194 0.0353830680556 0.0237304710937
2 0.183081864844 0.410534329167 0.0217742 0.020668475
2 0.177723371094 0.4241432 0.0381048444444 0.0329164609375
2 0.234370302734 0.445917396528 0.0870967819444 0.0528194367188
2 0.023475303125 0.449773244444 0.129284288889 0.0459299453125
2 0.0617502574219 0.426638163194 0.0313004097222 0.0260269695313
2 0.138300166797 0.43344259375 0.0612399263889 0.0489919414062
2 0.0205408921875 0.499672445139 0.191885104167 0.041081784375
2 0.315513208594 0.460433528472 0.206854865278 0.161520310938
0 0.0227098023437 0.371522226389 0.0108870972222 0.010716984375
0 0.0567745136719 0.342943593056 0.0190524222222 0.00688949140625
0 0.132176174219 0.347933511111 0.0163306472222 0.006123990625
1 0.319723453125 0.325252057639 0.0462701652778 0.030619965625
1 0.320106201172 0.36131556875 0.0204133041667 0.0176064789063
1 0.255038779297 0.351789359028 0.0176915347222 0.0130134851563
0 0.155141146875 0.346572625694 0.0163306458333 0.0061239921875
