2 0.344510648047 0.517270444444 0.0498516694444 0.0267062507813
2 0.322477989453 0.524392111111 0.0498516694444 0.0360534398437
2 0.297774706641 0.531513780556 0.0593472277778 0.0427300039063
2 0.266394861328 0.541009334722 0.0640950027778 0.0467359414063
2 0.219658920312 0.539822391667 0.0902077833333 0.0600890671875
2 0.126854695703 0.549317947222 0.1519289 0.149555010156
2 0.0280415648437 0.581365448611 0.144807230556 0.0560831296875
2 0.417952840625 0.499941047222 0.0189911111111 0.0186943765625
2 0.434644247266 0.498754103472 0.0166172236111 0.0120178132812
2 0.447997372266 0.501127992361 0.0213650013889 0.00934718828125
2 0.458679873047 0.503501882639 0.0213650013889 0.0200296882813
2 0.483383156641 0.483323824306 0.0237388902778 0.0320475023437
1 0.486721438672 0.527240772917 0.0688427819444 0.0520771914063
2 0.720401139844 0.519090413889 0.223145569444 0.3805640875
2 0.392581900391 0.515812172917 0.0617211152778 0.0480712523438
1 0.536795659766 0.3983385875 0.037982225 0.0106825007812
1 0.488908007812 0.454599752083 0.0118694458333 0.0106825
0 0.420807065625 0.4795255875 0.0189911111111 0.008011875
1 0.358047374219 0.458160585417 0.0142433347222 0.0106825
1 0.344694248438 0.461721420139 0.0166172236111 0.0106825
