2 0.584397303516 0.466174775694 0.0173299180556 0.0146221179688
2 0.597557208984 0.470507253472 0.0225288930556 0.0116976929687
2 0.606817884766 0.467907764583 0.0277278680556 0.00877327109375
2 0.618028173438 0.469640756944 0.0311938527778 0.009748078125
2 0.632162888281 0.473973235417 0.0398588097222 0.0263198125
5 0.72915626875 0.489570163194 0.0953145430556 0.097480784375
2 0.893555766016 0.511304739583 0.100657881944 0.0936056132813
2 0.510311907422 0.461842294444 0.0155969277778 0.0107228867187
2 0.283669083203 0.441912889583 0.0242618819444 0.0253450039062
2 0.264172926172 0.442779386806 0.0259948763889 0.0214457726563
2 0.24467676875 0.445378872917 0.0207958986111 0.025345003125
2 0.213482917969 0.441046395139 0.0259948763889 0.0194961578125
2 0.176927624219 0.446245369444 0.025994875 0.034118275
2 0.131599060156 0.436713914583 0.0277278680556 0.0389923140625
