2 0.452460779297 0.455758766667 0.0243749916667 0.0168749945313
2 0.439804533203 0.455758766667 0.0243749916667 0.0168749929688
2 0.428202974609 0.463258761806 0.0356249875 0.0168749929688
2 0.411327980469 0.463660553472 0.0337499875 0.0295312390625
5 0.362812372656 0.449598058333 0.0581249805556 0.0316406125
2 0.334863164063 0.458035555556 0.071249975 0.0411327984375
2 0.297421771094 0.460848053472 0.0843749680556 0.0590624796875
2 0.246269444922 0.475848049306 0.0843749708333 0.0917577804687
2 0.0543163871094 0.504642679167 0.168749941667 0.108632774219
2 0.49939435625 0.456562325694 0.0206249930556 0.009492184375
2 0.530507626953 0.462187322917 0.0318749875 0.0147656195312
2 0.539999811328 0.465937322222 0.0318749888889 0.0126562460938
2 0.554765430859 0.463124822917 0.0412499847222 0.0253124914063
2 0.601171664453 0.474374819444 0.0637499777778 0.0295312398437
2 0.629648217188 0.474374819444 0.0862499694444 0.05273435625
2 0.684491947656 0.492455184722 0.129374955556 0.1033593375
2 0.884129161719 0.570535516667 0.232499919444 0.227812420313
1 0.578495891016 0.426428419444 0.0224999916667 0.0116015585937
3 0.186152278516 0.460178408333 0.0899999694444 0.0200390554688
