2 0.301390878516 0.664445928472 0.0409568347222 0.0318990757813
2 0.247339667578 0.679410925694 0.0866394597222 0.0903807132812
2 0.196832798828 0.69201303125 0.0582847319444 0.0425321007812
2 0.421012410938 0.662083036111 0.03623105 0.0159495375
2 0.403733745703 0.661295401389 0.0598599944444 0.0203799648437
2 0.0670212839844 0.67862329375 0.198483134722 0.130254560156
5 0.195060628516 0.659720138889 0.116569461111 0.0903807132812
2 0.615951203516 0.649480930556 0.0393815722222 0.0194938773438
2 0.684179783203 0.702252239583 0.135472615278 0.131140641406
2 0.455569742969 0.672322242361 0.0819136763889 0.0531651265625
2 0.465759725781 0.640816984028 0.0283547347222 0.0239243046875
2 0.543292197656 0.694375925694 0.2079347125 0.159495378125
2 0.362530771875 0.671534614583 0.124445773611 0.081519859375
2 0.0904416300781 0.721943027083 0.178004715278 0.180883260156
1 0.679749355078 0.5258227875 0.0346557833333 0.0212660492188
2 0.834194046875 0.656569611806 0.0693115708333 0.11253285
5 0.77888753125 0.633255716667 0.07876315 0.049620784375
5 0.937496822656 0.746674649306 0.258343126389 0.120507617187
2 0.911800342187 0.634830979167 0.0315052611111 0.0389877578125
5 0.539644465625 0.585997827778 0.0346557861111 0.044304271875
