1 0.407391611719 0.458667504861 0.0478428708333 0.01053063125
1 0.509772751953 0.540832430556 0.00832049722222 0.0117007023438
1 0.871324433203 0.462827753472 0.0478428680556 0.0117007023438
1 0.606888575391 0.534592058333 0.0208012472222 0.00702042109375
0 0.524398628125 0.512750749306 0.0187211208333 0.0058503515625
0 0.477010787109 0.512750749306 0.0187211208333 0.00936056171875
3 0.441908683203 0.513790809722 0.0124807472222 0.00936056171875
3 0.429622945703 0.515870935417 0.0166409986111 0.00585035078125
3 0.420847418359 0.516910997222 0.014560875 0.00936056171875
3 0.397446015234 0.55435324375 0.0395223708333 0.00936056171875
3 0.367024191797 0.575154490278 0.0811248638889 0.00936056171875
3 0.374629647266 0.572034303472 0.0873652375 0.0105306304688
3 0.382235102734 0.576194554861 0.0998459875 0.0163809820312
3 0.323731594922 0.586595175 0.133127983333 0.0304218242187
3 0.234806262109 0.596995800694 0.208012473611 0.0538232273438
2 0.502752329687 0.576194553472 0.0374422458333 0.0187211234375
2 0.524983662891 0.583474989583 0.0520031180556 0.0327619648437
2 0.565351085156 0.576194552083 0.1123267375 0.066694
2 0.873664574219 0.618837110417 0.205932348611 0.231673892188
2 0.449514138281 0.604276236111 0.168490105556 0.10413624375
2 0.672997541016 0.614676861806 0.222573345833 0.169660174219
3 0.994181802734 0.625077484028 0.147688854167 0.00936056171875
1 0.524398628125 0.539792371528 0.0145608736111 0.012870771875
