2 0.395394316406 0.4370507125 0.0388489527778 0.017755184375
2 0.383785157422 0.443120861806 0.0509892513889 0.0273156695313
2 0.295692121875 0.430980563194 0.0267086541667 0.017755184375
2 0.275888262891 0.428552503472 0.0315647736111 0.0245841023438
2 0.250621266797 0.433408622917 0.0267086541667 0.0232183195312
2 0.212379329688 0.44676295 0.0582734277778 0.06146025625
5 0.146821723047 0.390310566667 0.123831036111 0.0942390585937
2 0.138627022656 0.447369965972 0.0874101430556 0.094239059375
2 0.0498510972656 0.451214388889 0.070413725 0.0833127914063
5 0.344040857812 0.463030952083 0.128687154167 0.0833127921875
2 0.470375828906 0.4363222875 0.0849820805556 0.0491682046875
2 0.542762352344 0.498237805556 0.169964166667 0.15296775
1 0.313788752734 0.405485938194 0.0218525347222 0.0177551851562
