2 0.784161616406 0.48823055625 0.106700565278 0.0861064953125
2 0.729510428906 0.480412452083 0.0783505291667 0.0672680515625
2 0.682538772656 0.480412450694 0.0701031041667 0.0498711421875
2 0.650064539453 0.473205978472 0.0597737791667 0.0359536132812
2 0.632087733203 0.475257809028 0.0515463986111 0.0231958804687
2 0.596714016406 0.47010316875 0.0453608319444 0.038273203125
2 0.568878960938 0.469072241667 0.0494845444444 0.012757734375
2 0.509149566406 0.472680490278 0.0381443361111 0.02319588125
2 0.47783513125 0.468041315278 0.026804125 0.0185567046875
2 0.453479456641 0.471134097917 0.0247422708333 0.0139175273438
2 0.465077396875 0.473195952778 0.0247422694444 0.009278353125
2 0.290721704688 0.480756090972 0.0556701125 0.034793821875
2 0.146134044141 0.485223452083 0.0742268152778 0.0858247570313
2 0.0423324816406 0.496907298611 0.119587647222 0.0846649632813
0 0.309664999609 0.292783555556 0.0989690916667 0.0231958804687
1 0.311066146094 0.2185567375 0.0350515527778 0.018073996875
0 0.499871217188 0.01605301875 0.0321060375 0.02551546875
0 0.497634485547 0.430486077778 0.0185567027778 0.00811855703125
0 0.444433059375 0.4511341 0.0164948472222 0.0092783515625
5 0.532345449219 0.468041313194 0.0371134069444 0.016237115625
2 0.548002667188 0.475773275 0.0226804138889 0.012757734375
