0 0.456077057031 0.238506938889 0.0362559 0.00839750625
0 0.361905022266 0.263032988889 0.0383886 0.00959714921875
0 0.384698254297 0.325947640278 0.0191943 0.00719786328125
1 0.227544921875 0.308886039583 0.0234597013889 0.00959715
1 0.273731208203 0.280094588889 0.0127962 0.0131960820313
1 0.319917490625 0.268364738889 0.0149289 0.033590025
1 0.220946880859 0.219312638194 0.0319904986111 0.0179946554688
1 0.480669753906 0.232108839583 0.0234597013889 0.0119964375
0 0.425486141406 0.327013990278 0.021327 0.0071978625
2 0.310920164063 0.387795940278 0.1087677 0.07077898125
2 0.366103776172 0.366468940278 0.0277251 0.0107967945313
2 0.349908584766 0.370734340278 0.0277251 0.0191943007813
2 0.471072603906 0.385663240278 0.0746445 0.0359893125
2 0.498664410156 0.385663240278 0.1045023 0.06718005
2 0.537652832812 0.414454690278 0.1620852 0.08757399375
2 0.649819524609 0.462440440278 0.2708529 0.244727325781
2 0.223945990625 0.430449940972 0.189810301389 0.1511551125
2 0.0387947261719 0.445378840278 0.2154027 0.0775894523438
2 0.396694691406 0.398459440278 0.1002369 0.0647807625
