0 0.437570059375 0.386018701389 0.0277251 0.00599821875
0 0.361992502734 0.373222502083 0.0362559013889 0.00839750703125
0 0.618716265234 0.342298351389 0.0298577972222 0.00599821796875
0 0.39258341875 0.326303100694 0.0277250986111 0.0071978625
0 0.437570059375 0.343364702083 0.0319904986111 0.00599821875
0 0.237829374609 0.293246251389 0.0383886 0.00719786328125
0 0.386585201172 0.324170402083 0.0277250986111 0.00479857578125
0 0.696093288672 0.329502152083 0.0298578013889 0.00959715078125
0 0.708089726562 0.331634850694 0.0298578013889 0.00959715
0 0.703890972266 0.372156150694 0.0298578013889 0.00599821796875
0 0.806460513281 0.415876501389 0.0234597 0.00959715
0 0.709889191797 0.425473652778 0.0170616027778 0.00839750703125
0 0.519145834375 0.333767550694 0.0298577986111 0.0059982203125
0 0.484356165234 0.395615851389 0.0170616 0.00599821796875
1 0.414776826563 0.302843402778 0.0533175 0.02519251875
1 0.797463185547 0.307108800694 0.0362559013889 0.0179946570312
1 0.805860691406 0.35509455 0.0127962 0.01559536875
1 0.791464966406 0.383886003472 0.0106635013889 0.01319608125
1 0.285815124609 0.377487900694 0.0234596986111 0.00719786328125
1 0.411177897266 0.43400445 0.0170616 0.0107967945313
1 0.410578074609 0.45959685 0.0170616027778 0.0119964367188
0 0.407578966016 0.403080302083 0.0191943013889 0.00599821953125
7 0.199890622266 0.459901523611 0.0490521 0.0263921632813
0 0.236479756641 0.373374833333 0.0191943 0.0107967945313
0 0.223283675391 0.368043081944 0.0170616027778 0.00839750546875
3 0.289863904297 0.442230578472 0.0661136986111 0.0167950132812
3 0.276667822266 0.431567079861 0.0746445013889 0.0143957257813
3 0.253874591016 0.411306428472 0.0255923986111 0.0119964367187
3 0.183095609766 0.431567079861 0.0490520986111 0.0143957257813
3 0.172298815234 0.429434377778 0.0661137 0.0143957257813
3 0.241278332422 0.427301680556 0.0405213 0.0107967945313
3 0.440419194531 0.437965179167 0.0447867 0.01319608125
2 0.351751818359 0.460780933333 0.0796874444444 0.0729657476563
2 0.500401382813 0.437051153472 0.0618482986111 0.0563832578125
2 0.567575223828 0.439183855556 0.0362559 0.0300035101563
2 0.595173239062 0.475439752778 0.0831753 0.04918539375
2 0.520795325391 0.496766754861 0.155687101389 0.104369007031
2 0.689945095312 0.480771504861 0.0554502013889 0.03239038125
2 0.713937970703 0.491435004861 0.0639810013889 0.0443868195312
2 0.758924611719 0.503164854861 0.0831752986111 0.0839750625
2 0.888459634375 0.584207454167 0.539573102778 0.22308073125
1 0.217710418359 0.296718545833 0.0187499861111 0.0158203023438
3 0.741757908984 0.450468433333 0.0281249805556 0.0171386601562
3 0.232871539844 0.438749690972 0.0703124513889 0.0118652265625
