3 0.291362367187 0.555935130556 0.159350163889 0.037263765625
3 0.980238508203 0.497745463889 0.0429708305556 0.0251782210937
3 0.947281616016 0.513182270139 0.0451972236111 0.0326785335937
0 0.630261228516 0.461936438889 0.0143236111111 0.00805703203125
1 0.631771922656 0.43776534375 0.0125331597222 0.017121190625
2 0.640836081641 0.487897982639 0.0411803819444 0.0211497070313
2 0.738527580078 0.540716295139 0.0931034680556 0.0614348617187
2 0.690688960156 0.558620808333 0.1360743 0.102727145312
2 0.794423233594 0.521916557639 0.0590848930556 0.064456246875
2 0.862284214453 0.595325059722 0.202320997222 0.210730366406
2 0.971991211328 0.549668550694 0.0716180541667 0.0550115570312
2 0.963117317969 0.682161947917 0.218435059722 0.0735204078125
2 0.499334478516 0.608753445139 0.479840951389 0.308181433594
