2 0.629642857422 0.341087525 0.0244898055556 0.00947066796875
2 0.622755100391 0.338026300694 0.0275510347222 0.00602678828125
2 0.610701523437 0.334965072917 0.0428571625 0.0198023046875
2 0.597786976563 0.341852831944 0.0719388083333 0.0198023046875
2 0.540532486719 0.351036509028 0.188265390278 0.101594432813
2 0.302917861719 0.30663279375 0.0183673569444 0.0198023046875
2 0.254847053516 0.291581764583 0.0229591958333 0.0266900632812
1 0.385570960156 0.275255226389 0.0668367638889 0.0352997609375
1 0.463058239063 0.271428696528 0.0367347125 0.012914546875
1 0.652574094141 0.292602174306 0.0270408236111 0.0109875992187
