2 0.110778825 0.763405779861 0.453467193056 0.219973192188
2 0.883025133984 0.6947616625 0.432665947222 0.226993611719
1 0.0378383597656 0.308898524306 0.189291351389 0.0756767195313
1 0.0200983867187 0.179930790278 0.0603236166667 0.036272175
1 0.992426695313 0.343220581944 0.0499229944444 0.012870771875
1 0.6220994875 0.515870936111 0.0457627444444 0.0140408421875
1 0.344792857422 0.423305385417 0.0395223708333 0.0163809820313
1 0.440738611719 0.507550438194 0.0166409986111 0.0163809828125
2 0.38457524375 0.615716922917 0.112326734722 0.0912654734375
2 0.52381359375 0.576194552778 0.0374422472222 0.023401403125
2 0.442493716797 0.592835551389 0.0624037416667 0.0409524570313
2 0.463554980469 0.580354802083 0.0540832430556 0.0292517546875
2 0.755487486328 0.640678420139 0.216332973611 0.168490103906
2 0.644915855859 0.6053163 0.108166486111 0.0807348414063
2 0.603378364063 0.6053163 0.0707242416667 0.023401403125
2 0.586412348047 0.586595177083 0.0915254875 0.0456327367187
2 0.566521154687 0.584515052083 0.0582434930556 0.0245714734375
2 0.551310243359 0.581394865972 0.0395223708333 0.0175510523438
2 0.539024505469 0.562673743056 0.0270416194444 0.0117007015625
5 0.472330505859 0.562673742361 0.0769646152778 0.0444626648438
5 0.494561839453 0.564753868056 0.0603236194444 0.0117007023438
