0 0.2829691625 0.274687304167 0.0234374833333 0.009228509375
0 0.257261171094 0.28874979375 0.0234374819444 0.00791015
2 0.184751455859 0.352031001389 0.037499975 0.0395507539063
2 0.166953617578 0.355546624306 0.0304687291667 0.0514159804687
2 0.124106966797 0.347343504861 0.0281249819444 0.0210937367188
2 0.0977397960938 0.347343504861 0.0328124763889 0.01845701875
2 0.254624454688 0.341484134722 0.0210937361111 0.01845701875
2 0.269126398437 0.342656008333 0.0234374833333 0.0158203015625
2 0.282309982812 0.337968510417 0.0234374847222 0.013183584375
2 0.296152746484 0.349687252778 0.0281249805556 0.0171386601563
2 0.606626166016 0.450468434028 0.229687343056 0.158203016406
1 0.973129819922 0.0239062277778 0.0468749694444 0.0527343382813
3 0.862387708984 0.415312207639 0.1640623875 0.0316406039062
3 0.827451209375 0.384843478472 0.103124929167 0.0303222453125
3 0.803061577734 0.432890322222 0.222656097222 0.0342773195312
3 0.987631764063 0.353202875 0.0726562 0.023730453125
3 0.988950122266 0.432890320139 0.175781129167 0.0210937367188
2 0.416782546484 0.456327804861 0.410155968056 0.274218561719
