2 0.0828252347656 0.522550909722 0.468367247222 0.165650469531
1 0.143437464062 0.194999954167 0.0422448888889 0.0630229453125
1 0.139304812109 0.256224434722 0.0679591666667 0.0547576414063
1 0.227640251953 0.324489725694 0.0293877486111 0.0309948914062
1 0.429107046484 0.382652985417 0.0183673430556 0.0165306085937
1 0.429623628125 0.398265226389 0.0275510138889 0.017563771875
1 0.620414408984 0.398265227083 0.0348979541667 0.0196300976563
2 0.501256276562 0.433163177778 0.0312244833333 0.017563771875
2 0.557735845703 0.442040717361 0.0440816236111 0.0258290757813
2 0.606294508594 0.471428466667 0.0734693722222 0.0630229453125
2 0.865446250781 0.531428459722 0.367346861111 0.266556067188
