2 0.213744998828 0.4909094375 0.0915254888889 0.0795647710938
2 0.45711959375 0.466988002778 0.0811248638889 0.0585035078125
2 0.661881872656 0.509630560417 0.128967734722 0.117007017188
2 0.382235104297 0.465947943056 0.0332819972222 0.0280816835937
2 0.417922244141 0.456587380556 0.0270416222222 0.0152109117188
2 0.262887946484 0.475308502778 0.0644838666667 0.0397823851562
2 0.60981375 0.480508815278 0.108166488889 0.0830749796875
2 0.570616400391 0.485709126389 0.0936056111111 0.0327619648437
2 0.552480313281 0.480508814583 0.0707242430556 0.0269116140625
2 0.536099330078 0.474268441667 0.0665639944444 0.0386123148438
2 0.520303383203 0.476348565278 0.0540832416667 0.0304218242187
3 0.837392397656 0.470454873611 0.20593235 0.0304218234375
0 0.444833857422 0.394183638889 0.0228813722222 0.00819049140625
0 0.496316944922 0.414984886111 0.0187211222222 0.00819049140625
1 0.576466751953 0.369222140972 0.0312018708333 0.0210612632813
1 0.578221857031 0.3921035125 0.0145608722222 0.017551053125
3 0.668317258594 0.426425572917 0.0374422486111 0.0198911921875
1 0.240071578125 0.388983327083 0.0124807486111 0.0152109125
1 0.258207666406 0.403544199306 0.0166409958333 0.016380984375
