2 0.220306573047 0.674133781944 0.571887269444 0.440613146094
4 0.810065319531 0.404653568056 0.805841152778 0.37822544375
2 0.408444487891 0.596149154167 0.0727856527778 0.0409419304688
2 0.424041412891 0.586617698611 0.0398588083333 0.0175465414062
2 0.434764299219 0.586617699306 0.0294608597222 0.015596925
2 0.443537569141 0.583151716667 0.0259948777778 0.00974807890625
2 0.550279028906 0.574486756944 0.0745186444444 0.04581596875
4 0.4830172875 0.526829484722 0.0658536861111 0.051664815625
2 0.500563828906 0.597882144444 0.124775402778 0.102354823438
3 0.599019421484 0.571020773611 0.0675866777778 0.0204709648437
0 0.560514511328 0.403787072222 0.0381258194444 0.00779846328125
0 0.554178260156 0.404653568056 0.0329268416667 0.0068236546875
0 0.426478433203 0.43324793125 0.0311938513889 0.00682365546875
1 0.304627452734 0.394255617361 0.0467907763889 0.0282694273437
1 0.398209004297 0.444512377083 0.0433247930556 0.0263198101562
5 0.0809090511719 0.443645881944 0.485237683333 0.161818102344
0 0.534682103516 0.516431534722 0.0173299166667 0.00487403984375
