0 0.465762996094 0.0943640291667 0.0561083416667 0.013389490625
0 0.631218844922 0.126668831944 0.0561083416667 0.0133894914063
0 0.451417113281 0.0935139041667 0.0510075833333 0.015302275
0 0.64508653125 0.124968578472 0.0493073291667 0.0124330984375
0 0.799065673047 0.286492593056 0.0323048027778 0.0181714507812
0 0.354821501562 0.262689054167 0.0221032861111 0.009563921875
1 0.4179433875 0.269490066667 0.0323048055556 0.0210406296875
2 0.526972095703 0.367254599306 0.0680101125 0.0497323945313
2 0.660388805859 0.380006497222 0.0629093527778 0.0545143539062
2 0.622611314062 0.378306242361 0.0527078347222 0.024866196875
2 0.600614294531 0.3740556125 0.0408060666667 0.021040628125
2 0.579095470312 0.370655104167 0.03060455 0.0162586671875
2 0.563793194531 0.364704220139 0.0187027819444 0.0124330984375
2 0.492541978125 0.349401945833 0.0255037916667 0.013389490625
2 0.478674290625 0.346851565278 0.0170025277778 0.0124330984375
1 0.801456654688 0.238885516667 0.0221032861111 0.01912784375
