0 0.135172353906 0.370734340278 0.0874407 0.0191943
0 0.393695582031 0.463506790278 0.021327 0.00839750625
0 0.114103648047 0.420852788889 0.0895734 0.0226433539063
0 0.30252265625 0.544549390972 0.0255924013889 0.00359893125
1 0.139371106641 0.132938290278 0.0511848027778 0.0299910945312
1 0.137571641016 0.227843438889 0.0661137 0.0527843257813
1 0.135772174609 0.296089840278 0.0447867027778 0.0371889554688
2 0.286927288672 0.602132293056 0.0255924 0.0131960820313
2 0.266533344531 0.602132293056 0.0341232 0.0347896703125
2 0.246739221875 0.605331343056 0.0277251 0.0191942984375
2 0.219147416016 0.604264994444 0.0341232 0.0359893132813
2 0.192155431641 0.598933241667 0.0319905 0.0251925179687
2 0.161564516016 0.594667840972 0.0490521041667 0.0407878867187
3 0.132773066016 0.582937990972 0.132227401389 0.0359893132813
5 0.0297973976563 0.531753190972 0.209004598611 0.0595947953125
2 0.486068151562 0.595734191667 0.0895734027778 0.02519251875
2 0.525056573438 0.580805290972 0.0725118013889 0.0551836140625
2 0.98206309375 0.729027941667 0.1727487 0.0358738125
2 0.387097542969 0.626658341667 0.3092415 0.20154015
2 0.776381939453 0.604264991667 0.469194 0.389884221094
1 0.132017117188 0.178359252083 0.0304687291667 0.0158203015625
