0 0.297548583203 0.24325736875 0.0274576208333 0.00772245546875
0 0.399227588672 0.255460757639 0.0244067736111 0.00858050703125
0 0.393221234375 0.249359061806 0.0274576208333 0.0068644046875
0 0.290255153125 0.244020079167 0.0320338916667 0.0068644046875
2 0.357056327734 0.350738424306 0.0289830458333 0.0145868617187
2 0.351478998047 0.359128250694 0.0274576208333 0.0154449117187
2 0.332172858594 0.365992656944 0.0411864333333 0.0300317734375
2 0.290986425 0.371331640278 0.0427118555556 0.0300317734375
2 0.405107166797 0.35531469375 0.0228813513889 0.0128707617187
2 0.419694028125 0.358365540972 0.0442372791667 0.0265995703125
2 0.434709915234 0.371331638889 0.0457627027778 0.0360381289063
2 0.495202488672 0.391162145833 0.106779638889 0.0677860039062
2 0.518369855859 0.403365532639 0.106779640278 0.0523410914062
2 0.595226694922 0.422106458333 0.204406738889 0.134959117969
2 0.790126780078 0.448038654861 0.393559245833 0.371535947656
2 0.207878098047 0.390399431944 0.0777965944444 0.0420444835937
2 0.1645465375 0.397263838194 0.103728795833 0.0720762578125
2 0.0753092667969 0.409467227083 0.149491498611 0.118410994531
2 0.00976798554688 0.443026543056 0.134237263889 0.0195359710938
2 0.384513949219 0.381028981944 0.0682082333333 0.042044484375
0 0.293131552344 0.297566525694 0.0167796597222 0.0102966078125
3 0.260525625391 0.375907910417 0.0396610097222 0.0102966085938
0 0.333888960547 0.223365565972 0.0213559291667 0.0128707601563
1 0.252374144922 0.245484207639 0.0411864319444 0.00943855859375
1 0.522231083984 0.165399477778 0.0549152444444 0.0120127101562
1 0.470319018359 0.305738432639 0.0152542347222 0.0128707601562
1 0.817550682422 0.0739830361111 0.0411864333333 0.0394703304688
1 0.816263605859 0.130423703472 0.0808474402778 0.0386122804688
