2 0.367822012891 0.686048638194 0.103124929167 0.0711913570312
2 0.321020286328 0.682533014583 0.0726562013889 0.0461425460937
2 0.305859164844 0.684876763889 0.0679687027778 0.023730453125
2 0.274218561328 0.674329896528 0.1265624125 0.0421874710937
2 0.143701073047 0.6497205375 0.260156069444 0.287402146094
2 0.482519199219 0.679017392361 0.173437379167 0.179296751562
4 0.510863906641 0.599329948611 0.0890624388889 0.0804198664062
0 0.543523242578 0.339503949306 0.0914061875 0.0237304523438
0 0.656242891016 0.504738211111 0.0656249555556 0.0145019429688
0 0.673381551172 0.579738159028 0.0328124763889 0.0171386601562
1 0.819719341797 0.555235338889 0.037499975 0.0514159804688
1 0.814445907422 0.319688625694 0.0351562263889 0.0382323945312
1 0.571208770313 0.331620443056 0.0773436972222 0.0290038859375
1 0.644377664453 0.43911325625 0.0749999486111 0.0303222445313
1 0.939030782812 0.613722511111 0.035156225 0.0158203015625
1 0.347087830469 0.609035013889 0.035156225 0.013183584375
1 0.0900079292969 0.459674340278 0.0360084527778 0.0421874710937
2 0.972648923828 0.686378710417 0.0867186902778 0.0487792632812
3 0.654265353125 0.691066207639 0.133593656944 0.02636716875
3 0.741756416016 0.701196922222 0.0460426611111 0.0220525429688
3 0.75212350625 0.713671384028 0.0539062125 0.0382323953125
