3 0.313693168359 0.467214580556 0.142105319444 0.0389923132812
3 0.848813928906 0.534194698611 0.372593216667 0.09260674375
3 0.719408191406 0.428482203472 0.147304295833 0.0282694265625
3 0.668718182813 0.442346139583 0.175032168056 0.0341182734375
3 0.557590087891 0.430865067361 0.134740106944 0.0131599054688
3 0.580010668359 0.431081693056 0.131707372222 0.0170591367187
3 0.499832722266 0.425016217361 0.0641206902778 0.0175465414062
3 0.525177727734 0.407686302083 0.0571887263889 0.0116976976563
3 0.592926873047 0.405086815972 0.0831836041667 0.0204709648438
3 0.572943311719 0.41006916875 0.0766848875 0.00682365625
3 0.544673882812 0.41071904375 0.0745186486111 0.008773271875
3 0.515429648047 0.405520061806 0.0537227402778 0.0107228867188
3 0.252718935547 0.408119547222 0.0277278666667 0.0107228882813
2 0.0536144320313 0.500834609028 0.183697123611 0.107228864063
2 0.147195983594 0.448556033333 0.1473043 0.150120407812
2 0.235903498828 0.454621501389 0.0797176194444 0.0643373179688
2 0.276358024609 0.43989106875 0.0641206930556 0.0477655835938
2 0.347031593359 0.432959102778 0.0814506083333 0.0565388539062
2 0.42306660625 0.479749879167 0.147304294444 0.0974807875
5 0.425991028516 0.390500804861 0.166367198611 0.0974807835937
0 0.550279028125 0.328401932639 0.00866495694444 0.014622115625
0 0.371889193359 0.347464842361 0.0155969236111 0.0107228867187
0 0.322346609766 0.130840879167 0.0294608638889 0.0233953882813
