1 0.633894234766 0.224422059028 0.0825540236111 0.0423392882813
1 0.511144465625 0.259802366667 0.0169964166667 0.016389403125
1 0.547337728516 0.292581171528 0.0145683541667 0.0150236195312
1 0.181990648828 0.293795202778 0.0169964166667 0.0163894039063
1 0.208623425781 0.297437290972 0.0145683597222 0.0122920515625
1 0.810251046875 0.143255510417 0.0218525347222 0.0273156703125
0 0.27281525 0.197886850694 0.0339928319444 0.009560484375
0 0.441489508203 0.163894018056 0.043705075 0.0109262679688
0 0.261888980469 0.202742969444 0.0485611916667 0.0122920515625
0 0.207940533594 0.261016398611 0.0388489527778 0.0109262671875
0 0.17721040625 0.254946248611 0.0412770083333 0.0122920515625
0 0.405296246094 0.218525358333 0.031564775 0.009560484375
0 0.417588297656 0.223381475694 0.0364208930556 0.009560484375
0 0.504315548047 0.217311325694 0.0437050708333 0.00819470078125
0 0.518656274609 0.227023563889 0.0388489527778 0.00956048515625
0 0.309008512109 0.234307743056 0.0339928333333 0.0109262679687
0 0.240036444922 0.263444456944 0.0339928333333 0.00956048515625
3 0.568848816797 0.336286243056 0.0607014888889 0.0150236195312
3 0.551776523438 0.3350722125 0.0679856666667 0.0163894015625
3 0.259498860156 0.375135195139 0.0461331319444 0.013657834375
3 0.0887759257813 0.390512901389 0.0833633833333 0.016389403125
3 0.0737523078125 0.405485938194 0.0825540236111 0.0218525359375
3 0.0300472355469 0.405485938194 0.0971223763889 0.0218525351562
3 0.0382419375 0.40750931875 0.0752698486111 0.0163894015625
3 0.0676062820312 0.390512903472 0.0752698486111 0.0177551859375
3 0.0928732765625 0.386870813194 0.0388489486111 0.0109262671875
3 0.1126771375 0.379586633333 0.0485611916667 0.009560484375
3 0.121554729297 0.385656784028 0.0364208902778 0.0163894023438
3 0.143407264844 0.380800663194 0.0412770125 0.0109262671875
3 0.152967748437 0.374730514583 0.0485611902778 0.0109262671875
3 0.167991367578 0.379586634028 0.0437050708333 0.0109262679688
3 0.176868959766 0.382014692361 0.0339928319444 0.00682891640625
3 0.213062221484 0.377158572917 0.0339928319444 0.00819470078125
3 0.202135954297 0.375944545139 0.0267086541667 0.00819470078125
3 0.198038604297 0.375944545139 0.0315647763889 0.00819470234375
3 0.324373574609 0.348021860417 0.0194244763889 0.00682891640625
3 0.330519601172 0.349235890278 0.0267086555556 0.00819470078125
3 0.373541780469 0.350449919444 0.019424475 0.0068289171875
3 0.318910441797 0.35166395 0.0218525361111 0.00682891640625
3 0.311398633203 0.35287798125 0.0291367180556 0.00819470078125
3 0.274522476953 0.361376186111 0.0267086555556 0.00819470078125
3 0.613919672656 0.320099174306 0.0509892486111 0.01502361875
2 0.359883945313 0.348426540278 0.0218525361111 0.0122920515625
5 0.342811651562 0.342356391667 0.0339928333333 0.0273156703125
2 0.347591894922 0.354901357639 0.0218525347222 0.0259498867187
2 0.318910440234 0.3621855375 0.0169964166667 0.0204867507813
2 0.288180314453 0.373111805556 0.0437050694444 0.0382419382812
2 0.493047833984 0.361780867361 0.106834618056 0.0956048429687
2 0.424758660547 0.403057879861 0.150539693056 0.0901417101563
2 0.347591894531 0.49937090625 0.281654901389 0.192575470312
2 0.594798703125 0.338309622222 0.0485611916667 0.0396077203125
2 0.0118823167969 0.413741342361 0.0582734291667 0.0237646335938
1 0.278107639844 0.326400559028 0.0194244763889 0.0136578359375
