2 0.438176127344 0.506033584028 0.0207959013889 0.0087732703125
2 0.267584753125 0.522497005556 0.0433247944444 0.0614128953125
2 0.206171859375 0.524229995139 0.0398588097222 0.0497152
2 0.426478432812 0.51209905625 0.0259948763889 0.020470965625
2 0.475218825781 0.505167088889 0.0225288916667 0.0087732703125
2 0.503488252344 0.519897519444 0.0901155694444 0.0575136625
2 0.516648158203 0.538960428472 0.103979504167 0.0760350117187
2 0.595120190234 0.486104180556 0.0467907805556 0.0458159695313
1 0.02095836875 0.418517502083 0.0814506125 0.039967121875
1 0.907546103906 0.336200395139 0.0519897513889 0.0136473109375
