2 0.0302329035156 0.587635238889 0.135208108333 0.0604658070312
2 0.160695727344 0.693721600694 0.347380831944 0.321391454687
2 0.327180852344 0.62076864375 0.153929231944 0.105306315625
2 0.369888413672 0.5677254625 0.0270416222222 0.0175510523438
2 0.405575555078 0.585406522917 0.1040062375 0.0702042101563
2 0.441262693359 0.577086024306 0.0374422458333 0.0198911914063
2 0.461153886719 0.5750059 0.02080125 0.0152109125
2 0.51088186875 0.606207770139 0.1081664875 0.074884490625
2 0.557099639453 0.577086023611 0.0249614972222 0.0105306320312
2 0.568800342188 0.580206210417 0.0353621180556 0.0152109125
2 0.613263008594 0.583326398611 0.0457627444444 0.0737144203125
8 0.606242586328 0.597887272222 0.0416024972222 0.0456327367187
2 0.679371973437 0.619728580556 0.0936056111111 0.0865851921875
2 0.864828095312 0.662371138194 0.282896965278 0.26794606875
1 0.430147026953 0.503241595833 0.0187211222222 0.0187211226562
