1 0.213123385156 0.348575136806 0.0303108819444 0.019672928125
1 0.573137965234 0.450000009722 0.009326425 0.0131152851562
1 0.661010376563 0.382383427083 0.0419689125 0.031476684375
1 0.657075791016 0.41152850625 0.0209844569444 0.0236075132813
1 0.760293101562 0.307772027083 0.0186528513889 0.0354112703125
1 0.733406766797 0.290284979861 0.0303108819444 0.0131152851562
0 0.7642276875 0.383549230556 0.0303108805556 0.019672928125
0 0.732751002734 0.385880836806 0.0349740930556 0.0144268132812
0 0.526972165234 0.474481875 0.0209844555556 0.0131152851562
0 0.490249366406 0.42784975 0.0209844555556 0.0052461140625
0 0.457461153125 0.46748705625 0.0256476680556 0.0052461140625
0 0.48172443125 0.466321253472 0.0233160625 0.0039345859375
2 0.438837452344 0.50012954375 0.0209844569444 0.010492228125
2 0.453920030469 0.503626953472 0.0233160625 0.0170498703125
2 0.429656752344 0.504792756944 0.0349740944444 0.0157383421875
2 0.418508760156 0.507124363194 0.0489637319444 0.022295984375
2 0.404737710937 0.512953378472 0.0512953375 0.02098445625
2 0.388474744922 0.509455969444 0.0722797944444 0.0419689132813
2 0.368146053125 0.519948197222 0.0886010388889 0.0459034984375
2 0.480281741406 0.497797938194 0.0209844569444 0.010492228125
2 0.487495148437 0.496632134722 0.0233160638889 0.0144268140625
2 0.504545019531 0.500129544444 0.0256476694444 0.019672928125
2 0.321193337891 0.5351036375 0.118911919444 0.0904954679688
2 0.470314137109 0.50246115 0.0256476694444 0.0183613992187
2 0.535890563281 0.50479275625 0.0489637319444 0.0367227984375
3 0.259682648047 0.543264259722 0.144559588889 0.0236075132812
3 0.666518812109 0.497797938194 0.0862694319444 0.0183613992187
3 0.963580023047 0.489637315972 0.130569951389 0.0275420992188
