2 0.361230220313 0.532030867361 0.0468749680556 0.0290038859375
2 0.448901058594 0.530858990972 0.0304687263889 0.017138659375
2 0.465380539453 0.5305241625 0.0257812305556 0.0184570164063
2 0.487792633594 0.528180415278 0.0351562277778 0.02636716875
2 0.521410773828 0.540233986111 0.0492187166667 0.0303222445312
2 0.532805162109 0.542577734028 0.0492187152778 0.0316406023437
2 0.55323971875 0.547265229861 0.0632812041667 0.0382323953125
2 0.574333455469 0.554296476389 0.0726562 0.038232396875
2 0.601359803516 0.558983972222 0.0867186888889 0.0500976226562
2 0.658049217187 0.539062110417 0.117187420833 0.087011659375
2 0.410668662891 0.563671470833 0.128906163889 0.0856933007812
2 0.811637978906 0.6117183125 0.529687136111 0.373095446875
0 0.341454842969 0.453850125 0.0210937361111 0.013183584375
0 0.462084644141 0.449162627778 0.0164062388889 0.0145019414063
1 0.340795663672 0.475780904167 0.0140624916667 0.0171386601562
1 0.522729132422 0.442968425 0.0187499888889 0.0118652257813
