0 0.509726817969 0.353202876389 0.0257812333333 0.0092285078125
0 0.453037404297 0.302812284722 0.0328124777778 0.0118652257813
0 0.576303921484 0.327421640972 0.0257812319444 0.00791015078125
0 0.624424005078 0.342656008333 0.0187499888889 0.00659179140625
1 0.890073237109 0.302812284028 0.0562499597222 0.0263671695313
2 0.431284489844 0.425859075 0.035156225 0.02636716875
2 0.404258141406 0.427030948611 0.0468749666667 0.0329589625
2 0.365366566016 0.428202825 0.0539062138889 0.0553710554688
2 0.314609764844 0.4434371875 0.0656249527778 0.072509715625
2 0.213096163281 0.444609061806 0.114843670833 0.14106435625
2 0.565097875 0.431718445833 0.0656249555556 0.02241209375
2 0.583554892969 0.429374696528 0.0281249819444 0.02241209375
2 0.67715834375 0.437577816667 0.128906161111 0.0856933
4 0.358774773828 0.393046598611 0.0632812055556 0.0527343382813
4 0.193979964453 0.3731247375 0.1453124 0.224120939844
4 0.317905662109 0.387187227083 0.0703124486111 0.0316406039063
2 0.614536316016 0.434062193056 0.0562499611111 0.0369140367187
2 0.496543233984 0.484452784722 0.208593605556 0.146337789844
2 0.766147540234 0.511405890972 0.243749831944 0.229394372656
2 0.073918709375 0.465702798611 0.142968652778 0.14783741875
1 0.0537902730469 0.0515402444444 0.103080488889 0.107580546094
