2 0.00311858203125 0.668762575 0.126129316667 0.0046778734375
2 0.0222198964844 0.486498786111 0.0526693833333 0.0444397929688
2 0.398398844922 0.523921768056 0.094250475 0.0795238398437
2 0.44634704375 0.491349913889 0.0568274944444 0.03352475625
2 0.467787292969 0.483033694444 0.048511275 0.01403361875
2 0.478312507422 0.477489547222 0.0318788388889 0.0116946835938
2 0.540294324609 0.47679653125 0.0360369486111 0.0171522007812
2 0.488058076172 0.467094275694 0.0277207291667 0.0155929101563
4 0.369941784375 0.456699002083 0.0651437125 0.052236246875
2 0.516125314453 0.493428967361 0.0776180402778 0.0498973101563
0 0.499362936328 0.397099436806 0.0235626180556 0.00701681015625
0 0.575378371094 0.42967129375 0.0194045097222 0.01403361875
0 0.413601932031 0.45254089375 0.0180184736111 0.010135390625
0 0.464278888672 0.435215436806 0.0138603625 0.00701681015625
0 0.542243437891 0.435215436806 0.0138603625 0.00857610078125
3 0.943371042578 0.507289331944 0.116427061111 0.0171522007812
3 0.913744513281 0.513526496528 0.120585170833 0.0249486546875
3 0.895422844531 0.510061404861 0.124743279167 0.017931846875
3 0.981573671094 0.501745185417 0.130287426389 0.0280672359375
3 0.637750010156 0.478875585417 0.0457392013889 0.012474328125
3 0.628394264062 0.483033693056 0.0429671305556 0.009355746875
3 0.615530113672 0.475410494444 0.0360369472222 0.00701681015625
3 0.744561442578 0.497587074306 0.0720738930556 0.0109150367187
3 0.716884027734 0.491349913889 0.0651437138889 0.0116946820312
3 0.676342462109 0.490656895139 0.0443531652778 0.00857610078125
2 0.231554710938 0.595302643056 0.317402341667 0.272875921875
1 0.523921769141 0.4123458375 0.00693018333333 0.0171522007812
