1 0.930941492969 0.445378873611 0.0797176194444 0.013647309375
1 0.562951530859 0.4895701625 0.015596925 0.00877327109375
1 0.404057851953 0.49216965 0.0207959 0.0126725023437
1 0.425016221094 0.506033584722 0.0138639361111 0.0058488484375
1 0.444512377734 0.504300592361 0.0207959013889 0.0116976945312
0 0.485454307031 0.4947691375 0.015596925 0.005848846875
0 0.522009601562 0.495635633333 0.0138639333333 0.0048740390625
0 0.541018354688 0.495635633333 0.0173299166667 0.005848846875
2 0.115514729297 0.509499568056 0.0138639361111 0.0165717320312
2 0.217869553516 0.515565038889 0.0121309416667 0.0204709648437
2 0.196423780859 0.512099054861 0.0190629097222 0.0165717335937
