0 0.150666566797 0.351533665278 0.0467787527778 0.00994048515625
0 0.0746510929687 0.452021355556 0.0315323444444 0.0056524328125
0 0.516515395312 0.34425696875 0.0363834736111 0.007211725
0 0.0680241027344 0.451155081944 0.0325718722222 0.00682190078125
0 0.139946434766 0.350494136111 0.0474717722222 0.00877101640625
0 0.164992558984 0.347202297222 0.0519763944444 0.0101353960938
0 0.510375683594 0.346336025 0.0315323444444 0.00584734375
0 0.463402019141 0.396406615278 0.00831622222222 0.0140336257813
0 0.522850017188 0.34754880625 0.0360369625 0.0062371671875
0 0.648178092187 0.386531102083 0.0398485680556 0.011304865625
0 0.775845105078 0.290374774306 0.0492043180556 0.0175420320312
1 0.0915109355469 0.348934842361 0.0554414847222 0.0346942414063
1 0.0585708960938 0.489271102778 0.0110882972222 0.0183216765625
1 0.0684139253906 0.507289585417 0.0145533902778 0.0231944648437
1 0.658800768359 0.431404054167 0.0304928166667 0.00370331796875
1 0.666597226172 0.428978488194 0.0401950763889 0.0103303085938
0 0.651881410547 0.473678186111 0.0173254638889 0.0120845101562
1 0.793582048438 0.209464858333 0.0751925138889 0.0249486671875
1 0.837339673437 0.222632211111 0.0481647888889 0.037228090625
1 0.821454389062 0.324332686111 0.0180184805556 0.0222199078125
1 0.806446205469 0.366087052083 0.0211370625 0.0335247734375
1 0.0709477757812 0.532064999306 0.0322253652778 0.0228046421875
1 0.0212453503906 0.529292924306 0.0135138625 0.00604225546875
3 0.167721319141 0.606217985417 0.0530159208333 0.00545752109375
3 0.160704506641 0.605871475 0.0585600694444 0.00701681328125
3 0.156124086719 0.607257511806 0.0571740291667 0.008771015625
3 0.151738578906 0.611415623611 0.0509368638889 0.0074066359375
3 0.144624310547 0.620078354861 0.0599461069444 0.0134488914062
3 0.139264244531 0.62007835625 0.0453927180556 0.0074066359375
3 0.123184048438 0.622850429861 0.0481647902778 0.0091608390625
3 0.09930739375 0.619385336806 0.0703413847222 0.0144234484375
3 0.0854686792969 0.619038827778 0.0890528861111 0.0194911460938
3 0.0726045222656 0.61730628125 0.0883598652778 0.0155929195313
3 0.0624691261719 0.6212911375 0.0935575055556 0.0140336257813
3 0.0497024242187 0.614534208333 0.0911319416667 0.017347121875
3 0.0357662546875 0.6240632125 0.0845482638889 0.013643803125
3 0.0229020976563 0.646066550694 0.0897459013889 0.013643803125
3 0.0160801960937 0.621810901389 0.0828157194444 0.01754203125
3 0.673224216016 0.554934610417 0.0911319402778 0.0169572976562
3 0.693495008984 0.550776499306 0.0911319402778 0.0173471210937
3 0.892597075 0.502265201389 0.0689553472222 0.018321678125
3 0.90312229375 0.497414069444 0.0488578083333 0.011304865625
3 0.924660012109 0.484419972917 0.0665297819444 0.0337196851563
3 0.944735893359 0.487885063889 0.0658367638889 0.0181267664063
3 0.989857899219 0.485286245833 0.0744994944444 0.0187115015625
3 0.976896285937 0.499319871528 0.0623716680556 0.0161776515625
3 0.960328810938 0.482340916667 0.0776180777778 0.01305906875
2 0.344851686328 0.593058752778 0.103952783333 0.0426856117188
2 0.29612381875 0.578332108333 0.0613321416667 0.05574468125
2 0.258798272266 0.665479191667 0.194738216667 0.169572978906
2 0.518535492187 0.666178375694 0.522218056944 0.344355621875
3 0.00548965507812 0.63669074375 0.0999244652778 0.0109793101562
2 0.179601844531 0.612947751389 0.0652567944444 0.032118578125
