2 0.287605886719 0.415630036111 0.0148818944444 0.0107627984375
2 0.278636887891 0.416693029167 0.0170078805556 0.00956693203125
2 0.256513359375 0.419882004861 0.0191338597222 0.01315453125
2 0.238575361719 0.423070983333 0.0212598472222 0.0155462640625
2 0.217049765234 0.424133976389 0.0276378027778 0.0227214632812
2 0.199111767578 0.428385944444 0.0403937111111 0.0298966617187
2 0.192534502344 0.436889885417 0.0403937125 0.031092528125
2 0.173400638672 0.441141854167 0.0446456805556 0.0334842617188
2 0.145656535156 0.447519809028 0.0488976513889 0.0382677265625
2 0.119467059375 0.452834770833 0.059527575 0.0370718609375
2 0.0669685222656 0.457086740972 0.0892913625 0.0837106523437
2 0.03766979375 0.437952877083 0.0297637875 0.0155462640625
2 0.0173400636719 0.467716665972 0.0637795458333 0.0346801273437
2 0.550696510937 0.397559165278 0.0467716666667 0.0322883953125
2 0.52498538125 0.397559165278 0.0467716666667 0.0334842609375
2 0.620056766406 0.378425301389 0.0510236361111 0.0370718609375
2 0.655334828125 0.378425302083 0.0552756069444 0.052618125
2 0.725293016016 0.368858369444 0.0403937111111 0.0298966617187
2 0.809601602344 0.358228445833 0.0574015916667 0.021525596875
2 0.919501758984 0.357165454167 0.0637795444444 0.0777313210937
2 0.369522740234 0.524905659722 0.325275683333 0.227214630469
2 0.0222879578125 0.642685224306 0.350787498611 0.044247059375
0 0.110617648438 0.276165432639 0.0488976513889 0.01315453125
0 0.278636887891 0.199629973611 0.0403937111111 0.0143503976563
0 0.268472023437 0.202818951389 0.0425196972222 0.008371065625
0 0.262492691016 0.196440999306 0.0425196958333 0.00597933203125
0 0.463398257812 0.25915755625 0.0318897736111 0.0107627984375
0 0.481934188281 0.344196947222 0.0233858305556 0.0167421296875
0 0.690014955859 0.207070925 0.059527575 0.0310925289063
0 0.728880615234 0.203881946528 0.0574015902778 0.0346801273438
0 0.840574573047 0.262346527778 0.0382677277778 0.0203297304687
1 0.118390780859 0.338031589583 0.0425196958333 0.0263090617187
1 0.120184580859 0.374173332639 0.0255118180556 0.0179379976563
1 0.120782514062 0.392244203472 0.0148818930556 0.0239173296875
1 0.27086375625 0.393307195833 0.0170078777778 0.0107627984375
1 0.691808754688 0.274252044444 0.0892913638889 0.049030525
1 0.761766943359 0.1350000375 0.0446456805556 0.0430511929688
1 0.809482044922 0.0892913625 0.0255118166667 0.0298966617187
1 0.810079978125 0.11480318125 0.0297637875 0.031092528125
1 0.811873776953 0.164763825694 0.0446456819444 0.0275049289062
1 0.143070471484 0.837000225 0.00212598333333 0.0107627976563
