2 0.0198281230469 0.449999963889 0.0449999972222 0.0396562460937
2 0.128249991016 0.438749964583 0.0374999958333 0.0320624976563
2 0.343996857813 0.432749965278 0.0404999972222 0.0244687484375
2 0.253884362109 0.422249966667 0.0374999972222 0.0210937476563
2 0.269071861719 0.430499965278 0.0329999972222 0.0194062484375
2 0.666562446875 0.417749968056 0.0554999972222 0.08268749375
2 0.799031185937 0.416999965278 0.0659999944444 0.07256249375
2 0.913781178516 0.413999967361 0.0689999958333 0.0556874992188
2 0.936984300781 0.421499967361 0.0629999958333 0.0565312453125
2 0.558351517578 0.422249966667 0.0299999972222 0.0286874976563
2 0.533882770703 0.423749965972 0.0269999986111 0.0320624976562
2 0.613195264453 0.414749967361 0.0299999958333 0.0286874992188
2 0.0653906195312 0.452999964583 0.0584999958333 0.0565312453125
2 0.154406238281 0.442312465278 0.0348749972222 0.03375
2 0.302906225 0.440249964583 0.107999990278 0.0624374953125
2 0.233718730469 0.443999964583 0.0644999930556 0.0472499953125
2 0.371671844922 0.443999964583 0.0614999958333 0.0430312460937
2 0.502664022656 0.494999961806 0.142499990278 0.1375312375
1 0.188578110156 0.377624970833 0.0105 0.01265625
1 0.102515616016 0.433874965972 0.0150000013889 0.00928124921875
1 0.415335903516 0.394874968056 0.0359999972222 0.00843749765625
1 0.392554655859 0.375374970139 0.0449999958333 0.00843749921875
1 0.379476532812 0.386624968056 0.0225 0.00928125
1 0.369773408203 0.387374970139 0.0299999986111 0.0101249976562
1 0.359226534375 0.393374967361 0.0149999958333 0.00590625
3 0.398671843359 0.434249966667 0.0374999972222 0.00928124921875
3 0.497390585156 0.413999966667 0.0329999972222 0.0210937484375
1 0.571218704688 0.279749977778 0.0374999972222 0.0168749984375
1 0.573328079687 0.314249974306 0.0314999958333 0.0177187484375
