0 0.108125163281 0.624037422917 0.0665639930556 0.015753940625
0 0.987161379297 0.0884053013889 0.110246611111 0.0234014039063
0 0.981896063281 0.224653472917 0.0416024930556 0.0245714734375
1 0.555405487109 0.456587379167 0.0270416222222 0.0561633679687
1 0.130670017578 0.563713804861 0.0374422458333 0.0187211226562
2 0.379894962891 0.535632120833 0.0187211222222 0.0163809820313
2 0.369364331641 0.54915293125 0.0249614958333 0.0187211226562
2 0.356493559375 0.560593618056 0.0270416222222 0.0210612625
2 0.345377892578 0.581394865278 0.0270416222222 0.0198911929688
2 0.330752016406 0.598035863194 0.0270416208333 0.0210612640625
2 0.316126139453 0.609476549306 0.0291217458333 0.0198911914063
2 0.303255367188 0.624037421528 0.0249614958333 0.0245714734375
2 0.297405016406 0.643798607639 0.0353621208333 0.0269116125
2 0.282779139063 0.65107904375 0.0374422458333 0.02574154375
2 0.265813121094 0.671880291667 0.0582434944444 0.0386123140625
2 0.244751858594 0.698921913194 0.0582434930556 0.0456327359375
2 0.214915069531 0.730123784028 0.0624037430556 0.0374422453125
2 0.447173997656 0.537712245833 0.010400625 0.012870771875
2 0.453609383203 0.55331318125 0.0249614958333 0.0234014039063
2 0.465310084766 0.573074365972 0.0353621208333 0.0327619648438
2 0.167527227344 0.761325654167 0.0915254888889 0.085415121875
2 0.575881715234 0.682280915972 0.282896965278 0.209442558594
