2 0.485536025391 0.563552609028 0.0218525375 0.00956048515625
2 0.499876751562 0.556268430556 0.0364208944444 0.0218525359375
2 0.519680612109 0.565980667361 0.0412770097222 0.0177551851562
2 0.529241096484 0.563552609028 0.0509892513889 0.0232183195312
2 0.550410741797 0.563552607639 0.0704137263889 0.0355103710937
2 0.567483032813 0.568408727083 0.0752698430556 0.0314130203125
2 0.586604002734 0.570836786111 0.0995504388889 0.0396077210937
2 0.622797264844 0.576906936111 0.135971333333 0.062826040625
2 0.702695597266 0.587833204167 0.177248344444 0.162528232031
2 0.478024216016 0.563552609028 0.0218525375 0.0136578351563
2 0.461634814453 0.561124549306 0.0218525347222 0.0163894023438
2 0.4431967375 0.563552609028 0.0218525375 0.0122920515625
2 0.437050711328 0.564766638194 0.0194244763889 0.0136578351563
2 0.428173119531 0.572050816667 0.0291367138889 0.020486753125
2 0.363298404297 0.575692906944 0.0364208944444 0.0218525351563
2 0.351689244531 0.575692905556 0.031564775 0.0150236171875
2 0.34144586875 0.576906935417 0.0437050708333 0.0218525359375
2 0.327788033984 0.581763055556 0.0485611916667 0.0327788039063
2 0.311398632031 0.584191114583 0.0534173097222 0.032778803125
2 0.291594771875 0.589047234028 0.0631295486111 0.0450708546875
2 0.241743675 0.597545440278 0.0752698444444 0.076483875
2 0.0628260402344 0.625832338194 0.179676401389 0.125652080469
1 0.815614584766 0.223381475 0.0388489527778 0.0232183195312
1 0.838150012891 0.143255510417 0.0242805958333 0.0273156695313
1 0.824492177734 0.259802368056 0.0437050694444 0.0546313398438
1 0.735716251172 0.406699968056 0.0412770111111 0.0218525351562
1 0.524631557031 0.492722634722 0.0267086555556 0.009560484375
1 0.282204989453 0.470870099306 0.0267086541667 0.0136578351562
1 0.307471983984 0.52064531875 0.0194244763889 0.0150236179688
0 0.302691741406 0.540069795139 0.0145683569444 0.013657834375
0 0.857882723438 0.390744134028 0.0558453652778 0.03141301875
0 0.408539960938 0.497578752083 0.0267086541667 0.0068289171875
0 0.473414676172 0.493936663194 0.0194244763889 0.00819470078125
0 0.480926485938 0.524287409028 0.0218525375 0.009560484375
3 0.416563959375 0.567761254861 0.0218525347222 0.0054631328125
3 0.404271908203 0.570189313889 0.0267086527778 0.00819470078125
3 0.409052150391 0.575045434028 0.0315647736111 0.00682891640625
0 0.373541780078 0.533768423611 0.0218525361111 0.00682891640625
3 0.969876969531 0.514575170833 0.114118797222 0.0368761546875
0 0.648989000391 0.0182104472222 0.0267086555556 0.0232183179688
0 0.608015496484 0.0194244763889 0.0388489527778 0.0314130195312
