2 0.828368441016 0.27032649375 0.0326481291667 0.0440749695312
2 0.847651241797 0.271142697222 0.0310157222222 0.0495843445313
2 0.883462154688 0.277672324306 0.0179564708333 0.0440749703125
2 0.910090785937 0.28420195 0.0244860944444 0.0606030875
2 0.842600983203 0.324195902778 0.0620314416667 0.0964140023438
2 0.896317357031 0.332357935417 0.0718258791667 0.157935317188
2 0.905499640625 0.365006061806 0.0783555013889 0.124879090625
2 0.921568641797 0.379697719444 0.0750906916667 0.114778574219
2 0.948581129687 0.397337902083 0.0897823513889 0.096414
2 0.962813671875 0.41121335625 0.0914147541667 0.067948915625
2 0.974291529688 0.448758703472 0.0783555013889 0.048666115625
2 0.137785287891 0.437331858333 0.03917775 0.0266286289062
2 0.0202520285156 0.431890511111 0.101209194444 0.0266286273437
2 0.0758048585937 0.455560403472 0.168137854167 0.113860346875
2 0.188746974219 0.448214576389 0.0620314444444 0.0550937140625
0 0.573484753125 0.172337898611 0.114268444444 0.0220374859375
0 0.585421722656 0.29884939375 0.0506045958333 0.02387394375
0 0.553742836328 0.307011422917 0.0506045958333 0.0266286289063
