0 0.585146719141 0.347481429167 0.0224584055556 0.0147383273438
0 0.734635475781 0.354343720139 0.0237060930556 0.013334678125
0 0.128609459375 0.485792382639 0.0171025625 0.0098255515625
0 0.573215689844 0.326894559722 0.0162199611111 0.0126328515625
0 0.8469275 0.431076601389 0.0149722666667 0.0070182515625
0 0.120152465625 0.341671877083 0.0499075652778 0.0129135828125
0 0.108081073047 0.347286477083 0.0386783625 0.00982555234375
1 0.0147383496094 0.358515680556 0.02869685 0.0280730054688
1 0.129065644141 0.430827070833 0.0112292055556 0.0175456289062
1 0.138189371094 0.457652386111 0.037430675 0.016141978125
1 0.138891197266 0.523779911111 0.00748613611111 0.00631642578125
1 0.139242109766 0.532513734028 0.00499075416667 0.00701825078125
1 0.238901280078 0.468881588194 0.0099815125 0.00842189921875
1 0.23925219375 0.479486946528 0.00623844583333 0.0077200765625
0 0.251885046094 0.248664448611 0.0636321472222 0.016141978125
1 0.398215589453 0.129510125694 0.0174676458333 0.0350912570313
1 0.397162853125 0.0976940625 0.0411737388889 0.038600384375
1 0.396110114844 0.00973197916667 0.0174676444444 0.014036503125
1 0.625887660156 0.442680111111 0.0124768916667 0.02666935625
1 0.627993134375 0.484477699306 0.0137245847222 0.0056146
1 0.864859123438 0.386534103472 0.00998150972222 0.0203529296875
1 0.971326007031 0.439560892361 0.0536506319444 0.0350912578125
5 0.272395875 0.509681020139 0.0960720652778 0.0540405375
5 0.683111908203 0.479112634028 0.0848428625 0.0856184929688
2 0.235111425 0.540665313889 0.0399260555556 0.0224584046875
2 0.601464153125 0.501778995139 0.0736136597222 0.02386205625
2 0.61760613125 0.501778994444 0.0237060972222 0.0140365015625
2 0.630238985156 0.503650528472 0.0199630263889 0.012632853125
2 0.67305031875 0.492213371528 0.0511552541667 0.0533387125
2 0.88652215 0.496996192361 0.0623844569444 0.0722879921875
2 0.204932942969 0.543627385417 0.0436691208333 0.0449168078125
2 0.802537057813 0.493719817361 0.101062818056 0.09755369375
2 0.445658969141 0.532580725 0.448285491667 0.317224967969
