2 0.079346653125 0.519689161806 0.0805314236111 0.042828075
2 0.341256812891 0.516760748611 0.0190347 0.0131778695312
2 0.369671592969 0.510171808333 0.0322125805556 0.0288265890625
2 0.4549159375 0.5387238625 0.0951735027778 0.05106424375
2 0.539689650781 0.621451599306 0.263557393056 0.185313792188
1 0.494449546875 0.445432911111 0.0395336083333 0.0428280765625
1 0.535630389063 0.483502311806 0.0161062847222 0.01317786875
1 0.48209529375 0.498144389583 0.0190347013889 0.01317786875
1 0.349904789062 0.484234413889 0.0175704888889 0.009059784375
1 0.358552766406 0.482038104167 0.0131778694444 0.0065889359375
1 0.383261270703 0.483502311806 0.0131778680556 0.00988340234375
2 0.400969033594 0.530670710417 0.0351409847222 0.046946159375
