2 0.397446016016 0.486749189583 0.149768981944 0.243374596094
2 0.880099958984 0.430585820833 0.199691975 0.235184103906
2 0.0949828773437 0.510670623611 0.151849105556 0.18604115625
2 0.180983034375 0.438906320139 0.0790447402778 0.07722463125
2 0.226615771094 0.437866257639 0.0603236180556 0.0608436484375
2 0.261717876172 0.431625883333 0.0478428694444 0.0421225257812
2 0.285704314453 0.431625884028 0.0353621208333 0.0292517539063
2 0.300330191797 0.426425571528 0.0374422458333 0.0304218257812
2 0.788834485937 0.419145135417 0.0561633680556 0.064353859375
2 0.75373238125 0.407704449306 0.0540832430556 0.0479728765625
2 0.731501047656 0.407704449306 0.0332819958333 0.038612315625
2 0.694643837891 0.402504138194 0.0312018736111 0.0327619648437
2 0.667147188672 0.396263763194 0.0312018708333 0.0269116132813
