0 0.248933998437 0.03596456875 0.0719291375 0.03470829375
0 0.287323471875 0.0331598583333 0.0663197166667 0.0315529921875
1 0.298367019141 0.0962366284722 0.0860111208333 0.0851930804688
1 0.344190564063 0.366014718056 0.0355263305556 0.02839769375
1 0.341035264844 0.325813865278 0.033656525 0.0305012265625
1 0.338931732031 0.2846781125 0.0299169138889 0.0157764953125
1 0.0701528210938 0.434730123611 0.046745175 0.0330254671875
2 0.511579185156 0.567486419444 0.312257766667 0.30921933125
2 0.916614442969 0.553462865972 0.164543015278 0.165127329687
2 0.0573212710938 0.615166495833 0.231856066667 0.114642542188
1 0.703120992188 0.438113600694 0.0305660652778 0.0143278421875
