0 0.355478877344 0.277031052778 0.037499975 0.009228509375
0 0.412168291797 0.296952913194 0.0304687291667 0.00659179296875
0 0.417441725781 0.348515378472 0.0210937347222 0.0065917921875
1 0.754282314453 0.311015403472 0.0304687263889 0.0131835851563
1 0.753623135156 0.277031052778 0.0281249805556 0.01450194375
2 0.147178239453 0.371952861111 0.0398437222222 0.0487792632812
2 0.224302210156 0.371952861111 0.0398437222222 0.031640603125
2 0.097739796875 0.381327855556 0.0445312194444 0.0474609046875
2 0.420737621875 0.38015598125 0.0187499875 0.0105468671875
2 0.396347990234 0.376640358333 0.0164062361111 0.0118652257813
5 0.060825759375 0.378984106944 0.0445312194444 0.0421874703125
5 0.0198660125 0.363749743056 0.0796874444444 0.039732025
2 0.379209329687 0.377812233333 0.0281249805556 0.017138659375
2 0.405576499609 0.38015598125 0.0187499875 0.0145019429688
5 0.441831357031 0.370780988194 0.0796874458333 0.0369140359375
5 0.59344258125 0.368437240972 0.173437384722 0.1265624125
