2 0.278354907422 0.403593465972 0.0187499875 0.0237304523437
2 0.300107822266 0.39890596875 0.0187499875 0.0171386585938
2 0.316587303906 0.396562220139 0.0140624902778 0.0158203015625
2 0.338999396875 0.396562220139 0.0140624902778 0.013183584375
2 0.249416589063 0.405391822917 0.0245282652778 0.034146184375
2 0.193979964453 0.409452838194 0.0351562263889 0.0500976195313
2 0.145859881641 0.415411069444 0.0232397583333 0.0303222460938
2 0.0753277023437 0.421171578472 0.0351562263889 0.05537105625
2 0.43589874375 0.395390344444 0.0210937361111 0.0145019421875
2 0.422715158984 0.394218472222 0.0281249805556 0.0145019429687
5 0.44842315 0.397734094444 0.0398437222222 0.0158203015625
5 0.497202414063 0.370780989583 0.0984374319444 0.050097621875
2 0.578940637109 0.386015352083 0.0257812319444 0.0237304523437
2 0.571689667188 0.407109088194 0.0351562263889 0.0250488109375
2 0.708798948047 0.407109088194 0.0960936847222 0.0566894148437
2 0.75691903125 0.402421592361 0.0492187180556 0.0421874703125
2 0.795151426953 0.401249716667 0.0421874694444 0.0342773195312
5 0.0542339675781 0.398905970139 0.0749999486111 0.0949218101562
2 0.00404571054687 0.419999703472 0.0515624625 0.00809142109375
2 0.971811461328 0.401249715972 0.0703124513889 0.0553710554688
2 0.396347990234 0.423515326389 0.0867186888889 0.0645995648437
2 0.533457271094 0.410624710417 0.0749999486111 0.05932613125
2 0.464243450781 0.401249715972 0.0515624652778 0.0369140359375
2 0.649116640625 0.449296560417 0.175781129167 0.169355890625
5 0.892050774219 0.416484083333 0.128906161111 0.172704959375
