0 0.646034824219 0.110969439583 0.0872449402778 0.01980230625
0 0.810910535938 0.434694070833 0.0183673555556 0.006887759375
0 0.730409862109 0.407143038194 0.0183673513889 0.00602678828125
0 0.994297098047 0.285459309722 0.044387775 0.00860969765625
0 0.145442392578 0.405175110417 0.0275510319444 0.0198023054688
1 0.171947965234 0.435787369444 0.0183673555556 0.00860969921875
1 0.152145660937 0.281195459028 0.0183673513889 0.029272975
1 0.178835721484 0.303389351389 0.0137755138889 0.0189413320312
1 0.168934570312 0.347995788194 0.0137755152778 0.0249681234375
1 0.518119329687 0.274635690278 0.0214285833333 0.0352997578125
1 0.820381203906 0.400364613889 0.009183675 0.0120535765625
2 0.725367035547 0.480357377778 0.0290816472222 0.0111926070312
2 0.784343464062 0.481122683333 0.0306122583333 0.012053578125
2 0.769706978516 0.483418601389 0.04132655 0.0137755164062
2 0.800271405859 0.491071664583 0.0658163569444 0.0352997601562
2 0.710874061328 0.479081858333 0.044897975 0.0189413351563
2 0.652615088281 0.478061455556 0.0397959388889 0.0361607296875
2 0.602678841406 0.481122682639 0.0397959430556 0.04477043125
4 0.438090128516 0.420918559028 0.101020454167 0.173054924219
3 0.534662228906 0.454847152778 0.044387775 0.020663275
3 0.884789957031 0.48418390625 0.0551020708333 0.012053578125
3 0.206632746484 0.49336758125 0.0826530930556 0.0189413351563
3 0.0219547292969 0.523469633333 0.356122616667 0.0439094585937
3 0.0951371597656 0.523724732639 0.334183840278 0.0714604914062
3 0.600382957812 0.513265555556 0.101020458333 0.020663275
3 0.673565388672 0.512500244444 0.120918419444 0.0396046101562
2 0.748326246484 0.483418602083 0.0596939069444 0.0352997617187
1 0.699537942578 0.431632849306 0.00918367916667 0.0111926070312
6 0.840019526563 0.546939034722 0.287755233333 0.060267884375
7 0.847768254297 0.598214566667 0.209693969444 0.0878189179687
2 0.450430705859 0.506122682639 0.205102129167 0.262595782031
2 0.569101020312 0.482143072917 0.0352040986111 0.018941334375
2 0.695807089844 0.488520635417 0.0474490013889 0.0352997609375
