1 0.695442627734 0.414716977083 0.0347043513889 0.0341620945313
1 0.657864324609 0.421657846528 0.0242930430556 0.0390423929687
1 0.568554850391 0.446818498611 0.022557825 0.0165930164062
1 0.524144128906 0.439010019444 0.0312339138889 0.01561695625
2 0.609061334375 0.48152285 0.0433804361111 0.027329675
2 0.479245375781 0.439010019444 0.0312339138889 0.0663720671875
2 0.584659838672 0.483258067361 0.0537917430556 0.0351381539063
2 0.547081533984 0.489331327778 0.0971721777778 0.0575875304687
2 0.40652891875 0.478920022222 0.0832904388889 0.05953965
2 0.346989269922 0.484125676389 0.138817397222 0.110294760156
2 0.642266801172 0.485860892361 0.0728791319444 0.0605545757813
2 0.672505222266 0.5474611125 0.161375225 0.122983538281
2 0.475829167188 0.516227198611 0.137082180556 0.123959598438
2 0.188379546875 0.580430245833 0.650706552778 0.37675909375
