0 0.116577875 0.322037701389 0.0469194 0.01559536875
0 0.0985832175781 0.4073457 0.0383886 0.0131960820313
0 0.37210199375 0.360426302083 0.0383885986111 0.00839750625
0 0.486667972656 0.434004451389 0.0277251 0.00959715
0 0.0919289839844 0.451066051389 0.0191943 0.0121088257812
0 0.105181259375 0.4499997 0.021327 0.0095971515625
0 0.0973835746094 0.320971352083 0.0490520986111 0.0131960820312
0 0.382298966406 0.359359952778 0.0362559 0.0071978625
1 0.0225995363281 0.30817515 0.0319905 0.0451990726562
1 0.415888991406 0.358293602083 0.0255924013889 0.0359893125
1 0.478270467188 0.402013951389 0.0234597 0.0167950125
1 0.485468328516 0.367890752778 0.0191943 0.0167950132812
2 0.415376650391 0.479857500694 0.0277250986111 0.0263921632813
2 0.890947917187 0.487321951389 0.0789099 0.105568651563
2 0.966467724219 0.490521001389 0.0767772 0.0670645515625
