2 0.837799557031 0.516876846528 0.102015170833 0.11859263125
3 0.661823394922 0.482021664583 0.0629093569444 0.0172150601562
8 0.781372417969 0.487972546528 0.0510075819444 0.01912784375
8 0.7636791625 0.498174065972 0.0850126430556 0.0583399234375
8 0.746942299219 0.521127478472 0.144521490278 0.082249728125
8 0.734509200781 0.532179121528 0.1734257875 0.11859263125
8 0.69864449375 0.567884429167 0.183627302778 0.182670907813
1 0.021040628125 0.265239433333 0.0578085944444 0.017215059375
2 0.890879323438 0.490522926389 0.0255037916667 0.0143458828125
1 0.844972497656 0.425913322917 0.0357053125 0.0162586671875
