2 0.123174246875 0.515905665278 0.0340157555556 0.038267728125
2 0.212266299609 0.506338733333 0.0361417416667 0.0418553273437
2 0.279234820703 0.504212749306 0.0276378041667 0.0298966617188
2 0.356966142188 0.498897786806 0.0170078791667 0.0227214625
2 0.337234344922 0.493582826389 0.0361417416667 0.0287007945313
2 0.307935617969 0.496771802778 0.0297637888889 0.0298966609375
2 0.556277227734 0.473385966667 0.0127559083333 0.0155462632813
2 0.539535095703 0.477637938194 0.0127559097222 0.0179379960938
2 0.483329373438 0.473385966667 0.0127559083333 0.01315453125
2 0.461803775781 0.476574945833 0.0148818944444 0.0203297296875
2 0.438484379687 0.478700930556 0.0191338638889 0.0263090625
2 0.399618719141 0.481889909028 0.0212598513889 0.0227214648438
2 0.427123648047 0.501023772222 0.0255118194444 0.0251131960938
2 0.504257035547 0.473385966667 0.0127559083333 0.0119586648437
2 0.523988832422 0.469133999306 0.0212598486111 0.00837106484375
2 0.515617767187 0.467008013194 0.0170078763889 0.008371065625
1 0.554483427734 0.441496197222 0.0255118194444 0.0143503976563
1 0.505452921094 0.443267838889 0.0148818916667 0.01674213125
1 0.576009041797 0.44433083125 0.0510236347222 0.0287007945313
2 0.393639386328 0.518031651389 0.0680315166667 0.0490305242187
2 0.480937657812 0.486496202083 0.0148818930556 0.01315453125
2 0.462401726172 0.518031651389 0.0680315166667 0.0430511914062
