1 0.634206699219 0.299527795833 0.0655932166667 0.0317478765625
1 0.568994845312 0.346815923611 0.0289830416667 0.018019065625
1 0.515795704297 0.409358284722 0.0167796638889 0.00943855546875
2 0.521373036328 0.484866743056 0.0457627 0.0188771164063
2 0.535101844141 0.483341319444 0.0549152472222 0.0171610101562
2 0.389233228516 0.466561663889 0.027457625 0.0137288132812
2 0.344185567969 0.478765046528 0.0396610069444 0.0351800828125
2 0.472035117188 0.475787872917 0.0337066597222 0.0128707609375
2 0.485852123828 0.46407809375 0.0407955708333 0.0181954539062
2 0.367177355859 0.459853196528 0.0628542375 0.0331128148438
2 0.287983249609 0.4909684375 0.115932191667 0.0961016804687
2 0.126240696484 0.500120975694 0.338644001389 0.251408849219
1 0.411971570703 0.425375233333 0.0183050944444 0.0128707601562
0 0.385801024219 0.417857065278 0.01808715 0.0068644046875
0 0.490912234375 0.411864342361 0.0152542291667 0.0094385578125
2 0.432993812891 0.487699664583 0.112881329167 0.0737923601563
5 0.580728692969 0.456482964583 0.141101665278 0.078940665625
0 0.364505148438 0.412122028472 0.0204133097222 0.008420490625
