1 0.460288376172 0.157031141667 0.0234374833333 0.0395507539062
0 0.371299178906 0.324609152083 0.0257812319444 0.0092285078125
0 0.226938926953 0.393749729167 0.0281249805556 0.00527343359375
0 0.180796380469 0.393749729167 0.0281249805556 0.005273434375
3 0.520273686328 0.401952848611 0.0632812055556 0.0171386601563
3 0.768784257422 0.397265352083 0.152343645833 0.0395507539062
3 0.933579066016 0.373827868056 0.236718586111 0.0527343382813
4 0.445786432812 0.384374735417 0.215624851389 0.116015545312
2 0.237485794531 0.455859061806 0.110156173611 0.068554640625
2 0.190024889844 0.462890306944 0.0679687027778 0.0290038859375
2 0.330430066797 0.509765274306 0.269531065278 0.180615110156
2 0.0720318070312 0.59929645625 0.471093426389 0.143701073437
