2 0.392847562109 0.636007963194 0.0519897513889 0.0292442351562
2 0.466445553906 0.636874459028 0.0259948763889 0.0204709640625
2 0.514698542969 0.635141467361 0.0259948763889 0.0214457734375
2 0.589271342969 0.640340442361 0.0433247930556 0.0126725015625
2 0.561489319922 0.632541979167 0.07278565 0.0506900101562
2 0.433789491406 0.644672922222 0.0762516361111 0.0487403921875
2 0.866600108203 0.775290134722 0.395469097222 0.265661344531
1 0.413318526953 0.585751204167 0.0381258194444 0.0194961570313
1 0.382124675391 0.591816674306 0.0294608597222 0.0272946195313
2 0.478630652344 0.636007963194 0.0207959013889 0.0077984625
