0 0.375078266016 0.435489827083 0.0461331319444 0.00819470078125
0 0.5840431375 0.258241481944 0.0849820833333 0.0163894015625
0 0.388736100391 0.435489827778 0.05098925 0.0109262679687
0 0.364834889453 0.439131915278 0.0437050694444 0.00956048359375
0 0.602481214453 0.258241482639 0.0898382013889 0.0177551851562
0 0.566970844141 0.2594555125 0.0874101444444 0.0150236179688
0 0.801202710156 0.567819070139 0.0242805958333 0.0136578359375
2 0.354591512891 0.674827097917 0.177248343056 0.150236180469
2 0.527363122266 0.633550086111 0.230665652778 0.127017861719
2 0.746571371094 0.754953061806 0.274370723611 0.213062221875
2 0.934366598828 0.677255158333 0.133543275 0.121554728906
2 0.614090373828 0.639620233333 0.0631295444444 0.0491682054687
2 0.443367439062 0.6335500875 0.0461331333333 0.03551036875
2 0.462488408203 0.622623816667 0.0291367111111 0.0163894023437
1 0.788398510156 0.554811597917 0.0388489513889 0.0054631328125
1 0.280387569531 0.489613254167 0.0106779638889 0.0163029625
0 0.298406633594 0.550630192361 0.0198305041667 0.00772245625
1 0.62446589375 0.224952286806 0.0671186291667 0.0042902546875
