0 0.422197794922 0.438091295139 0.0291367125 0.00682891640625
0 0.578580003906 0.437224140278 0.0218525333333 0.005463134375
0 0.261035344141 0.490641446528 0.0267086541667 0.00682891640625
1 0.523265773828 0.387448919444 0.0437050694444 0.0177551867187
1 0.522582882031 0.420227725694 0.0267086569444 0.0136578359375
1 0.529411799219 0.465146826389 0.0194244777778 0.01092626875
1 0.543069633594 0.484571302778 0.019424475 0.0081947015625
1 0.565605060156 0.479715180556 0.0242805972222 0.0068289171875
1 0.592237839453 0.443294286111 0.0291367138889 0.0109262679687
1 0.513705288672 0.473645031944 0.0218525333333 0.00682891640625
1 0.46726865 0.431153990278 0.0242805972222 0.0259498875
1 0.1811370125 0.488213388194 0.0169964152778 0.01092626875
2 0.345031028906 0.541283825 0.0558453694444 0.01912096875
2 0.318398251953 0.550996063889 0.0801259638889 0.0587286898438
2 0.177039660156 0.553424122917 0.0655576069444 0.0546313390625
2 0.531460473438 0.544925914583 0.0728417875 0.0423392859375
2 0.603164104688 0.559494270833 0.155395808333 0.101067976563
2 0.659161228906 0.586202926389 0.140827452778 0.0928732765625
2 0.797788251172 0.591059044444 0.349640569444 0.315495982031
2 0.941878407422 0.706391872917 0.313219676389 0.114725810156
2 0.0814348191406 0.5764906875 0.135971333333 0.161162449219
2 0.246011727734 0.578918747917 0.135971331944 0.124286296094
2 0.434089109375 0.634457430556 0.305322127778 0.227284364062
5 0.421514905078 0.469656069444 0.0194244777778 0.0355103710937
0 0.630479776172 0.476940248611 0.0145683583333 0.0109262679688
0 0.0356810726562 0.469656069444 0.0194244777778 0.0095604828125
