2 0.44487324375 0.508016671528 0.0202531569444 0.0113924015625
2 0.435379576172 0.508016671528 0.0236286819444 0.0113924007812
2 0.523670679687 0.518143250694 0.0202531569444 0.013291134375
2 0.531740296875 0.520674894444 0.0253164444444 0.016139234375
2 0.542658014063 0.524050420139 0.0354430236111 0.0151898671875
2 0.422563125781 0.508860553472 0.0556961791667 0.021835434375
2 0.398828958203 0.512236079167 0.0759493361111 0.0389240351563
2 0.356677068359 0.542615813889 0.109704597222 0.0560126367188
2 0.379461868359 0.531645354167 0.0911392027778 0.0503164351563
2 0.295822663672 0.579746600694 0.207594854167 0.124556908594
2 0.464809944141 0.505485027083 0.0118143402778 0.00949366640625
2 0.583195983594 0.554430154861 0.126582226389 0.0962657484375
2 0.701297195703 0.566244495139 0.123206701389 0.118670838281
5 0.129588555469 0.481856345139 0.815189543056 0.257278378125
0 0.465759310938 0.335020960417 0.0421940763889 0.0151898671875
0 0.724271881641 0.465653835417 0.0320674986111 0.0104430335937
0 0.460727678906 0.459915425 0.0185653944444 0.0066455671875
0 0.464999828906 0.477636936806 0.0135021041667 0.0075949328125
0 0.521012464844 0.489451278472 0.0135021041667 0.0056962
0 0.370063158203 0.4194091125 0.0219409194444 0.00949366640625
1 0.352689730078 0.428691809722 0.0270042083333 0.0161392335938
1 0.367404914063 0.4354428625 0.0202531583333 0.013291134375
1 0.366455547266 0.454008254861 0.0236286819444 0.0132911335938
1 0.404430215234 0.459915425 0.0354430222222 0.00949366640625
1 0.408607437891 0.438818388194 0.0270042097222 0.0144303554687
1 0.425316282812 0.447257202778 0.0202531555556 0.0170886
2 0.619461774609 0.53839640625 0.0641349958333 0.0294303679687
1 0.609398482031 0.489451278472 0.0270042097222 0.0085443015625
2 0.963607203906 0.635949114583 0.101265781944 0.068354403125
