2 0.340451116797 0.570460695833 0.0655932055556 0.0506249898437
2 0.369195814844 0.560545445139 0.0549152458333 0.02402541875
2 0.385927803516 0.560545445139 0.0457627041667 0.0180190632812
2 0.477310201172 0.552155615972 0.0289830458333 0.0154449117188
2 0.486319733984 0.555206461806 0.0289830430556 0.0128707601562
2 0.496187316406 0.553681036806 0.0350847375 0.0137288109375
2 0.508629051172 0.559782732639 0.0594915180556 0.0248834710937
2 0.545954257031 0.580375949306 0.1098304875 0.089237271875
2 0.600011449609 0.559020019444 0.0549152444444 0.0394703320312
2 0.623178817578 0.570460694444 0.0686440527778 0.0463347367188
2 0.692680923828 0.580375949306 0.1098304875 0.108114386719
2 0.437949063281 0.557542267361 0.0472881263889 0.04118643125
0 0.418557113281 0.474406690278 0.0152542361111 0.0085805078125
0 0.524955397656 0.475932113889 0.0183050833333 0.0085805046875
2 0.477762610937 0.520169391667 0.0122033861111 0.00858050625
1 0.778888890625 0.377542641667 0.0436826194444 0.0163809828125
1 0.776548749609 0.442026507639 0.0187211236111 0.0234014039063
1 0.0331421941406 0.358365540972 0.0594915152778 0.0308898257813
