0 0.638698671875 0.258263915972 0.0381228986111 0.017659871875
0 0.6576199625 0.253778867361 0.0381228986111 0.0151370328125
0 0.389568346094 0.213413449306 0.0426079430556 0.0138756140625
0 0.0407858855469 0.108014850694 0.0650331763889 0.0176598710938
1 0.940177903125 0.131935111111 0.0784883166667 0.0252283875
1 0.448224345703 0.344601063194 0.0269102819444 0.0126141945312
1 0.446332216406 0.314326998611 0.0156976638889 0.0163984515625
0 0.477236991016 0.336752230556 0.0246677583333 0.0126141929687
0 0.0647528542969 0.123338783333 0.0717607472222 0.0201827101563
0 0.0168189175781 0.10876238125 0.0695182236111 0.0201827085938
1 0.130346662109 0.250041352778 0.0246677583333 0.0176598710937
0 0.115840339844 0.333388447917 0.0313953263889 0.0138756140625
2 0.313883182031 0.389825294444 0.0515780361111 0.0416268390625
2 0.414166022656 0.387582770833 0.0426079416667 0.0277512265625
2 0.824758029688 0.381602697917 0.0695182236111 0.084515096875
2 0.966037000391 0.380481436806 0.0627906541667 0.0643323882812
1 0.548507186328 0.374127633333 0.0201827138889 0.0113527742187
1 0.535262282031 0.367400061806 0.0201827097222 0.01261419375
1 0.519494540234 0.374127633333 0.0201827138889 0.0138756132812
2 0.347026100391 0.393164141667 0.0254651638889 0.0207520992188
0 0.376954150781 0.214160978472 0.0515780375 0.0138756125
0 0.401551828125 0.215282240278 0.0448504666667 0.01261419375
0 0.455792861719 0.280689148611 0.0515780361111 0.0100913546875
1 0.466719389063 0.233359694444 0.0238035388889 0.017215059375
1 0.681907630469 0.173425782639 0.0153022736111 0.0277353734375
1 0.669474532031 0.185752615972 0.0153022736111 0.009563921875
0 0.378731307422 0.366829538194 0.0136020236111 0.00573835390625
0 0.394511778516 0.365979410417 0.0153022736111 0.00478196171875
1 0.247227380078 0.353652578472 0.0136020236111 0.0124330976563
1 0.946637005469 0.0714106166667 0.03060455 0.047819609375
1 0.772127296484 0.348551820833 0.0374055611111 0.00765113828125
