2 0.48751413125 0.292635936111 0.0917673638889 0.047030775
2 0.0531485933594 0.374206926389 0.0183534722222 0.0160592882813
2 0.0749433441406 0.372847415278 0.0224320222222 0.0229418414062
2 0.0967380917969 0.372847415278 0.0224320222222 0.0252360257813
2 0.109929651953 0.382024150694 0.0203927458333 0.0355598539063
2 0.144915961719 0.379984875694 0.0244712958333 0.0344127640625
2 0.173593260937 0.377945602083 0.0163141958333 0.0321185765625
2 0.0393834878906 0.390181250694 0.0285498458333 0.0435894992188
2 0.030121921875 0.418731095833 0.0530211444444 0.0503023890625
2 0.182769998047 0.414312663194 0.0346676680556 0.0206476570312
2 0.206285385547 0.414652548611 0.0530211444444 0.0332656695313
2 0.354833808594 0.44762081875 0.0999244652778 0.1032382875
2 0.144915959766 0.416012059028 0.0448640458333 0.0298243945312
2 0.093296815625 0.433345894444 0.0917673638889 0.0734138921875
