1 0.178367142187 0.442065725 0.0170025305556 0.0200842375
1 0.583399234375 0.382556877083 0.0136020208333 0.01912784375
1 0.25860845625 0.436114836806 0.0119017680556 0.0114767046875
1 0.265303192969 0.465869261806 0.0136020208333 0.017215059375
0 0.259564841016 0.502424695833 0.0187027805556 0.0133894898438
0 0.297437971094 0.397859148611 0.0306045472222 0.0076511375
0 0.429420092187 0.393608518056 0.0289042972222 0.0076511375
0 0.545143548047 0.475220651389 0.015302275 0.0133894898438
0 0.307480090234 0.400409529861 0.0357053097222 0.00860752890625
0 0.43707123125 0.395308770833 0.0289042972222 0.0095639234375
1 0.826322850391 0.491373052778 0.0476070777778 0.0133894898438
0 0.169281416406 0.490522923611 0.0221032861111 0.017215059375
0 0.598223313672 0.444616102778 0.0221032861111 0.0181714507812
3 0.581008254297 0.511776085417 0.0306045486111 0.0124330976562
3 0.559967627344 0.535579625 0.0170025305556 0.0105203140625
3 0.549925508594 0.52367785625 0.0442065736111 0.0076511375
3 0.273528166406 0.541530509722 0.0187027833333 0.009563921875
3 0.249618360938 0.544080890972 0.0442065736111 0.015302275
2 0.462415623438 0.527078361806 0.0170025291667 0.0143458828125
2 0.413161426172 0.532179120139 0.0170025291667 0.0133894914063
2 0.3964245625 0.533879373611 0.0272040472222 0.0200842359375
2 0.496367546094 0.527078361111 0.0374055638889 0.036342903125
3 0.472457741797 0.525378110417 0.0442065736111 0.0114767070313
2 0.43707123125 0.536429752083 0.0629093541667 0.0420812578125
2 0.625002295313 0.551732027083 0.134319973611 0.109985103125
7 0.711077591406 0.575535566667 0.0663098583333 0.0296481578125
7 0.727336258594 0.560233290972 0.100314918056 0.027735371875
7 0.525537508203 0.594238346528 0.0765113763889 0.0219970210938
6 0.524102920313 0.556832785417 0.144521490278 0.032517334375
0 0.446156955859 0.470970018056 0.0204030333333 0.0105203132813
0 0.400728326953 0.476070778472 0.0170025291667 0.00765113671875
2 0.325651540625 0.547481396528 0.0884131458333 0.0659910625
3 0.854919001562 0.538980133333 0.166624775 0.0353865109375
2 0.0506887859375 0.618041886806 0.137720473611 0.101377571875
2 0.143937023828 0.582336578472 0.1139169375 0.104246747656
