1 0.628651420703 0.480724065972 0.0413265541667 0.0421875195312
1 0.689349791797 0.480724064583 0.0505102319444 0.0533801273438
1 0.728523915625 0.515928161806 0.0198979680556 0.018080365625
1 0.744451855469 0.533530206944 0.0214285777778 0.0137755171875
2 0.345822850781 0.636081277778 0.0459183888889 0.0568240046875
2 0.447417283594 0.608530247222 0.0459183888889 0.0568240046875
2 0.551594626563 0.5794486 0.0581632916667 0.0740434
2 0.650175666797 0.575622065972 0.0321428736111 0.0318558820313
2 0.737564098438 0.554193484028 0.0260204208333 0.0309949125
2 0.863696170703 0.563377163194 0.0382653236111 0.0111926070313
2 0.886511870312 0.564907777083 0.0596939069444 0.0344387921875
2 0.91363241875 0.568734309722 0.0612245222222 0.028412003125
2 0.946349267969 0.580213903472 0.0627551291667 0.057684975
2 0.970025936719 0.57409145625 0.0750000347222 0.055102065625
2 0.620472207813 0.581744517361 0.0290816458333 0.0275510328125
2 0.702694822266 0.567203695833 0.0306122583333 0.0352997601562
2 0.807733134766 0.604703710417 0.160714359722 0.114508980469
