2 0.0452319660156 0.576674591667 0.0858262805556 0.0904639320312
2 0.131733218359 0.564179061111 0.0654565111111 0.0821521773437
2 0.260273695312 0.538960425694 0.0311938513889 0.0272946203125
2 0.289030526172 0.538960426389 0.0277278666667 0.0282694273437
2 0.311451106641 0.5372274375 0.0207959027778 0.0185213492188
2 0.346544189063 0.552824360417 0.0554557347222 0.039967121875
2 0.398371478125 0.54069341875 0.0415918013889 0.0350930828125
2 0.427615713672 0.533761452778 0.0381258194444 0.0233953882813
2 0.444187446484 0.527695979861 0.0363928236111 0.0194961585937
2 0.472944277734 0.524229998611 0.0329268416667 0.0360678914063
2 0.505112936719 0.520764014583 0.0259948736111 0.0243701953125
2 0.515835822656 0.51209905625 0.0294608597222 0.0282694265625
2 0.225780392578 0.548363245833 0.0430675194444 0.0401918742188
0 0.0877327070312 0.403498258333 0.0190629111111 0.01949615625
0 0.301703028125 0.444223563889 0.0173299166667 0.0126725015625
0 0.381149867969 0.349775514583 0.0190629097222 0.013647309375
0 0.355804864062 0.445956541667 0.0277278694444 0.0194961578125
0 0.0984555933594 0.469640759722 0.0207959 0.0194961570312
1 0.0882201089844 0.501412290278 0.03119385 0.0185213492187
0 0.0848082824219 0.470218439583 0.0207959013889 0.0155969257813
1 0.374326212109 0.441335227778 0.0207959 0.0292442335937
1 0.364090730859 0.353819145833 0.0190629111111 0.0146221164063
1 0.483017288281 0.45000019375 0.0103979513889 0.016571734375
