0 0.322661396875 0.06877865 0.0855675472222 0.0175465421875
0 0.308526682422 0.0667201826389 0.0814506125 0.0126725023438
0 0.342157553516 0.0710526597222 0.0831836027778 0.0155969242187
0 0.502513444531 0.3743262125 0.0138639333333 0.0048740390625
0 0.483504691797 0.372593220833 0.0138639333333 0.00194961640625
1 0.210071091406 0.154236264583 0.0450577847222 0.039967121875
1 0.260761098828 0.0840500972222 0.0329268416667 0.0653121257812
2 0.484680723828 0.401187585417 0.0190629069444 0.0171440929687
2 0.460109303906 0.405520064583 0.0277278652778 0.0214457734375
2 0.521830866797 0.40205408125 0.0207958986111 0.0149795867187
2 0.544004138672 0.408945797917 0.0380453208333 0.0171386601563
2 0.562461157422 0.403491082639 0.0583297402778 0.0303222445313
2 0.6336251 0.488703665972 0.249550809722 0.17936464375
2 0.29720555 0.48525899375 0.311981131944 0.282915960937
2 0.780239394141 0.399883727778 0.0563304611111 0.0904685554687
2 0.906243366797 0.407995111111 0.147553180556 0.186507246094
0 0.971883422266 0.285943636111 0.0485237722222 0.0214457726563
0 0.159669634766 0.335976675 0.0316412888889 0.0132496054687
0 0.148658197266 0.336200395139 0.0277278680556 0.0107228867187
