1 0.394776646484 0.251409363889 0.0336876055556 0.0400040335938
1 0.449519008594 0.207740244444 0.0162199583333 0.0231602296875
1 0.449168096094 0.242675542361 0.0611367680556 0.0659715640625
1 0.516192397656 0.244547073611 0.0798521055556 0.0652697390625
1 0.560758294922 0.244547074306 0.0424214319444 0.0210547554688
1 0.449869920703 0.280730060417 0.0174676458333 0.0112292023437
1 0.504963195313 0.337499916667 0.0137245805556 0.014738328125
1 0.481452052734 0.345609895833 0.00748613611111 0.00561460078125
1 0.487417566406 0.341242985417 0.00873382638889 0.0091237265625
1 0.61585156875 0.250993472222 0.0586413888889 0.0231602296875
0 0.626963829297 0.309801222222 0.0182162694444 0.00842190078125
2 0.498646769141 0.388343248611 0.0474121888889 0.0357930835938
2 0.216863971094 0.383040570139 0.0274491597222 0.0378985578125
2 0.295819300391 0.376754276389 0.0200587222222 0.0217565789063
2 0.329155994922 0.38179288125 0.0224584041667 0.0210547554687
2 0.365299989844 0.377550745139 0.0174676458333 0.0231602296875
2 0.529807801172 0.378673659028 0.0162199597222 0.0133346773438
1 0.259824047656 0.23882333125 0.0599716652778 0.0775165671875
1 0.343800328125 0.206923509722 0.0140359222222 0.022967871875
1 0.334469630469 0.249669270833 0.0561436861111 0.043064759375
