1 0.107957446875 0.152863188889 0.083252725 0.02387394375
1 0.2562513625 0.207548802083 0.0163240625 0.0156098859375
1 0.119128683594 0.330725528472 0.0293833152778 0.0110187421875
1 0.120046912891 0.370719486111 0.0277509083333 0.0110187445313
2 0.338826348047 0.345253947917 0.0212212819444 0.0275468554687
2 0.0830231660156 0.33409916875 0.0304715875 0.0531042164062
4 0.138499473047 0.307436532639 0.0489721902778 0.0376473726562
2 0.0284650859375 0.3297460875 0.0457073777778 0.0541754875
2 0.366569969922 0.325548468056 0.032648125 0.0192828023437
2 0.381720741016 0.333710497917 0.0163240625 0.0165281148437
2 0.433141542188 0.338607717361 0.0261185013889 0.0202010296875
2 0.490946221484 0.341445007639 0.0310157208333 0.0330562304687
2 0.514820164844 0.347974634722 0.0342805361111 0.0293833140625
2 0.216767532812 0.430255682639 0.218742454167 0.224966003125
2 0.356338279687 0.347819161111 0.0538694111111 0.0394838296875
2 0.408677307813 0.344554349306 0.0506045986111 0.0413202859375
2 0.456884308984 0.338024723611 0.0375453472222 0.0293833148438
1 0.553997922656 0.248125770139 0.0163240625 0.007345828125
2 0.638627980469 0.235882720833 0.0310157222222 0.0394838296875
2 0.654237867187 0.239147533333 0.0277509083333 0.022955715625
2 0.679030038281 0.23833133125 0.0391777541667 0.0413202859375
4 0.573564931641 0.316803439583 0.128960104167 0.100086916406
