2 0.2129334875 0.609710096528 0.166836809722 0.17822074375
2 0.0829270503906 0.683666520833 0.321428716667 0.162723286719
2 0.723214610547 0.582159061111 0.133163325 0.137755164844
2 0.887461410547 0.593154363194 0.272449104167 0.219547292969
1 0.719614200391 0.423740624306 0.0520408402778 0.0344387914063
1 0.717031289844 0.385475301389 0.0214285833333 0.0172193953125
1 0.723058079297 0.456648801389 0.0137755138889 0.0189413351563
1 0.181938575391 0.324250784028 0.0367347125 0.0215242445312
1 0.175050817187 0.373230396528 0.0704081958333 0.04218751875
1 0.174189847266 0.418383479861 0.0168367430556 0.0232461851563
3 0.447847782031 0.558928822917 0.0382653236111 0.0094706671875
3 0.633673753516 0.554847188194 0.0382653236111 0.0129145476562
