1 0.505112563672 0.548905865972 0.0374999736111 0.0184570179688
1 0.352182980859 0.553593361806 0.0421874708333 0.0184570179687
2 0.327793350391 0.579374595139 0.0187499875 0.0171386601563
2 0.272422294141 0.582890218056 0.0210937333333 0.0224120945313
2 0.132676296094 0.595780833333 0.037499975 0.0461425453125
2 0.434580386328 0.57234335 0.0187499888889 0.00922850859375
2 0.392392914062 0.573515223611 0.0117187416667 0.0118652265625
2 0.427329414062 0.573515222917 0.0164062375 0.0105468671875
2 0.443808894922 0.578202720833 0.0164062388889 0.0145019429688
2 0.4075540375 0.577030847222 0.037499975 0.0210937359375
2 0.0251394460938 0.610347622917 0.0505538625 0.0502788921875
2 0.372101994531 0.572274490972 0.0170616013889 0.01079679375
