1 0.568312974219 0.421983485417 0.105712495833 0.0604380859375
2 0.339233130469 0.545025897222 0.168100197222 0.10332963125
2 0.443050166406 0.527695980556 0.0502567611111 0.034118275
2 0.394797177734 0.508633071528 0.0433247930556 0.0214457726563
2 0.428428048047 0.505167088194 0.0259948763889 0.0165717335938
2 0.465958150391 0.507766576389 0.0207959027778 0.0155969257813
2 0.412831122656 0.491303154167 0.015596925 0.0107228859375
2 0.478143248047 0.497368625 0.0138639333333 0.00682365390625
2 0.485454307031 0.501701104861 0.0155969263889 0.0077984625
2 0.495202385937 0.497368625 0.0138639333333 0.0116976953125
2 0.509824503516 0.499101616667 0.0138639333333 0.0136473101563
2 0.439638338672 0.497368624306 0.0103979486111 0.00974807890625
2 0.451823436719 0.493902641667 0.0173299166667 0.0107228859375
2 0.0321686589844 0.479172211806 0.0398588097222 0.0643373179688
2 0.0989429964844 0.480905202778 0.0398588083333 0.0555640476562
2 0.132573867187 0.491303155556 0.0329268444444 0.066286934375
2 0.192524549219 0.49216965 0.0277278666667 0.04581596875
2 0.169129161328 0.488703666667 0.0207959 0.0263198117187
2 0.227130228516 0.485237683333 0.03119385 0.0350930835938
2 0.259786290625 0.491303153472 0.0225288902778 0.0282694265625
2 0.291954949609 0.490436658333 0.0173299166667 0.0204709648437
2 0.284643891016 0.488703666667 0.0277278666667 0.0214457726563
1 0.521522197656 0.458376311111 0.015596925 0.015596925
1 0.464495938672 0.456643319444 0.0190629083333 0.0185213492187
