0 0.245395945313 0.575858972222 0.0210937361111 0.01054686875
0 0.291538491797 0.465702797917 0.0351562263889 0.00791015078125
0 0.559824439844 0.500859023611 0.035156225 0.0092285078125
0 0.671225730469 0.497343401389 0.037499975 0.0210937359375
0 0.652768712891 0.493827778472 0.0398437236111 0.0158203023438
0 0.0812603164063 0.490312154861 0.0328124763889 0.02241209375
0 0.0575298636719 0.484452784722 0.0398437222222 0.0171386601562
0 0.30340371875 0.466874670833 0.0328124777778 0.01054686875
1 0.0542339675781 0.451640307639 0.0257812319444 0.0421874710937
0 0.138608909375 0.384843479167 0.0468749666667 0.0210937359375
1 0.06214411875 0.428202823611 0.0210937361111 0.015820303125
1 0.0515972507813 0.396562220139 0.0328124763889 0.01054686875
1 0.0344585902344 0.389530975 0.0187499861111 0.0184570179687
1 0.104990768359 0.3707809875 0.0421874694444 0.0197753773437
1 0.644858562109 0.403593465278 0.0281249805556 0.0184570179688
1 0.643540203125 0.427030950694 0.0281249819444 0.0369140375
1 0.683065932812 0.422343453472 0.0281249819444 0.01850706875
1 0.589487505469 0.541874620139 0.0328124763889 0.01054686875
1 0.574326382422 0.526640255556 0.0164062388889 0.0145019429687
1 0.240122510937 0.548905865278 0.0281249805556 0.0105468671875
1 0.267808039063 0.482109036806 0.0257812319444 0.013183584375
1 0.571689665625 0.54656211875 0.0187499875 0.009228509375
3 0.172886230859 0.606327701389 0.0585937111111 0.0237304539062
2 0.235508257031 0.628593311111 0.0796874444444 0.072509715625
2 0.683750135547 0.660233914583 0.2742185625 0.209618996094
2 0.102263416406 0.725858868056 0.311718533333 0.204526832813
2 0.880437053516 0.779765079861 0.438280948611 0.239125892969
2 0.420737621094 0.721171371528 0.532030881944 0.406054407813
2 0.857357892969 0.617061191667 0.0682464 0.0695793375
