2 0.505470311328 0.313058771528 0.0145608708333 0.00936056171875
2 0.480898837891 0.313058774306 0.0312018736111 0.0444626648437
4 0.436436172266 0.308898524306 0.0228813736111 0.0257415445312
2 0.450477015234 0.321379273611 0.0187211222222 0.0210612648438
2 0.433510996875 0.327619646528 0.0270416208333 0.01989119375
2 0.411864697656 0.350501019444 0.0686441166667 0.04680280625
2 0.383783014453 0.34842089375 0.0436826180556 0.0210612632812
2 0.379687769922 0.352581144444 0.0395223694444 0.0198911929687
2 0.357456435937 0.358821518056 0.0478428694444 0.038612315625
2 0.327619646875 0.34218051875 0.0270416208333 0.0397823859375
2 0.321769295703 0.370262203472 0.0582434930556 0.0678640695313
2 0.277891663281 0.379622765972 0.0852851152778 0.0596735796875
2 0.149183946875 0.445146694444 0.266255963889 0.246884804687
2 0.255660332031 0.382742952083 0.0956857375 0.0315918953125
2 0.0415374914063 0.374422454861 0.0291217458333 0.0737144203125
2 0.0380272800781 0.445146695139 0.145608731944 0.0737144210938
4 0.516585978125 0.305258304861 0.0228813708333 0.0152109109375
2 0.519511153516 0.321899304861 0.0312018708333 0.0187211226562
2 0.552273117578 0.332299927778 0.0686441166667 0.0444626648437
2 0.599075925781 0.357261424306 0.0936056125 0.079564771875
2 0.654069223438 0.313578804167 0.0603236166667 0.0374422453125
2 0.675715521484 0.29797786875 0.0540832430556 0.0526531585937
2 0.733341476562 0.419665168056 0.226733597222 0.22816368125
2 0.476511075781 0.403024167361 0.164329851389 0.112326735938
1 0.780583042969 0.128819140278 0.0436826194444 0.0269116140625
1 0.556953399609 0.251695095139 0.0124807486111 0.00936056015625
1 0.553443189453 0.268336090278 0.01248075 0.0140408414062
0 0.414497355859 0.253775220139 0.0228813736111 0.00702042109375
0 0.419762672656 0.248574906944 0.0291217472222 0.01053063125
0 0.504007724609 0.252735156944 0.0208012472222 0.00585035078125
0 0.508688005469 0.25377521875 0.0187211236111 0.008190490625
