0 0.578139076562 0.350592129861 0.0408060680556 0.0372992953125
0 0.312644615625 0.460768502083 0.0136020208333 0.0086075296875
1 0.338467205469 0.46416900625 0.0170025263889 0.0066947453125
2 0.305567305078 0.487972547917 0.0136020208333 0.0143458835937
2 0.269702598047 0.49222318125 0.0153022736111 0.0114767070312
2 0.256791301562 0.4981740625 0.0136020222222 0.0143458828125
2 0.247705576953 0.50072444375 0.0153022736111 0.0191278445312
2 0.230968714062 0.504124945833 0.0187027805556 0.014345884375
2 0.218535615625 0.508375580556 0.0136020222222 0.0124330984375
2 0.204667927734 0.510925959028 0.0153022736111 0.0153022742187
2 0.317522205859 0.486272294444 0.0204030333333 0.00765113671875
2 0.325651541406 0.492223180556 0.0255037916667 0.014345884375
2 0.334737266016 0.497323938194 0.0323048013889 0.0114767054687
2 0.346213974219 0.501574569444 0.0510075833333 0.02677898125
2 0.359125266016 0.506675327083 0.0408060680556 0.0219970195313
2 0.368689188672 0.5134763375 0.0544080888889 0.0296481585937
2 0.381600482813 0.532179120833 0.0374055638889 0.0172150609375
2 0.291221420312 0.494773557639 0.0238035375 0.0143458828125
2 0.427507308984 0.510415881944 0.132619716667 0.0899008648437
2 0.107594121484 0.522317647222 0.166624772222 0.153979142969
2 0.186496476172 0.506165247917 0.0357053069444 0.0191278445313
2 0.881124140234 0.484912101389 0.0238035388889 0.0143458835938
2 0.858170727734 0.480661470139 0.0153022763889 0.0124330992188
2 0.867734650391 0.482361722222 0.0187027805556 0.0124330992187
2 0.737665312891 0.476410835417 0.0442065736111 0.0162586679688
2 0.754402175 0.472160204167 0.0527078361111 0.024866196875
2 0.804612766406 0.490012861111 0.132619719444 0.0965956109375
2 0.940420457031 0.494263493056 0.117317444444 0.117636240625
1 0.789023555078 0.153872878472 0.124118451389 0.0707730226563
