2 0.558941207031 0.52438764375 0.0330612180556 0.0206632609375
2 0.525879990234 0.508775402083 0.0238775458333 0.0165306085937
2 0.479904234766 0.509693771528 0.0220408125 0.0134311195312
2 0.52165341875 0.548236489583 0.0661798319444 0.0456470109375
2 0.583220539844 0.534489684028 0.0716326375 0.0444260109375
2 0.702034290234 0.5721427375 0.146938744444 0.125012728906
2 0.848226860547 0.540918252083 0.121224465278 0.144642827344
3 0.873711550781 0.54918355625 0.1359183375 0.0309948921875
3 0.915554654687 0.56387743125 0.1212244625 0.0278954015625
7 0.205943827734 0.584081509028 0.0734693736111 0.0661224351563
1 0.445105435547 0.458040834028 0.0146938736111 0.0227295867187
1 0.626425548828 0.443513936111 0.014693875 0.0237627492188
2 0.491760634766 0.50252573125 0.0256034402778 0.0130926679687
0 0.474871080469 0.456206758333 0.0232758555556 0.006546334375
0 0.609725565234 0.444568830556 0.0325861972222 0.00654633359375
0 0.600822546484 0.443405038194 0.0256034402778 0.00916486796875
