0 0.727186104297 0.208359223611 0.0256059111111 0.0152035101563
1 0.524678297266 0.312148261806 0.0341412180556 0.0104024007812
2 0.4694417375 0.418941183333 0.049789275 0.0320073921875
2 0.475443121875 0.439568168056 0.0455216222222 0.0184042484375
4 0.514252084375 0.428899038194 0.149367823611 0.0768177375
2 0.469841828516 0.474420660417 0.0867755930556 0.0360083132813
2 0.226052197266 0.468019181944 0.150790375 0.106424572656
2 0.0385088804687 0.4972831 0.315806255556 0.0760175546875
2 0.349380663672 0.587615071528 0.388356343056 0.294467996094
3 0.0879403070312 0.4281877625 0.09957855 0.01840425
3 0.105544370703 0.423208834722 0.0896206944444 0.0184042476563
3 0.115146587891 0.422497561111 0.0597471333333 0.00880203046875
3 0.134751115625 0.389067616667 0.0412539666667 0.01280295625
3 0.155956011328 0.426765213194 0.0625922347222 0.0120027695312
3 0.552847666406 0.457350050694 0.0668598791667 0.0088020328125
3 0.560449421875 0.455216226389 0.0625922305556 0.01280295625
3 0.599658475391 0.460906429167 0.0682824333333 0.0112025867187
3 0.591656627734 0.468730457639 0.0668598819444 0.0112025867187
3 0.5780534875 0.487934891667 0.116649155556 0.0240055453125
3 0.529242216406 0.507850602083 0.159325679167 0.040009240625
3 0.694080266406 0.463751529861 0.0369863180556 0.014403325
3 0.702082114453 0.493625095139 0.0967334486111 0.0208048039062
3 0.715685255859 0.49149126875 0.0953108958333 0.0176040664063
3 0.736490059375 0.468730457639 0.0412539708333 0.0160036953125
3 0.735289782422 0.512829529861 0.112381506944 0.0232053585937
3 0.778739817578 0.564752629861 0.187776693056 0.0419296757812
7 0.174290239453 0.439263345139 0.0518214708333 0.0173039835938
6 0.137551757031 0.439568168056 0.0796628388889 0.02064475625
7 0.138271919531 0.452371125694 0.0569020291667 0.0256059140625
