0 0.447464789063 0.254772803472 0.0364208902778 0.013657834375
0 0.525997339062 0.2511307125 0.03884895 0.009560484375
0 0.172942310547 0.195285345139 0.0534173069444 0.0109262679688
0 0.0828006027344 0.245060564583 0.0218525347222 0.0109262679687
0 0.294497041406 0.366463540278 0.0218525361111 0.01092626875
0 0.319764035937 0.376175777083 0.0218525347222 0.0122920515625
0 0.376444050391 0.353109214583 0.0194244763889 0.00819470078125
0 0.404442611328 0.391958166667 0.0194244777778 0.00956048203125
0 0.185234360938 0.19771340625 0.0582734291667 0.0163894015625
0 0.162016044531 0.192857286111 0.0679856694444 0.013657834375
0 0.07938614375 0.292407725694 0.0242805958333 0.0122920515625
0 0.0732401171875 0.345825036111 0.0242805944444 0.013657834375
0 0.0882637363281 0.347039066667 0.0267086555556 0.0109262679688
0 0.676233522656 0.214709819444 0.0631295472222 0.0150236171875
0 0.694671598047 0.208639672917 0.0558453708333 0.0191209679687
1 0.543069633594 0.269341159722 0.0218525361111 0.0382419390625
1 0.572433977734 0.277839369444 0.0242805944444 0.0232183179687
1 0.243963051562 0.143082066667 0.0801259638889 0.062826040625
1 0.1408464 0.21106773125 0.0509892486111 0.0259498859375
1 0.202989548047 0.349467125694 0.0315647736111 0.0218525351563
1 0.349811271484 0.350681154861 0.0145683569444 0.0177551851562
1 0.281522097266 0.371319658333 0.0218525333333 0.0122920507812
1 0.280156314062 0.394386225 0.0194244777778 0.0122920515625
2 0.391467668359 0.405312494444 0.031564775 0.0191209695313
2 0.405125504297 0.406526520833 0.0194244777778 0.0109262679687
2 0.413320204688 0.402884431944 0.0218525333333 0.0136578359375
2 0.376444050391 0.406526520833 0.0388489527778 0.0245841023437
2 0.457708165234 0.406526522222 0.0485611888889 0.0286814523438
2 0.428343820703 0.4162387625 0.0534173111111 0.0382419382813
2 0.47546335 0.408954582639 0.0291367125 0.01502361875
2 0.499364562109 0.411382638194 0.0291367125 0.0163894007812
2 0.511656613672 0.411382642361 0.0437050708333 0.0191209695312
2 0.538972282422 0.421094879861 0.0582734291667 0.0464366382812
2 0.839444646484 0.461157861806 0.696853081944 0.319593330469
2 0.354591514063 0.405312488889 0.0169964138889 0.013657834375
2 0.340933679687 0.404098463889 0.019424475 0.0163894
2 0.300643067188 0.396814284028 0.0291367125 0.017755184375
3 0.200940872266 0.423522940972 0.0582734291667 0.0150236179688
3 0.00973118671875 0.433235174306 0.0728417847222 0.017755184375
0 0.462488407422 0.350681153472 0.0194244763889 0.0109262664063
1 0.487755402344 0.349467122917 0.0169964152778 0.0122920515625
