3 0.859293116406 0.675866773611 0.322336461111 0.043866353125
3 0.802754261328 0.66373583125 0.266880726389 0.0653121257813
3 0.849057633984 0.68193224375 0.279011668056 0.0721357804687
2 0.495202385937 0.568421286806 0.131707373611 0.089682321875
2 0.585859515625 0.571020773611 0.0571887277778 0.0428915453125
2 0.0721357804687 0.512099054861 0.109178479167 0.140372329687
2 0.191549741797 0.519897518056 0.0901155694444 0.104304439844
2 0.257836675391 0.525096493056 0.0693196694444 0.0575136632813
2 0.304140047656 0.526829485417 0.0485237708333 0.0448411609375
2 0.334359091016 0.52769598125 0.0467907791667 0.0292442351562
2 0.357754479297 0.526829485417 0.0554557375 0.0194961570313
2 0.373838808984 0.53029546875 0.0450577847222 0.0146221179687
2 0.382124675391 0.528562477778 0.0450577888889 0.0194961570313
2 0.399671216797 0.533761452083 0.0381258180556 0.0175465414062
2 0.425503624609 0.53809393125 0.0259948763889 0.0263198117187
2 0.444999781641 0.54069341875 0.0346598347222 0.0243701960937
2 0.556127876172 0.558023335417 0.0277278680556 0.0185213492188
2 0.542480566016 0.554557352083 0.0207959013889 0.0146221179688
2 0.951412457812 0.616945054167 0.145571305556 0.09553116875
