2 0.482098976563 0.334571465972 0.0278199430556 0.0214140390625
2 0.503513012891 0.3338393625 0.0292841527778 0.0214140367188
2 0.546752898047 0.342624609028 0.0380694013889 0.0271793554688
2 0.568166935938 0.360195102083 0.0585683069444 0.0370627578125
1 0.384500378516 0.28991313125 0.0585683097222 0.0387099914062
1 0.386559421484 0.333107258333 0.0190347 0.0247085054688
1 0.511337373437 0.185222278472 0.0688177625 0.063418496875
1 0.59534629375 0.185222277083 0.103958745833 0.066712965625
1 0.784366360938 0.279663677778 0.061496725 0.0362391421875
1 0.785189977734 0.323589911111 0.0204989083333 0.0230612710937
