1 0.471862187891 0.465642563194 0.0120123236111 0.00675693203125
1 0.698664926563 0.300308098611 0.0277207472222 0.0467787609375
1 0.694766696875 0.370996003472 0.1136550625 0.040021828125
1 0.719455487109 0.257802954167 0.0203285472222 0.0322253679687
1 0.689309174609 0.232854281944 0.0258726972222 0.00831622421875
1 0.105927897656 0.316478527778 0.0267967222222 0.0124743359375
1 0.105668016016 0.342351225694 0.0231006236111 0.00987551640625
1 0.137893384375 0.323870727083 0.0360369708333 0.0129941
0 0.426414394531 0.460626411806 0.0101642736111 0.0041581109375
2 0.409781938281 0.485575084028 0.0120123236111 0.0093557515625
2 0.404064534766 0.488809172222 0.01293635 0.00519763984375
2 0.398866894531 0.490657221528 0.0184804986111 0.0093557515625
2 0.384313502734 0.491581245833 0.0277207472222 0.0228696164062
2 0.361443886328 0.494815333333 0.0304928222222 0.0176719757813
2 0.341134109375 0.491812251389 0.0503593555556 0.02398710625
2 0.232166667188 0.513449854167 0.0850102916667 0.086280825
2 0.135528464063 0.501283506944 0.0498973444444 0.0608123875
2 0.319265040234 0.493891308333 0.0572895444444 0.0228696164063
2 0.294056485938 0.504979606944 0.0572895444444 0.046258996875
2 0.433142085547 0.485729092361 0.0166324458333 0.0124743367187
7 0.0162047230469 0.582751721528 0.0628336930556 0.0317056039062
2 0.445645671094 0.489086395833 0.008316225 0.0041581125
2 0.450843311328 0.490472431944 0.0110882972222 0.00727669609375
2 0.458899653125 0.495554570139 0.0175564736111 0.011954571875
2 0.468255405078 0.498326644444 0.0212525722222 0.00987551640625
2 0.481249505469 0.498326645139 0.0323408708333 0.018191740625
2 0.496322660937 0.497864631944 0.0480492944444 0.0233893796875
2 0.515553929688 0.50756689375 0.0711499180556 0.048338053125
2 0.527508501562 0.520503242361 0.0748460180556 0.040021828125
2 0.582343604297 0.526509404861 0.140451784722 0.106031857031
