0 0.526953703125 0.229665777083 0.0461644986111 0.0091237265625
0 0.714036907422 0.346857582639 0.0399260541667 0.0168438039063
0 0.762041739844 0.323775336111 0.0237060944444 0.014036503125
0 0.822117980859 0.300693085417 0.0224584069444 0.0126328523438
0 0.843523648828 0.444801183333 0.0162199583333 0.00772007734375
2 0.548476354297 0.479112636111 0.129759672222 0.0764989414062
1 0.485873542578 0.38740748125 0.0436691208333 0.0147383289063
2 0.595966536719 0.479528545833 0.0249537833333 0.017545628125
2 0.615968553516 0.480776234722 0.0274491611111 0.0210547554688
2 0.651995564062 0.480776235417 0.0524029458333 0.050531409375
2 0.687437733203 0.490133902083 0.0286968513889 0.0203529289063
1 0.691414757813 0.425254065972 0.0336876069444 0.0119310265625
0 0.710364036719 0.419847399306 0.0162199597222 0.0077200765625
