0 0.468830119141 0.415603721528 0.0448339625 0.0196148585938
0 0.737133360156 0.320954245833 0.0597786166667 0.018213796875
0 0.597552648047 0.553782461806 0.0199262041667 0.00980742890625
0 0.620670160156 0.550046298611 0.0224169805556 0.011208490625
0 0.411912024219 0.573293534722 0.0224169805556 0.0112084890625
0 0.826159159375 0.464944795139 0.0249077569444 0.011208490625
1 0.808972800391 0.336254714583 0.0697417180556 0.0308233492187
1 0.815277576172 0.404751044444 0.0224169805556 0.0322244101563
1 0.816678637891 0.434640352083 0.0273985319444 0.0210159210937
2 0.599654239844 0.59155921875 0.0273985319444 0.016812734375
2 0.575135667578 0.613976199306 0.0523062875 0.0378286554688
2 0.717343391406 0.582841504861 0.0747232708333 0.064448821875
2 0.644488201953 0.621448527083 0.166881968056 0.0924700460938
2 0.542210727344 0.604013097222 0.0224169805556 0.019614859375
2 0.47005606875 0.628920854167 0.0224169805556 0.023818040625
2 0.429425291406 0.63390240625 0.0273985319444 0.0238180421875
2 0.390195574219 0.652583222917 0.0348708597222 0.0266201640625
2 0.348163734375 0.665037101389 0.0348708583333 0.023818040625
2 0.315939324609 0.681227143056 0.0423431861111 0.0378286554688
2 0.277410140625 0.692435634028 0.0498155125 0.03922971875
2 0.0637482898438 0.779197659028 0.0722324930556 0.0658498828125
7 0.974686238672 0.617297236806 0.1419742125 0.0476360851563
2 0.216712069922 0.770479939583 0.169372745833 0.198950705469
