2 0.452115123047 0.453675202778 0.0187211194444 0.00936056171875
2 0.452700158203 0.460955638889 0.016641 0.00819049140625
2 0.467326035156 0.455755328472 0.0187211236111 0.0070204203125
2 0.460890648828 0.464075828472 0.0104006263889 0.0105306304687
2 0.463815825391 0.475516513889 0.0166409972222 0.0117007007812
2 0.449774982813 0.473436386806 0.0166409986111 0.0117007015625
2 0.437489246094 0.456795388194 0.0124807458333 0.012870771875
2 0.436319175781 0.475516511111 0.0208012472222 0.017551053125
2 0.462060719531 0.487997261806 0.0166409986111 0.01053063125
2 0.450945052734 0.495277698611 0.0270416222222 0.0187211226562
2 0.422278333594 0.478636698611 0.0145608722222 0.012870771875
2 0.424618475391 0.496317759028 0.0249614958333 0.0222313335937
2 0.443924632031 0.524399445139 0.0436826208333 0.023401403125
2 0.400632035547 0.474476451389 0.0395223694444 0.0327619648438
2 0.375475527344 0.517119006944 0.0457627444444 0.0245714734375
2 0.477856666016 0.489037322222 0.0270416222222 0.0140408414062
2 0.586497671094 0.527831652778 0.0499229944444 0.0234014015625
2 0.609314038281 0.546552775694 0.137288231944 0.059673578125
2 0.663429785547 0.560073586806 0.193451601389 0.106476385156
2 0.793892608203 0.589507354167 0.320339208333 0.265605927344
2 0.910899625 0.661271659028 0.5054703125 0.174340454688
2 0.374422451953 0.514830873611 0.0395223694444 0.0234014007813
2 0.411279663672 0.534592059722 0.0873652416667 0.0596735789063
2 0.478558698047 0.569954177778 0.124807486111 0.0912654726563
2 0.245129699609 0.578274679167 0.232973972222 0.207102419531
0 0.338150278125 0.4170650125 0.0228813722222 0.00468028125
0 0.303165179297 0.432665945139 0.0208012458333 0.00585035078125
0 0.333001966797 0.4170650125 0.0228813722222 0.00702042109375
0 0.499268936719 0.417273027778 0.0208012472222 0.0035102109375
0 0.563037760547 0.419353152778 0.016641 0.00468028046875
0 0.505704322656 0.419353151389 0.0208012472222 0.00468028125
1 0.552624143359 0.449722977083 0.0166409986111 0.00585035078125
2 0.55369085625 0.49866836875 0.0883825791667 0.0497152
4 0.501711253906 0.490436659722 0.100513519444 0.0487403921875
