0 0.483359649219 0.43523406875 0.0210937347222 0.0065917921875
0 0.540049063281 0.431718446528 0.0234374847222 0.009228509375
0 0.423374338672 0.456327804167 0.0210937361111 0.00527343359375
0 0.478745394531 0.441093440972 0.0281249819444 0.0079101515625
0 0.373935896094 0.468046545833 0.0210937361111 0.0065917921875
1 0.258579530859 0.396562221528 0.0328124791667 0.0158203007812
1 0.626401542969 0.390702849306 0.0398437236111 0.0290038859375
1 0.516318610547 0.441093439583 0.0140624902778 0.0171386601563
1 0.398325527734 0.45281218125 0.0140624902778 0.0184570195313
2 0.402939782031 0.510234016667 0.0445312194444 0.035595678125
2 0.371299179297 0.511405893056 0.0609374583333 0.0382323960937
2 0.325156632812 0.524296508333 0.0867186888889 0.0751464328125
2 0.262534605859 0.532499627083 0.121874915278 0.0580077726562
2 0.528843016797 0.499687149306 0.0468749680556 0.0184570195312
2 0.542685779297 0.504374645833 0.0562499611111 0.0197753773438
2 0.562461157031 0.512577765278 0.0726562 0.0435058296875
2 0.596079297656 0.520780884028 0.0937499347222 0.060644490625
2 0.636948411328 0.536015248611 0.124218663889 0.0843749429688
2 0.700229617188 0.564140231944 0.166406136111 0.139745998437
2 0.455674121875 0.520780884722 0.121874916667 0.080419865625
2 0.141154991016 0.59695270625 0.630468315278 0.282309982031
2 0.861728530469 0.592265211806 0.363281001389 0.275536920313
