2 0.208249753125 0.460907422222 0.0186980694444 0.0147247296875
1 0.463303112109 0.351056261111 0.0355263305556 0.0262941617188
1 0.519572616016 0.392192015278 0.0205678777778 0.0126211976562
0 0.522727915234 0.450156029861 0.0168282597222 0.00631059921875
2 0.647625178125 0.48007294375 0.0243074902778 0.0305012265625
2 0.605817462109 0.477268233333 0.0486149833333 0.0441741882812
2 0.972621005078 0.499705917361 0.0523545958333 0.0431224226563
5 0.818011339844 0.413694795833 0.261772977778 0.312374628125
2 0.482234907813 0.515599276389 0.158933591667 0.116746073438
5 0.976604560547 0.4450140625 0.688088969444 0.0420706570312
