2 0.131961971875 0.46779165 0.427004052778 0.26392394375
2 0.391139081641 0.356117998611 0.104641305556 0.0664556679688
2 0.330379613281 0.351898592361 0.0421940736111 0.030379734375
2 0.479430185156 0.329957671528 0.0320674986111 0.0208860671875
2 0.465189685156 0.325738264583 0.0270042069444 0.0151898671875
2 0.895252802344 0.322025185417 0.1282699875 0.157594873438
2 0.771360446484 0.327088475 0.0776371027778 0.0901898382813
2 0.700632626953 0.317805777778 0.0691982861111 0.0664556679688
2 0.654588343359 0.318649659722 0.0742615722222 0.0503164351562
5 0.438132733984 0.316286793056 0.0627847833333 0.0332278335937
0 0.453453138672 0.237637029167 0.0303797361111 0.00854429921875
1 0.340953181641 0.254008336806 0.0388185486111 0.0132911335938
1 0.507572129297 0.28884858125 0.0236286847222 0.0104430320312
1 0.343670748438 0.282419004861 0.0202531541667 0.0151898703125
