2 0.009228509375 0.347655998611 0.117187419444 0.01845701875
2 0.0580077726562 0.345312249306 0.0937499347222 0.089648378125
2 0.119970621094 0.333593506944 0.07499995 0.0764647921875
2 0.129199130859 0.291406036806 0.0234374819444 0.0421874710937
2 0.165453988281 0.320702891667 0.0773436972222 0.054052696875
2 0.209618996484 0.312499772917 0.0656249541667 0.0369140367188
2 0.257079900391 0.296093534722 0.0328124777778 0.0237304523437
2 0.269604307422 0.286718541667 0.0421874694444 0.0197753773437
2 0.283447070703 0.275781036806 0.0328124763889 0.0131835851563
2 0.291357221875 0.272265415278 0.0304687305556 0.01845701875
2 0.293993938281 0.260546670833 0.0257812333333 0.0158203015625
5 0.317724389844 0.276952908333 0.0585937083333 0.0342773203125
2 0.317724391406 0.242187320139 0.0125000180556 0.01845701875
2 0.342773201562 0.235156077083 0.0140624930556 0.013183584375
2 0.359911861719 0.237499824306 0.0187499875 0.013183584375
5 0.167431525391 0.258593559028 0.0515624625 0.0791015085938
1 0.174023317969 0.205859219444 0.0164062361111 0.0158203015625
2 0.380346418359 0.230468579167 0.0234374833333 0.00922850859375
2 0.387597390625 0.24453106875 0.0234374819444 0.0158203015625
2 0.396825898437 0.243359195139 0.0210937347222 0.013183584375
2 0.392870823828 0.257812322222 0.0281249805556 0.0158203023437
2 0.396166719922 0.266015442361 0.0351562263889 0.0197753773437
2 0.404076870313 0.276562309722 0.037499975 0.027685528125
2 0.419897172266 0.303515416667 0.0398437222222 0.0224120945313
2 0.430444040234 0.311718536111 0.0421874694444 0.0145019429687
2 0.442968445313 0.318749782639 0.0749999486111 0.0210937359375
2 0.476586586328 0.317577907639 0.110156176389 0.0645995648438
2 0.503612933984 0.331640397222 0.119531169444 0.0738280742187
2 0.560302348828 0.364452874306 0.114843670833 0.0870116601562
2 0.688183120312 0.403905959028 0.210937354167 0.221484221875
1 0.657860875781 0.257812322222 0.0281249805556 0.013183584375
1 0.849682032813 0.0499999173611 0.0562499625 0.0435058296875
2 0.895824580078 0.518749630556 0.384374736111 0.206982280469
