1 0.276009076953 0.331273165278 0.0398524111111 0.0140106132813
1 0.219266095313 0.247832177778 0.0871771472222 0.03502653125
0 0.549916564453 0.337500103472 0.0124538819444 0.0126095523437
0 0.505783132812 0.336254715972 0.0199262069444 0.00840636875
0 0.423821046094 0.333763940278 0.0199262083333 0.015411675
0 0.400003003906 0.347463204861 0.0224169847222 0.0098074296875
0 0.286517036328 0.343727040278 0.0199262083333 0.00980742890625
5 0.155703764453 0.344557298611 0.0747232722222 0.0668790226563
2 0.147811967969 0.42509238125 0.0846863708333 0.077058371875
2 0.0112084902344 0.444188321528 0.159409643056 0.0224169804688
2 0.335087170312 0.450415261806 0.132011109722 0.0994753515625
2 0.484300199219 0.455396814583 0.117066456944 0.100876414062
2 0.808999619141 0.440186678472 0.119856518056 0.0904519132813
