2 0.384530750781 0.512990918056 0.0190332305556 0.0099414640625
2 0.398295855469 0.508232611806 0.0203927513889 0.0175887453125
4 0.365794914062 0.487839865972 0.0394259791667 0.0229418421875
2 0.369236190625 0.51389725 0.0353474305556 0.0175887453125
2 0.253762253516 0.550830809722 0.0503021083333 0.0390011304687
2 0.178054177734 0.560347424306 0.0938066402778 0.0955910054687
2 0.440355898047 0.491691840972 0.0326283958333 0.0191182023438
5 0.256056438672 0.501208455556 0.106042291667 0.0741786210938
2 0.322715237109 0.53904830625 0.145468268056 0.104767742969
5 0.0690167070312 0.490105711806 0.333081554167 0.138033414062
2 0.422129883984 0.500981840972 0.0312688791667 0.0160592898437
1 0.527279991406 0.407854960417 0.0380664625 0.0229418421875
1 0.566281121094 0.386782453472 0.0394259791667 0.021412384375
3 0.48623958125 0.508685777778 0.0394259805556 0.008412009375
3 0.850717470312 0.542121375694 0.240634426389 0.0688255234375
3 0.510255234766 0.5095468 0.0462235611111 0.0114709210937
1 0.307219936719 0.369516598611 0.0652567944444 0.108591382812
1 0.632993335547 0.326249768056 0.0281249805556 0.0237304523437
