2 0.32317849375 0.542497854167 0.0291367138889 0.0218525359375
2 0.230134516016 0.54388533125 0.0291367125 0.0259498867188
2 0.198038603125 0.549955479861 0.0315647763889 0.0464366375
2 0.175503176953 0.549955479861 0.0315647763889 0.0259498867188
2 0.122920513281 0.549955479167 0.0461331305556 0.0655576078125
3 0.0402906125 0.549955479861 0.0849820847222 0.012292053125
2 0.26496199375 0.564523836806 0.0898382041667 0.0737523078125
2 0.396760099609 0.551169509722 0.0194244777778 0.0150236179687
2 0.420661310156 0.552383539583 0.0267086541667 0.0218525359375
2 0.447294087891 0.549955479167 0.0607014888889 0.0478024210937
1 0.450025655859 0.454047127083 0.0242805958333 0.0150236179688
1 0.479390000391 0.480755782639 0.0097122375 0.0191209679687
0 0.484853133594 0.524460854861 0.0145683569444 0.01092626875
2 0.637684295703 0.590018461111 0.0874101416667 0.105165327344
2 0.748995648437 0.597302639583 0.1116907375 0.133846779688
1 0.800212529688 0.3095775875 0.0364208916667 0.0423392875
1 0.802944096094 0.3605668375 0.0558453694444 0.0341445859375
1 0.802944095703 0.433408622917 0.0898382013889 0.0286814523437
1 0.863038569922 0.443120861806 0.0315647763889 0.0204867523438
1 0.492592580469 0.469424840972 0.00971224027778 0.01912096875
1 0.188341541797 0.479298945833 0.0339928333333 0.0177551867188
1 0.182195516406 0.44044999375 0.0145683569444 0.024584103125
