0 0.332773952734 0.528261047222 0.0306238277778 0.00789520546875
0 0.339233667578 0.532089025694 0.0331758152778 0.00645971484375
0 0.535537194922 0.577386771528 0.0293478375 0.00574196796875
1 0.612596201172 0.5793007625 0.0165879083333 0.0229678710937
2 0.471200240625 0.674362230556 0.0918714861111 0.0516777109375
2 0.406603102344 0.703072070139 0.123771309722 0.078952059375
2 0.5860396 0.707538045139 0.117391343056 0.0839762796875
5 0.151105754297 0.595562317361 0.4523247625 0.237614369531
3 0.540103857422 0.689674146528 0.0484877291667 0.0136371742188
3 0.643818150391 0.713280013194 0.0548676930556 0.0157904117187
3 0.715951622266 0.717745988889 0.0740075861111 0.0122016820313
3 0.677193340234 0.713280013194 0.0778355625 0.0193791429688
3 0.698725720313 0.713280013194 0.0778355625 0.0294275875
3 0.741431605078 0.715194002778 0.0842155305556 0.0157904117187
3 0.745738082422 0.718383984722 0.0829395361111 0.0186613960937
3 0.765476096875 0.719659975694 0.0956994652778 0.025121109375
3 0.772294683203 0.72348795625 0.0778355625 0.0143549195312
3 0.781266507813 0.72795393125 0.0918714875 0.0165081578125
3 0.82397239375 0.73241990625 0.0854915208333 0.017225903125
3 0.792032698047 0.717745988889 0.0663516277778 0.0107661898438
3 0.804593253516 0.714556005556 0.0701796083333 0.0229678710937
3 0.909384167188 0.72795393125 0.130151273611 0.035169553125
3 0.853041105859 0.730505917361 0.104631415278 0.0229678710938
3 0.963573988672 0.737523877778 0.149291166667 0.0401937742188
3 0.9413238625 0.730505916667 0.135255244444 0.022967871875
1 0.784496364063 0.587594715972 0.0510397152778 0.0251211078125
