2 0.626852792188 0.468854102778 0.271122013889 0.191421490625
2 0.155661430859 0.486617267361 0.115928031944 0.0210353289062
2 0.421758338281 0.447351322222 0.0186980694444 0.0168282640625
2 0.441216016016 0.447351322222 0.0186980694444 0.0136729632813
2 0.0743248246094 0.464647036806 0.390789659722 0.147247300781
2 0.816871927734 0.59740333125 0.570291129167 0.361807652344
0 0.448578382422 0.404813211806 0.0205678763889 0.00736236640625
0 0.427017170312 0.405748116667 0.0149584555556 0.004207065625
1 0.416499505469 0.340865811806 0.0168282625 0.0168282640625
1 0.166704979297 0.337126197917 0.0430055625 0.0178800289063
2 0.216690720703 0.482689113194 0.140094465278 0.113189960156
