2 0.767562980859 0.536708642361 0.0371307847222 0.0142405007812
2 0.782468048828 0.531645352778 0.0337552583333 0.0250633039062
2 0.668354160156 0.5392402875 0.0590717055556 0.04367086875
2 0.855759170312 0.524894302778 0.0270042083333 0.0170886015625
2 0.871898403906 0.524050420139 0.0185653930556 0.00949366875
2 0.890885738281 0.526582065278 0.0202531555556 0.0170886
2 0.939303440234 0.524050422222 0.0151898694444 0.0132911335938
2 0.834873104297 0.525738183333 0.0320674972222 0.0284810039063
2 0.977752790625 0.529113709722 0.0219409194444 0.0218354328125
2 0.992467975391 0.53670864375 0.0236286819444 0.0132911335938
2 0.726170616016 0.537552526389 0.0962024944444 0.0844936382812
2 0.926961673047 0.532489236111 0.0219409194444 0.0132911335938
2 0.910822439063 0.524050422222 0.0219409222222 0.0170886
2 0.879018654297 0.528269827778 0.0168776305556 0.0104430335937
2 0.949271789844 0.529113709722 0.0151898666667 0.018037965625
2 0.961613557422 0.522362657639 0.0118143402778 0.0104430335937
1 0.986297091797 0.483544107639 0.0185653930556 0.0104430335937
1 0.985347725391 0.448944965278 0.0135021027778 0.0104430335938
1 0.812562984375 0.464134832639 0.0135021041667 0.0218354328125
2 0.802119951172 0.519831011806 0.0371307847222 0.0351265679688
3 0.176069667969 0.5622506125 0.115357505556 0.0245310546875
3 0.419797567578 0.541148629861 0.0956623208333 0.0182004601563
3 0.388540255859 0.545369026389 0.0984759194444 0.0205744335938
0 0.828783674219 0.459741863194 0.0225087819444 0.0094958921875
0 0.884572040234 0.485767640278 0.0182883833333 0.0102872164063
0 0.95697821875 0.449894270833 0.0168815861111 0.0094958921875
0 0.951043286719 0.484360841667 0.0182883833333 0.00870456875
0 0.891298297656 0.499132230556 0.0112543916667 0.011078540625
1 0.870723864063 0.487174440972 0.0126611875 0.0142438375
