1 0.424655026563 0.539399172222 0.0263346916667 0.0140336171875
1 0.395418322266 0.562961791667 0.0124743277778 0.00857610078125
1 0.397757257422 0.55256651875 0.00831622083333 0.00857609921875
1 0.136576019531 0.431519342361 0.0277207236111 0.0319654640625
1 0.116305235938 0.39340334375 0.0235626208333 0.03352475625
1 0.545500077734 0.480030619444 0.0249486555556 0.0155929085938
2 0.373978070703 0.604080877778 0.0235626222222 0.0155929101563
2 0.399706371875 0.604773894444 0.0415810916667 0.0358636921875
2 0.334995796875 0.602001820139 0.0304927986111 0.0218300734375
2 0.320182532031 0.599922767361 0.0291067652778 0.01403361875
2 0.309267494922 0.599229748611 0.0360369472222 0.0187114914062
2 0.288217066406 0.599229749306 0.0471252375 0.0280672375
2 0.261319297656 0.607545967361 0.0582135291667 0.03976191875
5 0.0710857988281 0.605697915278 0.289219602778 0.141115835156
2 0.571228378906 0.620713313889 0.187114916667 0.15436980625
2 0.71803393125 0.685257855556 0.274247525 0.295170395312
