0 0.519006049219 0.0770669486111 0.102047272222 0.021525596875
0 0.598531169922 0.42360248125 0.0212598486111 0.00837106484375
0 0.638592696094 0.425728463889 0.0170078777778 0.00956693125
2 0.585974571875 0.47250013125 0.0255118180556 0.00956693125
2 0.579397306641 0.47250013125 0.0255118180556 0.0155462632813
2 0.570428307812 0.474626115278 0.0340157555556 0.0143503984375
2 0.560263442578 0.4767521 0.038267725 0.0275049289063
2 0.545315110937 0.483130055556 0.0382677277778 0.0287007953125
5 0.519603982813 0.4469883125 0.0382677277778 0.017937996875
2 0.524985382422 0.489508009028 0.0425196958333 0.0215255960937
2 0.481336255469 0.476752100694 0.140314998611 0.0920817171875
2 0.431109863672 0.518208804861 0.129685073611 0.113607314844
2 0.603314635938 0.470374147222 0.02125985 0.0107627984375
2 0.611685700781 0.474626117361 0.0255118180556 0.0155462640625
2 0.652345160937 0.483130055556 0.0467716666667 0.0370718609375
1 0.691210820313 0.412972554861 0.0170078763889 0.00956693125
1 0.791364639062 0.360885926389 0.0148818944444 0.010762796875
1 0.796746038281 0.390649714583 0.0106299236111 0.011958665625
1 0.78538530625 0.380019790278 0.0148818944444 0.0107627984375
1 0.791962572266 0.459744222222 0.0127559083333 0.0119586632813
3 0.716025050781 0.469311153472 0.0318897708333 0.01315453125
3 0.362347541406 0.527775736806 0.157322879167 0.021525596875
3 0.308533549219 0.324744184722 0.0233858333333 0.03587599375
0 0.286410020313 0.384271759028 0.0361417402778 0.0227214625
3 0.244554693359 0.540531645833 0.148818938889 0.0251131945313
3 0.264286490625 0.538565111806 0.166145718056 0.021525596875
3 0.284616220313 0.528838729861 0.172204770833 0.023917328125
3 0.310327349609 0.539468653472 0.138189015278 0.0275049304687
3 0.380883471875 0.542657630556 0.165826816667 0.025113196875
