2 0.478121695703 0.556167122917 0.0254317041667 0.00834477734375
2 0.488850696094 0.563584705556 0.0317896277778 0.017881665625
2 0.0906855941406 0.716477697222 0.404787944444 0.177624552344
2 0.53236275 0.572061946528 0.0996075041667 0.0739108875
2 0.341028920703 0.755684904861 0.478963743056 0.394588769531
3 0.669455525 0.542391619444 0.0826530361111 0.0190737765625
3 0.580643248828 0.549809198611 0.0551020222222 0.0178816664063
2 0.839757110938 0.512721298611 0.0699371861111 0.0739108875
1 0.544879916797 0.382383818056 0.0296703222222 0.0154974445312
1 0.266521978516 0.485321667361 0.0314868625 0.0143053335937
1 0.465008473828 0.498945791667 0.0211930861111 0.0202658882812
0 0.286787866797 0.479872014583 0.0339089375 0.0166895554688
0 0.522825861719 0.400397942361 0.0317896291667 0.0119211109375
0 0.617002637891 0.421591028472 0.0275510097222 0.0143053335937
2 0.466200585156 0.551171618056 0.0275510111111 0.01549744375
