0 0.252525009375 0.353672755556 0.0362559 0.01079679375
0 0.277717528125 0.411255655556 0.0234597 0.01079679375
0 0.355694371875 0.444667951389 0.0319905 0.01319608125
0 0.467861064844 0.435070802778 0.0255924 0.014395725
1 0.331701497656 0.424407302083 0.0213270013889 0.01319608125
1 0.300510760156 0.41694285 0.0106635 0.01799465625
1 0.351495619141 0.48305655 0.0149289 0.00959715078125
1 0.280116816406 0.470260350694 0.0191942986111 0.01799465625
1 0.221334273047 0.44680065 0.0234597 0.00839750546875
2 0.140958141797 0.552724761806 0.0874407013889 0.0947718570312
2 0.668401517578 0.564454613194 0.179146801389 0.128361880469
2 0.758374799219 0.6465635625 0.1087677 0.05878254375
2 0.503250553906 0.653317114583 0.362559018056 0.21953480625
1 0.506249664453 0.467772225 0.021327 0.0191943007812
5 0.892235041797 0.470260349306 0.831753001389 0.212336944531
