1 0.466415056641 0.585162343056 0.0145683583333 0.0177551851562
1 0.460951921875 0.607014879167 0.0291367138889 0.0286814515625
1 0.497828075781 0.656790095833 0.0218525361111 0.009560484375
1 0.264961994141 0.477113696528 0.0607014958333 0.0300472367187
2 0.490316267187 0.671358454861 0.0169964152778 0.01092626875
2 0.478707107813 0.667716365972 0.0145683569444 0.01502361875
2 0.476658433594 0.681070693056 0.0218525361111 0.0163894015625
2 0.467780839062 0.668930391667 0.0218525305556 0.0122920484375
2 0.465732163672 0.677428606944 0.0242805972222 0.0163893992187
2 0.458903245703 0.682284725 0.0339928333333 0.0163893992187
2 0.452757220313 0.681070693056 0.0267086527778 0.0122920484375
2 0.441830954297 0.679856663889 0.0339928333333 0.0177551867187
2 0.429538902344 0.685926807639 0.0558453625 0.0232183203125
2 0.372175997266 0.668930395833 0.0461331361111 0.0314130210938
2 0.394028533203 0.702923227778 0.109262677778 0.0778496585937
2 0.324373575781 0.656790097222 0.0607014888889 0.04507085625
2 0.286131637891 0.645863830556 0.0242805972222 0.0204867523438
2 0.304569713672 0.64950591875 0.0169964152778 0.0163893992187
2 0.173454501172 0.621583233333 0.0485611888889 0.0600944726562
2 0.075118090625 0.636151592361 0.174820284722 0.15023618125
2 0.00751180859375 0.574236072917 0.0364208875 0.0150236171875
