3 0.0297754816406 0.516019739583 0.0834868430556 0.0339720398438
2 0.0463618363281 0.518684213889 0.0923684222222 0.0927236726563
2 0.107211748438 0.597730267361 0.303750001389 0.2128248375
2 0.394475318359 0.603059213889 0.712302636111 0.489597041406
2 0.663753692188 0.565756582639 0.0657236847222 0.04496299375
2 0.697725731641 0.570197371528 0.0888157902778 0.0349712179687
2 0.742189136328 0.578190792361 0.0870394736111 0.0839309210938
2 0.788151307812 0.557763160417 0.0426315791667 0.019983553125
2 0.836065692969 0.578169260417 0.126075356944 0.129985373438
2 0.952016439844 0.599506581944 0.16875 0.095921053125
2 0.596582401562 0.54329290625 0.0710526597222 0.0409419296875
