2 0.516929977344 0.504975075 0.0221032861111 0.01147670625
2 0.500193113672 0.508375580556 0.0255037916667 0.0143458820312
2 0.491107388672 0.50752545625 0.0374055652778 0.0114767054687
2 0.483456251953 0.509225709722 0.0374055666667 0.0172150585937
2 0.471023151953 0.513476338889 0.0493073305556 0.0191278445313
2 0.458590056641 0.512626214583 0.0476070819444 0.0210406304687
2 0.453329898437 0.517726972917 0.0544080930556 0.020084234375
2 0.437549427344 0.517726970139 0.0714106180556 0.0306045515625
2 0.416508798047 0.519427222222 0.0782116277778 0.0382556867188
2 0.372036560937 0.528778614583 0.103715418056 0.0717294140625
2 0.310349266406 0.550031774306 0.139420731944 0.11859263125
2 0.537014214063 0.504975075 0.0255037944444 0.01912784375
2 0.548490919922 0.504124948611 0.0238035416667 0.00956392109375
2 0.561402214063 0.505825201389 0.0408060666667 0.0258225890625
2 0.562836803906 0.512626211806 0.0408060680556 0.0210406296875
2 0.591528569141 0.541530509722 0.0986146638889 0.0707730226563
0 0.961652360547 0.139663613889 0.108816175 0.0258225882812
1 0.97456365625 0.235120666667 0.0408060666667 0.04973239375
0 0.965956124219 0.319283179861 0.0561083402778 0.0229534125
1 0.992097498438 0.0272040444444 0.03060455 0.0133894890625
1 0.961971146875 0.0646096055556 0.0374055638889 0.0219970234375
0 0.063773975 0.0168696944444 0.0337393888889 0.0334737265625
