1 0.788083413672 0.561875625 0.0291067805556 0.0163725632812
1 0.967012142187 0.555291948611 0.0353439472222 0.0233893765625
1 0.18531969375 0.542471105556 0.0138603722222 0.0253384921875
1 0.185124782422 0.602070701389 0.00831622222222 0.0101353976562
1 0.0898130734375 0.580933635417 0.0117813152778 0.0066269890625
1 0.084160640625 0.550094309028 0.00970225972222 0.0070168125
2 0.152866933203 0.636721629167 0.0318788527778 0.0385924710937
2 0.121096363672 0.646423888889 0.0207905583333 0.0233893757812
2 0.140977333984 0.697360754167 0.000693019444444 0.00311858359375
2 0.0883512382812 0.617663618056 0.0353439472222 0.046778753125
2 0.0458605363281 0.633603044444 0.0346509277778 0.0241690226563
2 0.870336053516 0.683846890278 0.122664283333 0.137217674219
2 0.905030294531 0.816906454861 0.000693018055556 0.0038982296875
2 0.732143821484 0.662709826389 0.160780305556 0.150081832031
2 0.502148287109 0.662016806944 0.1344456 0.0892694523438
2 0.0813344246094 0.652314546528 0.0595995958333 0.0604225554688
2 0.026925953125 0.720576876389 0.165631436111 0.05385190625
2 0.983969439844 0.751416202083 0.256416865278 0.0300163671875
