2 0.285311913672 0.453885252083 0.0148351597222 0.0143053335938
2 0.227494526172 0.463422140278 0.0423861694444 0.0369554445312
2 0.194711470312 0.46554145 0.0466247888889 0.028610665625
1 0.273390802734 0.349685918056 0.0466247888889 0.0381475554687
1 0.392005855859 0.3115383625 0.01271585 0.0178816664062
0 0.325843691797 0.104199319444 0.0656985666667 0.0190737773438
0 0.0474857519531 0.212637284722 0.0466247888889 0.0178816664062
0 0.0278159203125 0.418563447222 0.0275510111111 0.0143053328125
0 0.310346246094 0.0907770409722 0.0487440986111 0.0095368890625
0 0.487374742188 0.199921432639 0.0974881958333 0.017881665625
0 0.738314126172 0.316836634028 0.0317896291667 0.00953688828125
0 0.830106679297 0.312598019444 0.0275510111111 0.00715266640625
0 0.834875124609 0.333791104167 0.0190737777778 0.00715266640625
