1 0.319138634375 0.422658696528 0.0737554208333 0.0673882421875
5 0.827451209375 0.460780934028 0.918749368056 0.344091560937
5 0.421226792578 0.544470179167 0.166291386111 0.102591055469
2 0.507222236719 0.537317861111 0.0590066194444 0.045260759375
2 0.629929185938 0.551432943056 0.0765083083333 0.0774461890625
2 0.642501619922 0.508708590972 0.0232450347222 0.0402317867187
2 0.540413460937 0.534635741667 0.0500662222222 0.0331912234375
5 0.485597652344 0.492615877083 0.112649001389 0.0502897328125
2 0.594223475781 0.538211900694 0.0214569541667 0.016092715625
2 0.151170926563 0.510496670833 0.019668875 0.011063740625
2 0.183859251562 0.513178789583 0.0143046375 0.02011589375
0 0.582656836719 0.4774172 0.0286092722222 0.0070405625
