0 0.554551007031 0.300468536111 0.0468749694444 0.009228509375
0 0.545322497266 0.323906021528 0.0281249819444 0.00922851015625
0 0.311313869141 0.343827881944 0.0210937361111 0.0105468679687
0 0.283628341016 0.303984158333 0.035156225 0.00791015078125
0 0.319224019922 0.309843530556 0.0234374861111 0.0105468679688
0 0.308017972656 0.311015404167 0.0257812333333 0.009228509375
0 0.274399831641 0.305156033333 0.037499975 0.00791015078125
0 0.283628341016 0.373124736111 0.0187499861111 0.00791015078125
0 0.271763115234 0.371952861111 0.0210937361111 0.0105468679688
0 0.0515972507813 0.325077894444 0.0445312194444 0.013183584375
0 0.71604991875 0.369609113889 0.0210937361111 0.013183584375
1 0.553576559766 0.343988369444 0.0261022111111 0.0164508351563
1 0.679795060938 0.258281064583 0.0515624625 0.035595678125
1 0.678813730078 0.0984127986111 0.0412007194444 0.0468166023437
1 0.676877827344 0.0364144736111 0.0728289472222 0.06667525
2 0.754282313281 0.417655955556 0.0328124777778 0.0158203015625
2 0.148315327734 0.44015594375 0.0281249791667 0.0171386601563
2 0.245214675 0.44249969375 0.0421874708333 0.0210937359375
2 0.324975362109 0.435468448611 0.0328124777778 0.0329589617188
2 0.440990907812 0.4331247 0.0328124777778 0.0118652265625
2 0.281469533203 0.454218435417 0.0656249541667 0.0566894148438
2 0.125903233594 0.442499694444 0.0234374833333 0.0171386609375
2 0.105468677344 0.444843441667 0.0234374833333 0.0210937359375
2 0.0744872535156 0.449530940278 0.037499975 0.0145019429687
2 0.215902787891 0.451714495139 0.0699920680556 0.0573917710938
2 0.0476421753906 0.435234069444 0.0585937083333 0.0553710554687
2 0.08653375 0.451640305556 0.0445312194444 0.02241209375
5 0.178818842969 0.436405943056 0.0562499611111 0.046142546875
5 0.862387708594 0.388359102083 0.2367185875 0.18984361875
5 0.364048207813 0.405937213889 0.295312297222 0.158203017187
2 0.0252300816406 0.457499679167 0.0937499361111 0.0500976210938
