0 0.409462983594 0.337500001389 0.0177631583333 0.0099917765625
0 0.431944478906 0.345493423611 0.0159868444444 0.0089926
0 0.376989710156 0.341940791667 0.0159868416667 0.00699424375
2 0.317039052344 0.380131579861 0.0284210513889 0.0149876640625
2 0.301052209375 0.383684213889 0.024868425 0.0189843765625
2 0.269578114453 0.387236844444 0.0284210527778 0.0119901320313
2 0.285564957422 0.3863486875 0.03375 0.0179851976563
2 0.347513969922 0.380131579861 0.0284210513889 0.0139884867187
2 0.364999578906 0.381907897917 0.0248684208333 0.0149876640625
2 0.3824851875 0.378355266667 0.0177631583333 0.0159868421875
2 0.41096175 0.372138159028 0.0230921069444 0.0109909546875
2 0.426948592578 0.375690790278 0.0195394722222 0.0129893101562
2 0.449929677344 0.379243422917 0.0266447375 0.0149876640625
5 0.481403773828 0.357039475 0.103026313889 0.0559539492187
2 0.513877046094 0.397006581944 0.104802630556 0.064946546875
2 0.573328115234 0.422763159028 0.113684209722 0.107911185156
2 0.145180499219 0.508026318056 0.419210527778 0.2887623375
2 0.824121701953 0.503585528472 0.481381579167 0.351710528906
