1 0.670100148047 0.366374521528 0.0624824763889 0.0330163085937
4 0.474132380078 0.44779108125 0.0397615763889 0.0138455476563
2 0.456026662891 0.452524602778 0.0265077166667 0.0202358023438
2 0.494900703516 0.464831756944 0.039761575 0.0276910976563
2 0.515136505859 0.460098236111 0.0416549833333 0.0170406757812
2 0.534307265625 0.467671869444 0.0416549833333 0.014910590625
2 0.549750377734 0.465778461111 0.0454418 0.0223658867187
2 0.556673151953 0.475245503472 0.0568022513889 0.0191707585938
2 0.441648593359 0.454418011111 0.0302945333333 0.0106504226563
2 0.434193297656 0.458204827778 0.0454418 0.01278050625
2 0.423542875 0.461991644444 0.0530154333333 0.019170759375
2 0.413424974609 0.467671870139 0.0719495208333 0.0223658867187
2 0.380408665625 0.471458686111 0.0984572361111 0.064967575
2 0.371888328516 0.491339474306 0.107924276389 0.0436667320313
2 0.321831344531 0.496072995139 0.1893408375 0.0990489265625
2 0.188168546875 0.532047754167 0.321879425 0.270520723437
2 0.600339882813 0.460098236111 0.155259486111 0.0894635453125
2 0.675957879687 0.526367529167 0.204488105556 0.193837682812
2 0.0631980492187 0.702454508333 0.465778461111 0.126396098437
2 0.883641111328 0.527314234028 0.297265115278 0.230049117969
