0 0.654915063281 0.135489729861 0.0946795708333 0.022955715625
0 0.761796867969 0.465235814583 0.0391777486111 0.032138
0 0.631500235156 0.137122134722 0.0914147555556 0.02387394375
1 0.757297548437 0.3876965125 0.0212212833333 0.044074971875
1 0.738657508594 0.417896031944 0.0195888777778 0.0394838296875
3 0.981712614844 0.610519983333 0.182829511111 0.0348926875
2 0.544378379297 0.584168289583 0.0163240625 0.00918228671875
2 0.533359635938 0.585800696528 0.0195888763889 0.0128552
2 0.525095579687 0.587433097917 0.0195888763889 0.0110187421875
2 0.515454179297 0.589065505556 0.0228536916667 0.00826405859375
2 0.502139864844 0.594778928472 0.0277509069444 0.0257104
2 0.553101551953 0.592330322222 0.0261185027778 0.0192827992187
2 0.469083635156 0.603757163889 0.0359129388889 0.0422385140625
2 0.716677410938 0.675000033333 0.347702558333 0.405857034375
0 0.0714783046875 0.489637315972 0.0373057013889 0.0249190421875
0 0.0498380839844 0.497797938194 0.0396373069444 0.0209844570313
1 0.0400016203125 0.466321253472 0.0233160625 0.040657384375
