2 0.635917426953 0.649528884722 0.0152830305556 0.0157606273437
2 0.638066603906 0.663538333333 0.0178302055556 0.0171934125
2 0.642364957031 0.682642122917 0.0203773791667 0.02292455
2 0.644514133984 0.7030195 0.020377375 0.0243573335937
2 0.595083075 0.692830809722 0.0254717222222 0.0200589796875
2 0.631619072656 0.62150999375 0.0254717208333 0.0186261953125
2 0.673169818359 0.783255421528 0.0433019263889 0.0644752929687
2 0.699676328516 0.793444107639 0.0534906125 0.0487146664063
2 0.749107388281 0.793444109722 0.0942453694444 0.07020643125
2 0.783494210547 0.824010175 0.124811433333 0.0644752929687
2 0.812866287891 0.822736588889 0.168113358333 0.0573113726562
2 0.902415308203 0.844387553472 0.272547415278 0.190560313281
2 0.966174208984 0.910614027083 0.175754876389 0.0659080773438
