2 0.484283434766 0.468417404167 0.0163306472222 0.00995148828125
2 0.495765921094 0.477943614583 0.0217741930556 0.0145444828125
2 0.532509878516 0.479984947917 0.0149697625 0.00842048984375
2 0.540930367187 0.482706720139 0.0231350791667 0.0114824859375
2 0.547054360547 0.490191603472 0.0299395236111 0.0176064789063
2 0.550116356641 0.500398257639 0.0367439569444 0.0130134851563
2 0.559302347266 0.507202689583 0.0394657291667 0.0191374773438
2 0.569636583984 0.511965798611 0.0517137166667 0.0168409820313
2 0.600639296875 0.514687572917 0.0870967847222 0.054350434375
2 0.615183779688 0.526255113194 0.0802923458333 0.04669544375
2 0.647717491016 0.541224873611 0.104788322222 0.0704259179688
2 0.709340167578 0.555514190972 0.176915345833 0.109466371094
2 0.350780389844 0.498356926389 0.0517137194444 0.0405714515625
2 0.237486524219 0.517409346528 0.0762096875 0.063536425
5 0.461318455469 0.46610389375 0.0503528319444 0.029854465625
2 0.474331940234 0.506930509028 0.0503528291667 0.0344474601562
2 0.308984137109 0.506930509722 0.0585181527778 0.0466954429687
2 0.168515054297 0.533467813194 0.0816532347222 0.102576877344
2 0.417685009766 0.530065594444 0.118397191667 0.0880323960937
2 0.516510944922 0.487878088194 0.0313004069444 0.0244959710937
2 0.857923537891 0.604099950694 0.342131231944 0.281703661719
1 0.681782195703 0.385131096528 0.0217741930556 0.0130134820313
1 0.683313194531 0.404183522917 0.0108870986111 0.008420490625
1 0.679485699609 0.421194609028 0.0122479875 0.00688949140625
1 0.444477477734 0.431401265972 0.0136088708333 0.00535849296875
