0 0.23992386875 0.133232620139 0.0435045291667 0.032118578125
0 0.842376628906 0.369788497222 0.0516616277778 0.022941840625
0 0.439909811328 0.406155565972 0.0217522652778 0.00535309765625
0 0.47929330625 0.422469763194 0.0163141986111 0.0045883703125
1 0.104003014844 0.416963715972 0.0203927486111 0.024471296875
1 0.143004145312 0.415604198611 0.00679758333333 0.022941840625
1 0.340686346094 0.446193322222 0.0271903277778 0.02370656875
1 0.606429344141 0.3795770125 0.0163141972222 0.0244712976563
1 0.752874766406 0.3856948375 0.0203927472222 0.0282949375
2 0.479484489062 0.488066432639 0.0122356486111 0.008412009375
2 0.487896496094 0.487386676389 0.0135951666667 0.009941465625
2 0.466484110938 0.490785466667 0.0176737166667 0.0068825515625
2 0.458836830469 0.491465227083 0.0244712986111 0.0145298328125
2 0.437424444531 0.495543777778 0.0190332333333 0.008412009375
2 0.4228946125 0.493504501389 0.0339879111111 0.0206476578125
2 0.398346836328 0.501117802083 0.0435045263889 0.0313538492187
2 0.448818887891 0.495679736806 0.0299093652778 0.0191182007813
2 0.497264415625 0.490105709722 0.0149546833333 0.0091767359375
2 0.515434664062 0.497583051389 0.0407854972222 0.0214283015625
