2 0.389923138281 0.326668940278 0.015596925 0.0077984625
2 0.393334965625 0.334467403472 0.0242618847222 0.0107228859375
2 0.415268142578 0.338799882639 0.0294608597222 0.0194961570312
2 0.414293334766 0.327535436806 0.0450577847222 0.0311938523438
2 0.354342651953 0.324935948611 0.0190629083333 0.00877327109375
2 0.346056785156 0.329268427083 0.0277278652778 0.01169769375
2 0.337283514453 0.331001420139 0.0311938513889 0.0155969257813
2 0.325585820703 0.330134924306 0.0433247930556 0.0194961570313
2 0.218356957422 0.31800398125 0.0467907763889 0.0233953882812
2 0.441587953906 0.347464840972 0.0606547097222 0.0409419296875
2 0.302677835938 0.334467403472 0.0554557347222 0.039967121875
2 0.0653121257812 0.302407054861 0.320603465278 0.130624251562
2 0.169616565234 0.313671502083 0.0381258180556 0.0155969257813
