2 0.356548819141 0.398268886806 0.0336565263889 0.0399671242187
2 0.280926819141 0.399203790972 0.0317867180556 0.0410188914062
2 0.168913689844 0.401073598611 0.0355263333333 0.06520951875
2 0.188897253516 0.395464177778 0.0205678777778 0.0273459273437
2 0.525988397656 0.406683020833 0.0654432444444 0.0536400890625
0 0.472663843359 0.307583249306 0.0243074902778 0.00841413046875
2 0.0389153589844 0.38331043125 0.0149584569444 0.0294494601562
2 0.0136729640625 0.381440624306 0.0224376819444 0.027345928125
2 0.240959694922 0.402008502083 0.0336565263889 0.0683648179687
1 0.866445171484 0.215962704167 0.0766620861111 0.0357600585938
1 0.705945639453 0.243074910417 0.0897507375 0.115694307031
1 0.5894099 0.310387959722 0.112188419444 0.06520951875
1 0.869179802344 0.120602552083 0.110318615278 0.06520951875
