1 0.541636089453 0.503877772222 0.0122449027778 0.0111926070312
0 0.362898759766 0.472194090278 0.0198979666667 0.00602678828125
0 0.290146815625 0.508163493056 0.0153061305556 0.006887759375
0 0.283689540625 0.535714526389 0.0214285805556 0.012914546875
0 0.369356033203 0.472194090278 0.0229591944444 0.00688775859375
2 0.462082474219 0.588520673611 0.0290816472222 0.0077487265625
2 0.468970233984 0.590816592361 0.0306122569444 0.0146364867188
2 0.483606719922 0.590816590972 0.0428571625 0.0301339414063
2 0.511588237109 0.605357413194 0.0780612597222 0.0396046101562
2 0.4147291375 0.586990057639 0.0198979680556 0.0077487265625
2 0.423338835547 0.584694138194 0.0428571625 0.0111926070313
5 0.404827984375 0.570153318056 0.038265325 0.018941334375
2 0.440509045313 0.583491516667 0.050510225 0.03185588125
2 0.394447162109 0.588848663194 0.0183673569444 0.0137755179688
2 0.382557579297 0.583418659722 0.0198979666667 0.00516581953125
2 0.377822245703 0.58418396875 0.0244898069444 0.00602678828125
2 0.372656425781 0.584183967361 0.0367347097222 0.007748728125
2 0.357589454688 0.583418659722 0.044387775 0.0275510328125
2 0.330468906641 0.595663564583 0.0535714513889 0.0129145460938
2 0.321428725391 0.596428870139 0.0704081958333 0.0137755179687
2 0.305500783203 0.599490096528 0.0734694208333 0.0318558804688
2 0.268622569531 0.603826800694 0.0903061625 0.065433703125
2 0.235905717578 0.615306397222 0.104081680556 0.0516581867187
2 0.17004153125 0.627551302083 0.168367423611 0.105899282812
2 0.595360598438 0.598979875694 0.211224584722 0.150669709375
2 0.727088973828 0.650255407639 0.163775579167 0.142060011719
2 0.0721958683594 0.65408191875 0.257142970833 0.143781953906
2 0.879355030859 0.684694177083 0.251020520833 0.237627657031
3 0.629922396094 0.625692711111 0.185204166667 0.0421875203125
