1 0.670566551563 0.286406046528 0.0421874708333 0.027685528125
1 0.587509968359 0.386015352083 0.0492187152778 0.0329589617187
1 0.661997221875 0.21726546875 0.0820311930556 0.042187471875
1 0.463584271484 0.429374697222 0.0281249805556 0.0118652273438
1 0.305381255859 0.427030950694 0.0281249819444 0.0145019429687
2 0.381846047266 0.475077792361 0.0210937375 0.0145019429687
2 0.375254255078 0.479765288194 0.0164062375 0.0118652273438
2 0.364707386719 0.478593415278 0.0281249833333 0.0171386609375
2 0.350864623047 0.484452786111 0.0304687305556 0.0131835851563
2 0.418760084375 0.477421539583 0.0257812319444 0.009228509375
2 0.425351876953 0.478593415278 0.0281249833333 0.0118652273437
2 0.438535460937 0.482109036111 0.0445312194444 0.0250488109375
2 0.472812781641 0.503202772222 0.0773436972222 0.0382323960937
2 0.469516884766 0.486796534028 0.0820311958333 0.0527343382813
2 0.513022714453 0.514921513889 0.138281155556 0.0764647914062
2 0.613217957031 0.547733990278 0.264843566667 0.181933467187
2 0.291538492187 0.493827779861 0.0773436958333 0.031640603125
2 0.268467217969 0.494999652778 0.0890624388889 0.0355956765625
2 0.331748424609 0.483280910417 0.0468749680556 0.0276855273438
2 0.407554037109 0.477421539583 0.0210937347222 0.0105468695313
2 0.216392059766 0.50789026875 0.124218665278 0.0975585273437
2 0.801084040234 0.708515293056 0.469218752778 0.396825897656
