2 0.626834973438 0.626488464583 0.302155940278 0.261960884375
2 0.419449273047 0.635497701389 0.148305897222 0.109150367969
2 0.931676359766 0.582828317361 0.126129315278 0.134099024219
2 0.325891815625 0.607083954167 0.0471252388889 0.068608803125
2 0.294316172656 0.599460754167 0.0374229833333 0.06159199375
2 0.480261621094 0.593223589583 0.0360369458333 0.0202707828125
2 0.506769567969 0.584214353472 0.0873202958333 0.0202707828125
2 0.467787294141 0.585600390278 0.0429671305556 0.0155929101563
0 0.410093527734 0.501052168056 0.0235626194444 0.00467787265625
0 0.343044016016 0.564116825694 0.0194045097222 0.00623716484375
0 0.463109420313 0.535010059722 0.0138603638889 0.00311858125
0 0.417110336719 0.540554206944 0.0110882916667 0.0062371640625
0 0.492735949219 0.516991586806 0.0166324375 0.0062371640625
1 0.252605138672 0.383239071528 0.0900923680556 0.0358636929688
1 0.348111711328 0.538475151389 0.0152464 0.0101353914062
1 0.315756423437 0.564116825694 0.0194045097222 0.01403361875
1 0.314197131641 0.528772897222 0.0207905444444 0.00779645390625
