2 0.445010137109 0.479712761806 0.265373018056 0.155141147656
1 0.546030493359 0.280614961111 0.0479032277778 0.0635364257813
1 0.612399271875 0.282656292361 0.0492641152778 0.049298159375
1 0.671189594141 0.294087749306 0.0313004069444 0.0107169867187
1 0.359554932422 0.3168145625 0.0326612972222 0.0283234664062
1 0.394308585547 0.319672422917 0.0383770180556 0.0365908476563
1 0.313318785938 0.339269200694 0.0231350847222 0.022811875
1 0.318983480469 0.31341234375 0.0258568597222 0.02679246875
1 0.65542033125 0.383498038194 0.0108870958333 0.0061239921875
1 0.728908243359 0.412076669444 0.0244959722222 0.0137789835938
1 0.671113061328 0.409354894444 0.0244959722222 0.0114824867188
1 0.274737630859 0.260337738889 0.0421875055556 0.0543504367187
2 0.0895633941406 0.362948630556 0.0176915333333 0.0321509617188
2 0.14161733125 0.370433511111 0.00816532222222 0.0107169875
2 0.117504110937 0.365670405556 0.0176915333333 0.03750945625
2 0.206302004297 0.372338766667 0.013608875 0.0252614679687
2 0.183719782031 0.370977879861 0.0136088736111 0.0199029765625
2 0.250700951953 0.377782314583 0.0217741958333 0.0298544632812
2 0.271369427734 0.373699653472 0.0136088736111 0.0114824867188
2 0.342943592578 0.377782314583 0.0217741958333 0.0153099820312
2 0.298161895703 0.378462757639 0.0204133069444 0.0191374773437
2 0.380835798047 0.372542889583 0.0108870986111 0.0145444835938
2 0.374329056641 0.383429989583 0.0136088708333 0.0214339757813
5 0.321126868359 0.368460229167 0.0217741972222 0.0206684757812
2 0.838910472656 0.421602902083 0.0108870958333 0.0145444828125
2 0.853072205078 0.425005120833 0.0176915333333 0.0137789835938
2 0.870295935547 0.421602901389 0.0190524222222 0.0130134851563
2 0.891729908984 0.422963789583 0.0136088708333 0.0160754804687
2 0.918522378125 0.420242013889 0.0190524222222 0.03750945625
2 0.960242078125 0.413437578472 0.0244959708333 0.0520539375
2 0.980910553906 0.417520240278 0.0326612944444 0.035212959375
2 0.972081791797 0.414798463889 0.0190524222222 0.0344985023438
1 0.691118126563 0.424596828472 0.0136088708333 0.00535849375
