1 0.172204771875 0.149527596528 0.0255118152778 0.014350396875
1 0.138122577344 0.137480354861 0.0212598513889 0.0155462640625
1 0.00478346601562 0.0758267930556 0.0977953027778 0.00717519921875
1 0.391048336719 0.129330741667 0.0233858333333 0.0119586640625
1 0.521995715234 0.0450000069444 0.0871653777778 0.0275049289062
5 0.337234344531 0.188503989583 0.0340157569444 0.033484259375
2 0.17320133125 0.204448876389 0.0616535611111 0.032288396875
2 0.136328778125 0.206574863194 0.0829134097222 0.0765354546875
2 0.0843085863281 0.2172047875 0.0914173472222 0.0920817179687
3 0.356368208594 0.205511870833 0.059527575 0.014350396875
2 0.384471071094 0.2069291875 0.0807874222222 0.044247059375
2 0.406594601563 0.221811081944 0.106299241667 0.05022639375
2 0.252925758203 0.249448885417 0.259370151389 0.163833705469
2 0.462202391797 0.231732347222 0.144566969444 0.111215582031
3 0.505851519141 0.16370083125 0.0425196930556 0.0119586664063
3 0.372512406641 0.217204785417 0.1594488625 0.0275049289063
2 0.0239173292969 0.211889823611 0.140315 0.0478346585938
2 0.770935277344 0.253417394444 0.505133994444 0.454429259375
