1 0.470307750781 0.5047205125 0.0101963722222 0.00630900625
1 0.505867605859 0.513897251389 0.010196375 0.00745609765625
2 0.484672473437 0.584452094444 0.0203927472222 0.008603190625
2 0.518224916406 0.596177925 0.0397658611111 0.01720638125
2 0.382555207812 0.584252230556 0.0142749222222 0.012044465625
2 0.361047230469 0.57660495 0.0234516611111 0.022941840625
2 0.337818616406 0.573546038194 0.0295694847222 0.02810375625
5 0.472028389844 0.58323259375 0.0428247708333 0.0195005671875
5 0.274155005469 0.541427460417 0.101963740278 0.0757080765625
5 0.134209772656 0.538368548611 0.0713746166667 0.08947318125
2 0.566089938281 0.601586065972 0.0672960680556 0.047030775
2 0.633194826172 0.624018088889 0.0958459166667 0.0848848148437
2 0.498985053516 0.603625341667 0.0591389694444 0.0367069460937
2 0.442777540625 0.607703891667 0.0754531666667 0.0504720515625
2 0.241775725781 0.572587234722 0.0305891222222 0.044736590625
2 0.140544849609 0.588901430556 0.0305891222222 0.0762816210938
2 0.0794621976562 0.577175603472 0.0397658597222 0.090620275
