2 0.368262864062 0.416032055556 0.622645722222 0.36811825
0 0.182130883594 0.224688467361 0.0380193986111 0.02208709375
0 0.153207307812 0.219390677083 0.0336565263889 0.0105176625
1 0.160043788672 0.15675214375 0.0243074902778 0.0410188914062
1 0.144267292969 0.109072064583 0.0224376819444 0.0262941609375
0 0.754291820703 0.0822715090278 0.0673130513889 0.0136729632813
0 0.767438901562 0.0881925444444 0.0579640166667 0.0105176640625
1 0.986596342969 0.119667645139 0.0224376819444 0.024190628125
2 0.558632589063 0.364612361806 0.0635734375 0.02524239375
1 0.991110637891 0.245802107639 0.0433019263889 0.0143278429688
1 0.976782794922 0.271273828472 0.0331132375 0.00859670546875
