1 0.643860582422 0.201027040972 0.0658536847222 0.0419167382812
1 0.644835390234 0.246951321528 0.0259948763889 0.0185213492188
2 0.764249350781 0.330134923611 0.0398588111111 0.01949615625
2 0.740366558203 0.345731849306 0.0779846263889 0.0438663539062
2 0.719408189453 0.370860229167 0.0831836027778 0.0545892398438
2 0.867578983984 0.335333899306 0.0606547097222 0.0233953882813
2 0.907058700391 0.344865352083 0.103979504167 0.0633625101562
2 0.814939359375 0.347464841667 0.0779846277778 0.0506900078125
2 0.657995294922 0.3353339 0.0398588111111 0.0214457726563
1 0.409906699219 0.18976259375 0.0259948763889 0.039967121875
1 0.416730354297 0.166367205556 0.0207959 0.0224205804687
0 0.379200251953 0.229621403472 0.0398588097222 0.0253450039062
0 0.401620832422 0.234820378472 0.0467907763889 0.0194961570312
2 0.775161998437 0.320625001389 0.0124342111111 0.0139884875
0 0.994981078516 0.220263159028 0.0248684208333 0.00999177578125
