2 0.408190557031 0.443144255556 0.0448753666667 0.032604759375
2 0.435536484766 0.441274447917 0.0448753652778 0.0262941601562
2 0.343506922656 0.449688580556 0.0430055611111 0.01472473125
2 0.30564333125 0.454363097222 0.0710526638889 0.0336565265625
2 0.273564454297 0.460907421528 0.0841413125 0.0536400867188
2 0.233176621875 0.47025645625 0.1103186125 0.06499916875
2 0.1656532125 0.480540394444 0.145844944444 0.0999178109375
2 0.480341741406 0.442209352083 0.0280471041667 0.01156943125
2 0.487704105859 0.4384697375 0.0392659444444 0.0136729632813
2 0.507161784375 0.433795220139 0.0635734375 0.0399671234375
2 0.530826529687 0.445014063889 0.0785318944444 0.032604759375
2 0.570267770312 0.451558386806 0.1103186125 0.077830715625
2 0.06520951875 0.501482242361 0.179501470833 0.1304190375
2 0.370221783203 0.456232903472 0.0860111236111 0.0588989210937
2 0.666188849609 0.472126263889 0.17389205 0.136729635156
