0 0.915781226953 0.337968511111 0.0656249555556 0.0171386601562
0 0.664633939063 0.464530923611 0.0281249805556 0.015820303125
1 0.0667583722656 0.183281115278 0.0937499361111 0.0461425460938
1 0.660019683984 0.409452836111 0.0210937361111 0.0355956789063
0 0.275059010938 0.446952809722 0.035156225 0.009228509375
1 0.272422294141 0.404765340972 0.0257812319444 0.0145019429688
1 0.0251394460938 0.100078048611 0.035156225 0.0502788921875
2 0.0792827792969 0.539530872222 0.037499975 0.0448241898438
2 0.320542378125 0.520780885417 0.0984374319444 0.05537105625
2 0.647922848828 0.564088806944 0.0883825777778 0.0597893492188
2 0.472153601953 0.521952758333 0.513280894444 0.284765430469
2 0.814267624609 0.587577713194 0.330468523611 0.330907975781
2 0.984995045703 0.606327700694 0.171093631944 0.0290038867188
