1 0.274930850781 0.225710740278 0.0490521 0.0323903828125
1 0.796775882813 0.483767439583 0.0234597013889 0.01799465625
2 0.637823085938 0.544549390278 0.0170616 0.00959715
2 0.630625223438 0.547748440278 0.0149289 0.00959715
2 0.625226826563 0.554146540972 0.0277251013889 0.01079679375
2 0.618628785937 0.552013840278 0.0319905 0.0191943
2 0.605432704687 0.555212891667 0.0511848027778 0.0191943015625
2 0.579640363281 0.559478291667 0.0682464027778 0.04438681875
2 0.265933521875 0.643719940972 0.296445301389 0.350295976562
2 0.0753838609375 0.755686691667 0.230331602778 0.150767721875
2 0.664215248438 0.558411940278 0.0234597 0.0191943
2 0.940075562109 0.561610990278 0.1236966 0.119848875781
