3 0.104381460547 0.5065292875 0.276288705556 0.0649484648437
3 0.422165017969 0.524055064583 0.171134048611 0.0510309359375
3 0.487113482812 0.53024063125 0.195876320833 0.0463917609375
3 0.275451075781 0.508591144444 0.140206208333 0.0313144390625
3 0.619329998828 0.528866067361 0.140206209722 0.0266752617188
2 0.771263014063 0.528866066667 0.329896961111 0.22615983125
2 0.887532362891 0.504123795139 0.0948453736111 0.0550902148437
2 0.919716646484 0.489690801389 0.0597938222222 0.0255154679688
2 0.942912526563 0.481443378472 0.0721649597222 0.041752584375
2 0.988144492188 0.479381522222 0.0474226888889 0.0208762921875
7 0.601918638281 0.567731611111 0.0590387138889 0.0549258640625
8 0.333440776562 0.523711426389 0.115463936111 0.0800257859375
0 0.384136685938 0.361319295139 0.0388735486111 0.01672685625
0 0.419265532812 0.366323063194 0.0371134069444 0.0127577328125
1 0.372873771875 0.261168422222 0.0412371194444 0.05682990625
1 0.428543885156 0.268041281944 0.0371134083333 0.0289948484375
1 0.427963988281 0.307560169444 0.0350515527778 0.03015464375
1 0.484793894141 0.0962199263889 0.0824742416667 0.0324742320313
2 0.882603238281 0.443642679861 0.0969072319444 0.044072171875
1 0.404211288672 0.169007759722 0.0350515527778 0.0417525835938
1 0.733012889062 0.357667583333 0.0371134083333 0.012757734375
