0 0.295924615625 0.469904890278 0.0255924 0.0071978625
0 0.379899678906 0.482701090278 0.0255924 0.0071978625
2 0.340311433984 0.538151289583 0.0170615986111 0.00959714921875
2 0.329514640625 0.541350340278 0.0191943 0.0119964375
2 0.321117134766 0.546682090278 0.0170616 0.0143957257813
2 0.299523546875 0.543483040278 0.0277251 0.0191943
2 0.192755253516 0.565876389583 0.106634998611 0.0455864632813
2 0.103381793359 0.576539890278 0.1834122 0.181146207031
2 0.251537796484 0.569075440972 0.121563901389 0.105568649219
2 0.366103775391 0.552013840972 0.0490521013889 0.0299910945312
2 0.394295403906 0.543483040972 0.0234597013889 0.0119964375
2 0.406291841406 0.549881140278 0.0447867 0.0215935875
2 0.417688457031 0.555212891667 0.0426540027778 0.02279323125
2 0.436882757031 0.559478290972 0.0639810013889 0.03478966875
2 0.495665300781 0.568009090278 0.1364928 0.09477185625
2 0.804515817969 0.634122790972 0.281516401389 0.390968364063
1 0.841162702344 0.410189289583 0.0767771986111 0.0299910953125
1 0.484868506641 0.459241390278 0.021327 0.0107967929688
