0 0.926067453906 0.0381258173611 0.0693196680556 0.0389923140625
1 0.907058701172 0.165500709028 0.161168231944 0.0867578992188
2 0.824200033594 0.486970675694 0.0658536847222 0.06141289375
1 0.651171640625 0.431514938889 0.0242618833333 0.009748078125
1 0.561001915625 0.423986088889 0.0254556527778 0.0107228859375
2 0.598532017578 0.453177336806 0.0363928263889 0.0136473101563
2 0.615103750391 0.452310840972 0.0346598347222 0.0136473085938
2 0.629238464453 0.454910327778 0.0433247944444 0.0165717335937
2 0.652146448828 0.4609758 0.0277278694444 0.0233953882813
2 0.919243798438 0.499101617361 0.0901155680556 0.10332963125
2 0.728668864844 0.551957864583 0.230487898611 0.223230996875
2 0.444999781641 0.455776824306 0.0173299180556 0.0263198117187
1 0.305114855859 0.435847418056 0.015596925 0.0136473101562
2 0.391872754297 0.4635752875 0.0225288944444 0.00974807890625
2 0.381149867578 0.464441784028 0.0207959013889 0.0116976945313
2 0.371401789453 0.467041270139 0.0225288930556 0.0116976945313
2 0.358729287109 0.470507254861 0.0225288930556 0.0194961570313
2 0.252475231641 0.486104179861 0.0467907791667 0.0389923132813
2 0.186188299219 0.495635634028 0.0485237680556 0.0526396234375
2 0.120876173047 0.495635632639 0.0797176180556 0.0818838585937
2 0.0404545257813 0.511232559028 0.0797176180556 0.0809090515625
0 0.583159733984 0.414834422222 0.0214569527778 0.00603476796875
