0 0.325915709375 0.296445301389 0.0341232 0.00959715
0 0.398494157422 0.344431051389 0.0277251 0.00839750703125
0 0.376300747656 0.348696451389 0.0191943 0.004798575
0 0.359505735156 0.349762801389 0.0255924 0.0071978625
0 0.267732989062 0.364691700694 0.0213270013889 0.0131960828125
0 0.475871178906 0.370023452083 0.0191942986111 0.0119964375
1 0.454277591406 0.368957101389 0.021327 0.0119964375
1 0.301323014062 0.308175152083 0.0149289013889 0.03718895625
1 0.277929960937 0.335900252083 0.0149289013889 0.014395725
1 0.470472782422 0.349762801389 0.0170616 0.0107967929687
2 0.385298076172 0.371089801389 0.0170616 0.00839750703125
2 0.366103775781 0.372156151389 0.0149289 0.01319608125
2 0.342710722266 0.377487902083 0.0127961986111 0.0191942992187
2 0.345709832031 0.404146651389 0.0362559 0.0371889578125
2 0.399693801172 0.394549500694 0.0298577986111 0.0251925179687
2 0.418888100391 0.400947602778 0.0255924 0.0107967929687
2 0.428485250781 0.403080302083 0.0298577986111 0.01559536875
2 0.443480797656 0.409478401389 0.0298578 0.02879145
2 0.466274028516 0.416942852083 0.0533175013889 0.0215935882813
2 0.483069041406 0.416942852083 0.0533175013889 0.0311907375
2 0.514859601172 0.423340951389 0.0874407 0.0611818320312
2 0.546050339844 0.434004450694 0.0959714986111 0.06118183125
2 0.600634129687 0.453198751389 0.1172985 0.1079679375
2 0.696605628906 0.480923851389 0.1898103 0.194342289062
2 0.108374064063 0.49158735 0.3305685 0.216748128125
3 0.823767867188 0.443601601389 0.1962084 0.0503850375
2 0.940202167187 0.399454593056 0.0675866777778 0.0419167375
2 0.903646873047 0.408986047222 0.0623877027778 0.0662869335938
