1 0.130373778516 0.164928790278 0.0725118027778 0.0335900242187
1 0.826766976953 0.324881290278 0.0853080027778 0.0491853945313
1 0.865755399219 0.0785544388889 0.0831753 0.0479857515625
1 0.798388417578 0.0844328736111 0.0821359694444 0.0483596164062
1 0.728996010937 0.169194191667 0.0383886 0.0263921609375
2 0.712800820313 0.376066090278 0.042654 0.01799465625
2 0.696605629688 0.377132440972 0.0703791013889 0.0215935875
2 0.642021838672 0.372867039583 0.142890901389 0.104369005469
2 0.739192982813 0.380331489583 0.0255924013889 0.01559536875
2 0.755987996094 0.382464189583 0.0298578013889 0.0227932328125
3 0.884349877344 0.378198790972 0.0725118013889 0.01559536875
2 0.0501913414062 0.469904890278 0.379620602778 0.100382682812
