1 0.571988821484 0.286989923611 0.038265325 0.0757653414062
1 0.551451139844 0.447704282639 0.0413265486111 0.020663275
1 0.645296846094 0.404847120139 0.0596939041667 0.0327168515625
1 0.647879755078 0.507398186806 0.0321428708333 0.0275510320313
1 0.510985560156 0.500510429167 0.0367347111111 0.0172193953125
1 0.512707500781 0.544132898611 0.0260204194444 0.01549745625
1 0.210507110156 0.485204299306 0.0489796125 0.0223852140625
1 0.212229049609 0.527296154167 0.038265325 0.0189413351563
1 0.213520503516 0.5992349625 0.038265325 0.0129145460938
5 0.182956076953 0.601530882639 0.1408163875 0.111926069531
2 0.767124069141 0.624490075 0.205102133333 0.319419786719
0 0.504833178516 0.221938873611 0.0673469694444 0.0309949117187
0 0.647323676563 0.326785859722 0.0658163555556 0.0284120015625
1 0.656794344531 0.281632779167 0.0214285805556 0.0301339421875
0 0.66325161875 0.48443899375 0.0382653208333 0.01549745625
