1 0.842072678906 0.168490102778 0.145608730556 0.140408420313
1 0.598698084766 0.331779895833 0.0270416222222 0.0280816835938
1 0.541949680859 0.330739835417 0.0166409986111 0.0105306320312
1 0.464140014844 0.305778336806 0.0208012486111 0.02574154375
2 0.446588962109 0.319299146528 0.0187211236111 0.00936056171875
2 0.451269243359 0.323459397222 0.0145608722222 0.00936056015625
2 0.459459734766 0.324499459028 0.0166409958333 0.00936056171875
2 0.466480155469 0.328659708333 0.016641 0.0117007015625
2 0.479350926953 0.340100396528 0.0145608736111 0.00936056171875
2 0.481106031641 0.352581142361 0.0228813708333 0.0128707710937
2 0.502167294922 0.358821518056 0.0270416222222 0.0128707710938
2 0.519718347266 0.364021829861 0.0374422458333 0.0292517554687
2 0.408561682422 0.321379273611 0.0187211222222 0.0105306320313
2 0.405636507422 0.329699772917 0.0145608736111 0.0117007023438
2 0.406221541016 0.341140459028 0.0166409986111 0.0105306320312
2 0.406806576563 0.34842089375 0.0228813708333 0.018721121875
2 0.392765733984 0.355007950694 0.0249614986111 0.0187211226563
2 0.271078437109 0.359168198611 0.0291217472222 0.0280816835937
2 0.0815270695312 0.360208263194 0.0686441180556 0.079564771875
1 0.605133469922 0.363328448611 0.016641 0.00819049140625
1 0.588752487109 0.3664486375 0.0187211222222 0.0105306320313
1 0.563010944141 0.346687450694 0.0166409958333 0.0105306320312
