1 0.405576499609 0.4446090625 0.0398437222222 0.0171386601563
1 0.502475847266 0.472734043056 0.0210937361111 0.00791015234375
3 0.0450054589844 0.471562167361 0.0421874708333 0.0210937351562
3 0.103672410156 0.485624659028 0.0328124763889 0.02241209375
2 0.545981676172 0.497343402083 0.0281249819444 0.0105468679688
2 0.5360939875 0.497343402083 0.0281249819444 0.009228509375
2 0.528183836719 0.498515275 0.0257812305556 0.011865225
2 0.520273685547 0.500859022917 0.0304687263889 0.0118652257813
2 0.513022715625 0.504374645139 0.0281249819444 0.013183584375
2 0.507090102344 0.50554651875 0.0304687291667 0.01450194375
2 0.495884054687 0.505546520139 0.0351562263889 0.0158203015625
2 0.481382112109 0.506718395139 0.0468749680556 0.0184570179687
2 0.472628426172 0.511405890972 0.0468749680556 0.0175073695312
2 0.451719045313 0.504374646528 0.0562499597222 0.035595678125
2 0.429966130469 0.510234016667 0.0585937111111 0.02636716875
2 0.406894857813 0.513749640278 0.0609374583333 0.0435058296875
2 0.380527687891 0.518437136806 0.0703124513889 0.0408691117187
2 0.344272830469 0.520780884722 0.0937499361111 0.05537105625
2 0.275718190234 0.530155879167 0.126562411111 0.108105394531
2 0.190024889844 0.545390242361 0.142968651389 0.150292865625
2 0.558506082813 0.496514761806 0.0532197430556 0.0250488125
2 0.752963955469 0.537187123611 0.0984374333333 0.0448241890625
2 0.798447323047 0.5524214875 0.124218666667 0.109423752344
1 0.989609301953 0.320390398611 0.0398437222222 0.0197753773438
2 0.906552717969 0.574687097917 0.2015623625 0.185888545313
2 0.0838063984375 0.57234335 0.178124877778 0.167612796875
2 0.640822194922 0.530155879167 0.243749833333 0.185944782031
