2 0.491336053906 0.439662088889 0.0693243138889 0.0369425609375
2 0.601847323437 0.437172513889 0.140966775 0.0827274078125
2 0.546236805078 0.435101278472 0.0602026930556 0.0318116492187
2 0.522121521484 0.432364792361 0.0291891847222 0.0123141851563
2 0.208498916406 0.425593138889 0.0703755972222 0.0869776421875
5 0.737106704687 0.399526960417 0.259054009722 0.193948446875
2 0.401545105469 0.420506685417 0.0200675625 0.01334036875
2 0.430278208984 0.4168580375 0.0127702666667 0.0112880039062
2 0.514938246875 0.415945876389 0.0255405361111 0.0143665515625
5 0.967000628516 0.460920420139 0.0705914263889 0.0544458539063
