1 0.460092225391 0.347647292361 0.0105882430556 0.0238235445313
0 0.506994830859 0.352500240278 0.0291176666667 0.00744485703125
2 0.452647367578 0.410735575 0.0238235444444 0.0148897164063
2 0.444458023828 0.414706166667 0.0317647277778 0.0134007445313
2 0.439991108203 0.4200002875 0.0423529694444 0.0134007445313
2 0.433290736328 0.420000288194 0.0529412152778 0.0148897148438
2 0.417656535547 0.421323818056 0.055588275 0.0253125179688
2 0.410956162109 0.425294410417 0.0688235763889 0.0268014882812
2 0.374476358203 0.449117954861 0.111176548611 0.0848713804688
2 0.522629033594 0.397941449306 0.0317647291667 0.0327573765625
2 0.588888269141 0.408529692361 0.0900000625 0.0789154960938
2 0.724604820312 0.433235593056 0.174706 0.281968040625
4 0.170912669141 0.404054893056 0.805084591667 0.341825338281
1 0.689646838281 0.174481288194 0.0331132375 0.063042509375
1 0.971905346484 0.140094465278 0.0713208194444 0.0544458039063
