2 0.4333020875 0.768581829167 0.400321088889 0.22128138125
2 0.229567247266 0.741720459722 0.0623877027778 0.0555640460938
2 0.1662047375 0.744319945833 0.0814506111111 0.0692113578125
2 0.263685523047 0.7304560125 0.0433247944444 0.0126725023438
0 0.0950437652344 0.579685732639 0.0329268430556 0.0107228851562
0 0.0882201101563 0.675866773611 0.0277278666667 0.0107228859375
0 0.519572582031 0.524229995833 0.0433247916667 0.009748078125
0 0.505925271875 0.527695979861 0.0502567597222 0.009748078125
0 0.106741459375 0.583151716667 0.0467907777778 0.008773271875
0 0.528345852344 0.530295468056 0.0415918 0.005848846875
0 0.331434667578 0.654204376389 0.0294608583333 0.00974807890625
3 0.705760880078 0.715725582639 0.103979504167 0.0272946195313
0 0.582935091797 0.652471384028 0.0225288902778 0.0155969257813
0 0.106741459375 0.673267286806 0.0190629125 0.008773271875
2 0.304425437109 0.725270159722 0.0249614944444 0.0198911929688
