0 0.386284562109 0.41048973125 0.0174676458333 0.0112292023437
0 0.462081678906 0.397388995833 0.0162199583333 0.0056146015625
0 0.436114148047 0.404251286111 0.00998151388889 0.00421095078125
0 0.421375819922 0.402379752778 0.0112292027778 0.00701825078125
0 0.492611071875 0.396141305556 0.0187153361111 0.0105273765625
0 0.550862555469 0.435443515278 0.0124768916667 0.0063164265625
1 0.507700308984 0.402379752083 0.0162199569444 0.00701825078125
2 0.423551477734 0.436275314583 0.0124768930556 0.00912372734375
2 0.413024100781 0.440642226389 0.0137245805556 0.014738328125
2 0.407760411719 0.449999894444 0.0149722694444 0.0070182515625
2 0.396882122266 0.453119117361 0.0262014708333 0.0161419789062
2 0.393022083984 0.464348320139 0.0162199597222 0.0112292023437
2 0.385652919922 0.47744905625 0.0224584041667 0.0105273773438
2 0.371265503906 0.490549792361 0.0311922291667 0.0224584046875
2 0.339157003125 0.524653290972 0.0424214347222 0.0224584046875
2 0.315645860547 0.524029444444 0.048659875 0.0357930820313
2 0.293538369141 0.539001714583 0.0536506319444 0.0252657054688
2 0.268623576172 0.543368627083 0.0648798375 0.0456186351563
2 0.232128667969 0.56146011875 0.0786044152778 0.044214984375
2 0.170017142578 0.568322410417 0.0948243763889 0.0828153679688
2 0.100887365234 0.5751847 0.128511983333 0.134048603906
2 0.476890189453 0.430660713194 0.0162199597222 0.00772007734375
2 0.483206615234 0.437523003472 0.0174676486111 0.0105273773438
2 0.488821216797 0.442513759722 0.0174676472222 0.0105273773438
2 0.490575779687 0.445009138194 0.0149722708333 0.0070182515625
2 0.495488555859 0.451871427778 0.0187153361111 0.0126328523438
2 0.49829585625 0.458109873611 0.0162199583333 0.012632853125
2 0.510577796094 0.471834454861 0.0361829847222 0.0273711796875
2 0.530462849219 0.496996191667 0.0474121861111 0.0231602296875
2 0.549412128516 0.493253125694 0.0723659708333 0.0189492789062
2 0.653329027344 0.524902824306 0.111044334722 0.0694806890625
2 0.763866509766 0.518040534028 0.209611779167 0.178263588281
2 0.581321773438 0.494209677778 0.0810997972222 0.0652697390625
2 0.912302512891 0.542245709028 0.331885315278 0.173350811719
2 0.462783503906 0.42446385625 0.0149722708333 0.014036503125
2 0.443483312109 0.433821525 0.0237060944444 0.0161419789063
1 0.552968041797 0.413234654167 0.00998151388889 0.0147383273437
