2 0.878992248828 0.692675439583 0.361387701389 0.238739432031
2 0.0812926035156 0.643647358333 0.154404691667 0.160471841406
2 0.259227969922 0.621331074306 0.0913403597222 0.0779105757813
2 0.656604591016 0.635006078472 0.127327698611 0.101629510156
2 0.486695626562 0.6113361875 0.0603990361111 0.03757841875
2 0.520203044922 0.59440080625 0.0229245541667 0.0128950617187
2 0.535247279688 0.5982215625 0.0407547527778 0.02579011875
2 0.547562841406 0.607438460417 0.0388111708333 0.024631125
2 0.578242978516 0.610519983333 0.0783555083333 0.0477478882813
2 0.610468454687 0.623579234028 0.104474009722 0.0558785875
2 0.460141562109 0.5976763625 0.0243813222222 0.0158279695312
2 0.43224463125 0.604153603472 0.0212212847222 0.0128552
2 0.422144115625 0.598440182639 0.0261185013889 0.0128552
2 0.413880059766 0.600725548611 0.0326481277778 0.0238739429687
2 0.401024858984 0.605786017361 0.0310157180556 0.0220374867187
2 0.353462230078 0.613282793056 0.0454054861111 0.0290128007812
2 0.332157716406 0.612315640278 0.0375453472222 0.018364571875
2 0.44464071875 0.599256384028 0.0179564708333 0.0137734296875
2 0.380823829688 0.606602218056 0.0391777555556 0.0312197734375
