3 0.674150754297 0.416440595833 0.143389802778 0.0308898242188
3 0.645835082031 0.41949144375 0.125084720833 0.0223093140625
3 0.395713308984 0.382881283333 0.0701694777778 0.0180190632813
1 0.0361900707031 0.227288093056 0.0732203222222 0.0592054976563
1 0.788271497266 0.1960169125 0.0259321972222 0.0394703335938
0 0.758239720703 0.073220325 0.0854237138889 0.0240254179687
0 0.748801164453 0.274576217361 0.0457627041667 0.0154449117188
0 0.783981242188 0.271525369444 0.04881355 0.0343220265625
2 0.334854279297 0.366864339583 0.0549152458333 0.0326059273438
2 0.309541785547 0.353898236806 0.0106779625 0.0145868617187
2 0.276077807422 0.359999929167 0.0228813472222 0.0163029601563
2 0.261490946094 0.354660950694 0.0244067736111 0.0060063546875
2 0.252052387109 0.3523728125 0.0381355888889 0.0128707585938
2 0.241755780078 0.359237220833 0.0549152444444 0.0163029617188
2 0.230172095312 0.368389761111 0.0610169388889 0.02402541875
2 0.206575701562 0.372966027083 0.0793220180556 0.050624990625
2 0.188556636719 0.380593148611 0.0884745583333 0.0660699015625
2 0.497025860156 0.437796529167 0.254745719444 0.216228773437
2 0.307845191016 0.41791835625 0.114406759722 0.0815148148437
