1 0.690104671484 0.0486598791667 0.0249537833333 0.0428113335938
1 0.600621964453 0.154713452778 0.0474121861111 0.0238620539062
1 0.576408997266 0.185905684028 0.0299445402778 0.0147383273437
0 0.693262884766 0.124145070833 0.0436691194444 0.0378985570313
0 0.405428301562 0.171557257639 0.0162199597222 0.0070182515625
2 0.452852676953 0.243299386111 0.0187153361111 0.0112292023437
2 0.439518 0.242675540278 0.0249537833333 0.0196511046875
2 0.416006857422 0.250161677083 0.0274491625 0.0203529289062
2 0.357404456641 0.257647810417 0.0349352958333 0.0210547523438
2 0.525491579688 0.252033209028 0.0511552541667 0.02877483125
2 0.225702135156 0.278234681944 0.0761090388889 0.0636458765625
2 0.309628508203 0.280106215972 0.117282781944 0.0927445945313
2 0.482329333984 0.271372392361 0.104805890278 0.0687788648438
2 0.0784289597656 0.30568384375 0.313169979167 0.156507007031
2 0.383671721484 0.263678307639 0.0673752152778 0.0491277601562
7 0.249644759766 0.284009688889 0.0585849583333 0.0186261960937
6 0.250361151953 0.264905898611 0.0458490972222 0.0143278429687
