1 0.401841469922 0.216657029167 0.032850525 0.0351969898437
1 0.537789845703 0.219003496528 0.0219003486111 0.0378367648438
1 0.351245796875 0.272190059722 0.106373125 0.1381481875
1 0.486314246875 0.2800116125 0.115758988889 0.133748564063
1 0.470099805078 0.423146041667 0.0281575916667 0.0123189476563
1 0.430943151953 0.423146040278 0.0187717277778 0.0255178179687
1 0.416424394922 0.418453108333 0.00938586388889 0.0105590976563
2 0.410044939063 0.435660526389 0.0125144833333 0.0105590984375
2 0.400805728906 0.43644268125 0.0109501736111 0.007919321875
2 0.391126557031 0.437224838194 0.0156431069444 0.013198871875
2 0.409165014844 0.446610700694 0.0219003513889 0.0158386453125
2 0.419284149219 0.445828546528 0.0172074180556 0.007919321875
2 0.425003661328 0.442699925694 0.0172074180556 0.0105590976563
2 0.429403283984 0.445046391667 0.0156431083333 0.0140787960937
2 0.432483021094 0.449739322222 0.0156431083333 0.0167185703125
2 0.389366707031 0.442699925694 0.0172074180556 0.02023826875
2 0.378367648438 0.438006993056 0.0172074166667 0.0105590984375
2 0.364288851953 0.432531906944 0.0156431083333 0.0140787960938
2 0.371768211719 0.439571302083 0.0140787958333 0.013198871875
2 0.361649077344 0.440353459028 0.0125144847222 0.014078796875
2 0.348010243359 0.439571303472 0.0172074180556 0.0167185695312
2 0.34845020625 0.445046393056 0.00938586388889 0.0175984953125
2 0.380127497656 0.453650100694 0.0203360375 0.054555334375
2 0.345370469141 0.455214409722 0.0140787944444 0.0202382695313
2 0.435122795312 0.458343032639 0.0265932819444 0.02199811875
2 0.325572162109 0.440353458333 0.0219003472222 0.0175984960937
2 0.462840425781 0.487282779861 0.0531865625 0.0475159375
2 0.306213817187 0.485718470139 0.0657010486111 0.0475159375
2 0.271896750391 0.481807692361 0.0735226013889 0.0299174414063
2 0.210302017969 0.500579420139 0.170509865278 0.1337485625
2 0.128469014844 0.541251499306 0.104808818056 0.0422363890625
2 0.556992375781 0.536558567361 0.193974526389 0.144307660937
2 0.364582161719 0.569409090278 0.219003494444 0.160146307812
2 0.0671721707031 0.56888765625 0.403592156944 0.134344341406
2 0.814819487109 0.665092763889 0.470857519444 0.367808550781
