2 0.103221666406 0.426804193056 0.222680447222 0.206443332812
2 0.198324775391 0.381443361111 0.0577319666667 0.0440721726562
2 0.373453669531 0.369072227083 0.0226804180556 0.016237115625
2 0.319523248828 0.368041297222 0.0164948472222 0.0104381460937
2 0.349097995703 0.366907278472 0.0307216569444 0.0185567039063
2 0.425064503125 0.343299025 0.00824742222222 0.042912378125
2 0.282989736328 0.399587693056 0.107216511111 0.0881443429688
2 0.412886665625 0.404639243056 0.112371152778 0.08582475625
2 0.585116076953 0.464948527778 0.296907261111 0.260953652344
1 0.393109804297 0.183649826389 0.101180658333 0.105745025781
1 0.521327404688 0.308247472222 0.0329896944444 0.0289948484375
2 0.333440777344 0.367835116667 0.0247422722222 0.012757734375
1 0.413523967578 0.120585169444 0.0221765833333 0.0592530570312
1 0.211283927734 0.33126270625 0.0166324375 0.00623716328125
1 0.268198048438 0.3305696875 0.0291067638889 0.0109150375
1 0.350450647656 0.32225346875 0.0180184736111 0.0366433375
1 0.46778729375 0.3305696875 0.0318788388889 0.0093557453125
2 0.353057587109 0.579825241667 0.00277207222222 0.00857610078125
