2 0.434558975 0.53327205625 0.0179401875 0.006307096875
2 0.424467621094 0.534393317361 0.0246677541667 0.011352775
2 0.416268394141 0.54896971875 0.0224252319444 0.0100913554687
2 0.408699877344 0.550090979167 0.0291528055556 0.01261419375
2 0.399869942578 0.553454764583 0.0403654180556 0.0176598726563
2 0.379056523828 0.552333504861 0.0515780375 0.0290126460938
2 0.374641555078 0.563546122222 0.0426079444444 0.0176598710937
2 0.361396650781 0.564667381944 0.0627906527778 0.0214441296875
2 0.358873811719 0.574758738889 0.0560630833333 0.018921290625
2 0.0914529046875 0.657732101389 0.23546495 0.182905809375
4 0.282557941406 0.537757102083 0.224252331944 0.13875613125
5 0.152001035938 0.503895004167 0.230979902778 0.192997165625
2 0.471770846484 0.593820186111 0.156976633333 0.0958678726562
4 0.514532975781 0.533272048611 0.0224252333333 0.0189212890625
2 0.522858332031 0.555697290278 0.0269102805556 0.0189212890625
2 0.533580396484 0.561303599306 0.0291528041667 0.0126141929687
2 0.539256783594 0.562424860417 0.0313953263889 0.011352775
2 0.554393816406 0.569152430556 0.0403654194444 0.0163984515625
2 0.575207236719 0.572516215278 0.0470929888889 0.030274065625
2 0.603967601562 0.582607565972 0.0717607375 0.0408699796875
2 0.652532246875 0.585971353472 0.105398595833 0.0845150984375
1 0.541779622656 0.500755459028 0.0201827097222 0.0088299359375
1 0.544302461719 0.479451488194 0.00897009305556 0.011352775
1 0.696808075 0.378537936806 0.0672757013889 0.0227055484375
2 0.818156615625 0.555697280556 0.116611211111 0.11352774375
2 0.958174166797 0.524301963889 0.0358803722222 0.0807308398437
2 0.900779585156 0.658853363194 0.260132706944 0.195520003125
