1 0.33371339375 0.359359952778 0.0533175027778 0.0179946578125
1 0.412889881641 0.383886001389 0.042654 0.0227932320313
1 0.644421125781 0.379620601389 0.042654 0.02039394375
1 0.604233060937 0.397748551389 0.0533175 0.0191943015625
2 0.512460314844 0.462795901389 0.0383886 0.0203939453125
2 0.486068150781 0.479857501389 0.063981 0.03958824375
2 0.552048557422 0.475592101389 0.0383886 0.0227932320313
2 0.577840898437 0.481990202083 0.0511848013889 0.0359893140625
2 0.433883646875 0.506516251389 0.1258293 0.052784325
2 0.388297185156 0.521445151389 0.1642179 0.0863743515625
2 0.314519094531 0.549170252083 0.245260501389 0.161951907812
2 0.162957854687 0.639810002083 0.494786401389 0.325915709375
7 0.610831101953 0.5203788 0.0682464 0.0251925210938
7 0.655817742187 0.548103901389 0.1322274 0.062381475
7 0.73499423125 0.596089652083 0.202606501389 0.0503850390625
7 0.785379269531 0.646208101389 0.209004602778 0.0551836140625
7 0.896946136328 0.656871602083 0.435070801389 0.139158675781
