1 0.305845961328 0.476572726389 0.0329268472222 0.0165717335937
1 0.0645810199219 0.479172211806 0.0381258180556 0.0136473101562
1 0.0353367859375 0.475706228472 0.0415918013889 0.0194961578125
1 0.638255438281 0.482638195833 0.0589217194444 0.027294621875
1 0.784476614063 0.402920577778 0.0589217194444 0.0311938515625
1 0.338989428125 0.50949956875 0.0190629152778 0.0068236546875
2 0.382855781641 0.558889831944 0.0311938527778 0.0146221179688
2 0.480336566016 0.563222311111 0.015596925 0.00487403984375
2 0.493009068359 0.545025895833 0.0519897472222 0.0243701960937
2 0.556858980859 0.559756327778 0.015596925 0.0214457726562
2 0.507631186328 0.551091370139 0.0502567597222 0.0341182757812
2 0.602187548437 0.623877021528 0.1438383125 0.0809090546875
2 0.120145066406 0.553690857639 0.0450577875 0.0760350109375
2 0.193743059766 0.623010525694 0.114377454167 0.0828586679688
5 0.742559875781 0.619544540972 0.322336459722 0.2748958125
2 0.0343619765625 0.561489320139 0.0675866791667 0.0662869328125
2 0.0865141972656 0.645539418056 0.187163105556 0.170591374219
2 0.873184126562 0.757317384722 0.483504691667 0.251500421875
2 0.355561162109 0.554557352083 0.0398588097222 0.0409419304687
1 0.450686170703 0.475995070833 0.0138639333333 0.00584884765625
1 0.457022421875 0.475995070833 0.0138639333333 0.0048740390625
1 0.463846075781 0.474262079167 0.0138639333333 0.0048740375
1 0.470182326563 0.475995070833 0.0138639333333 0.0058488453125
