1 0.283390746875 0.526223415972 0.0503389736111 0.02402541875
1 0.27910049375 0.560545444444 0.0213559277778 0.018877115625
1 0.769905485156 0.553681042361 0.0472881319444 0.0257415203125
1 0.768618408984 0.594867470139 0.0167796541667 0.0180190648437
1 0.820959500781 0.593342047222 0.0320338888889 0.0145868609375
1 0.56011209375 0.603257298611 0.0122033833333 0.0060063546875
2 0.63506475 0.629564045833 0.115932183333 0.0763665109375
2 0.477612449219 0.617360657639 0.0152542347222 0.0137288109375
2 0.380652722266 0.605157270139 0.0396610097222 0.0240254179688
2 0.393952507422 0.610496252083 0.0381355847222 0.0197351664063
2 0.535530871484 0.616597944444 0.0137288083333 0.0145868632813
2 0.512363503125 0.618886081944 0.024406775 0.0265995734375
2 0.68158336875 0.621174216667 0.0289830444444 0.0154449125
2 0.703892686719 0.626513198611 0.0305084694444 0.0291737234375
2 0.944439199219 0.733050659722 0.166101783333 0.108699028125
