2 0.454042810156 0.551562302083 0.0431249847222 0.0221484296875
2 0.363339716797 0.550624802778 0.0337499888889 0.0200390554688
2 0.319570201172 0.540312304167 0.0618749777778 0.0442968601563
2 0.19617180625 0.578749794444 0.269999905556 0.261562407812
2 0.408163920313 0.573124795139 0.134999951389 0.0864843453125
2 0.495175607422 0.5937497875 0.119999958333 0.0833202820313
2 0.622265406641 0.589687294444 0.0431249861111 0.0590624789062
1 0.0590624792969 0.416249854167 0.0224999916667 0.0126562460938
3 0.0669726320312 0.496249821528 0.0599999791667 0.01160155625
1 0.726679432422 0.334374870833 0.0487499805556 0.0253124914063
1 0.73300755625 0.384999853472 0.0262499902778 0.044296859375
