1 0.428011460547 0.314288611111 0.0337944777778 0.0260128523437
1 0.457025794531 0.313399284722 0.0249011916667 0.0240118640625
1 0.484039140625 0.313399283333 0.0355731305556 0.0220108765625
1 0.518556196094 0.310731299306 0.0302371625 0.0190093921875
1 0.662127130078 0.364090996528 0.0551383513889 0.0300148304688
1 0.647619964844 0.358755027778 0.0480237277778 0.049024221875
1 0.330963510937 0.375652263194 0.0320158180556 0.0240118625
2 0.471532963672 0.405000096528 0.0160079097222 0.0130064257813
2 0.491042602734 0.398774797917 0.0213438791667 0.0120059304688
2 0.457025796094 0.403221439583 0.0160079097222 0.0080039546875
2 0.513053477344 0.406778752778 0.0195652222222 0.016007909375
2 0.503048533594 0.432569272917 0.0498023819444 0.0400197734375
2 0.648620457812 0.451245168056 0.0871541722222 0.0870430046875
2 0.925859021484 0.469031734028 0.136956556944 0.147275936719
5 0.436015414844 0.395217488194 0.0640316375 0.038018784375
2 0.418506764063 0.408557409722 0.0231225361111 0.0450222453125
2 0.419007011719 0.4565811375 0.0907114861111 0.0700346046875
2 0.229413336328 0.43790524375 0.227668043056 0.165081563281
2 0.0234115613281 0.405000096528 0.0658102930556 0.0468231226563
