1 0.138422713672 0.207092511806 0.0190629069444 0.0389923148438
4 0.493740173828 0.42284998125 0.169833190278 0.0809090507812
5 0.279769851953 0.486104179167 0.233953883333 0.191062336719
2 0.030706446875 0.477439219444 0.0467907777778 0.0575136625
2 0.171494440234 0.467907765972 0.0415918013889 0.0371861789062
2 0.879276677344 0.533761452083 0.3535303125 0.237853114062
2 0.751089444531 0.48263819375 0.209691998611 0.190087529688
2 0.647759813672 0.484371186806 0.0953145430556 0.0516648164062
2 0.567338167187 0.458376311806 0.0606547097222 0.0506900078125
2 0.402108235938 0.447978361111 0.025994875 0.01852135
2 0.432327279688 0.44364588125 0.0207958986111 0.0185213484375
