0 0.310399835547 0.37144060625 0.0274576208333 0.0163029617187
0 0.407359562891 0.488898211111 0.0122033888889 0.00943855859375
0 0.475574592578 0.484321942361 0.0152542347222 0.00858050859375
0 0.424091550781 0.507966004167 0.0106779638889 0.0068644046875
0 0.464848958984 0.504152447222 0.0122033888889 0.00600635546875
0 0.571676267969 0.325677903472 0.0640677819444 0.0343220265625
1 0.625304435937 0.348559254861 0.0274576208333 0.05319914375
1 0.666061844922 0.326440615972 0.0472881263889 0.0300317742187
1 0.493593655469 0.483559229167 0.0137288083333 0.0163029609375
2 0.1894146875 0.557542267361 0.0610169375 0.0780826109375
2 0.240039680078 0.556016843056 0.0518643972222 0.0420444835937
2 0.295383948437 0.549915150694 0.0244067763889 0.0257415203125
2 0.477290693359 0.537711761806 0.0152542347222 0.00858050703125
2 0.4699972625 0.534660915972 0.0122033875 0.00772245625
2 0.513328821875 0.542288033333 0.0213559305556 0.0137288109375
3 0.116051355469 0.557313452083 0.0797796513889 0.0188771140625
3 0.853974944531 0.571271079167 0.140338958333 0.033463978125
3 0.913180441016 0.568220231944 0.161694886111 0.0283156726563
1 0.157666813281 0.330254176389 0.0457627027778 0.030031775
1 0.159811939453 0.415677886806 0.0366101625 0.0188771148438
1 0.158953889844 0.365338914583 0.0183050819444 0.0223093171875
0 0.627492455859 0.437338894444 0.0137288083333 0.00943855703125
0 0.666104736328 0.460982957639 0.0366101625 0.00600635546875
0 0.677259394922 0.431999913889 0.0274576222222 0.0163029632813
2 0.452879140625 0.534965995833 0.0198305055556 0.0085805078125
2 0.461459647266 0.533440570833 0.0198305027778 0.0102966085938
2 0.271830447266 0.54869480625 0.0411864319444 0.0205932164063
0 0.102942542188 0.04523108125 0.0904621625 0.0397664921875
0 0.687239531641 0.462188888194 0.0225288930556 0.0155969257813
1 0.0317442289062 0.539380884028 0.0373961402778 0.012621196875
2 0.488996261719 0.535165472917 0.0205678763889 0.015776496875
2 0.500565692578 0.535165472917 0.0243074902778 0.0136729632813
