2 0.361680862891 0.446195238889 0.0348979527778 0.0299617289062
2 0.33740153125 0.447113604861 0.0330612152778 0.0206632609375
2 0.318288014453 0.448950338889 0.0440816222222 0.0216964242188
2 0.291942357422 0.453542176389 0.0459183583333 0.0330612164062
2 0.442784162109 0.448819154861 0.0532652958333 0.0268622382812
2 0.466546912109 0.463307180556 0.0940851472222 0.0454591742187
2 0.507582457031 0.484717779861 0.105712493056 0.0867578984375
2 0.83321700625 0.623877021528 0.452310840278 0.331434667187
2 0.188211016406 0.488703665972 0.176765154167 0.187309310937
1 0.873915233984 0.247817817361 0.0762516347222 0.0477655851562
