0 0.374991355078 0.357039475694 0.0213157902778 0.0109909539062
0 0.445932966797 0.3525986875 0.0159868416667 0.0109909539062
0 0.283067011328 0.3863486875 0.0159868416667 0.0149876648438
0 0.943023841406 0.3863486875 0.03375 0.017985196875
1 0.199635678906 0.396118421528 0.0213157902778 0.019983553125
0 0.277071946875 0.478717108333 0.00532894722222 0.0089926
1 0.504384858594 0.349934213194 0.0248684236111 0.01199013125
1 0.180651304688 0.333947369444 0.0177631555556 0.0159868421875
1 0.525367589453 0.345493423611 0.0159868444444 0.0139884867187
1 0.966004926953 0.348157896528 0.0355263152778 0.0119901320313
1 0.505384035938 0.370361844444 0.0124342111111 0.01199013125
2 0.459921453906 0.420986844444 0.0248684222222 0.018984375
2 0.479905006641 0.436085529861 0.0301973680556 0.0209827304687
2 0.494393082031 0.435197371528 0.0461842097222 0.0219819078125
2 0.502386503516 0.452072370833 0.0408552638889 0.0219819085937
2 0.531862243359 0.436973688194 0.0994736847222 0.0549547695313
2 0.538356898828 0.462730265278 0.104802630556 0.0239802632813
2 0.397972440234 0.426315791667 0.0923684222222 0.130892269531
2 0.200135269531 0.436085528472 0.0408552625 0.0669449015625
2 0.0927236722656 0.535559213889 0.246907894444 0.161866777344
1 0.335523837891 0.364144738194 0.0248684236111 0.00799342109375
1 0.312043164453 0.380131581944 0.0142105277778 0.0149876648438
2 0.0258786945313 0.632368424306 0.213157895833 0.0517573890625
2 0.289561666797 0.666118424306 0.536447370833 0.481603621094
2 0.617791520703 0.456513160417 0.1953947375 0.122898849219
2 0.768667344922 0.499144738889 0.351710527778 0.314740955469
