2 0.0949366699219 0.5823988 0.183966169444 0.155696138281
2 0.270366080469 0.581554919444 0.114767886111 0.076898703125
2 0.904203989453 0.611090771528 0.123206698611 0.187974607031
2 0.566297246875 0.576009422222 0.08438815 0.0771699578125
2 0.331328980078 0.542567596528 0.0348643680556 0.0227848023437
2 0.234018891016 0.551560964583 0.0472573652778 0.0275316335938
1 0.324208728906 0.514767721528 0.0168776291667 0.0085443
1 0.345569480078 0.521518777083 0.0151898680556 0.0132911351562
1 0.346518847656 0.535864761111 0.0202531555556 0.0075949328125
1 0.0455696015625 0.418565233333 0.0219409194444 0.0455696015625
1 0.0408227679687 0.443881677083 0.0388185513889 0.0816455359375
2 0.0113924003906 0.527425944444 0.0438818361111 0.0227848007812
2 0.180854364453 0.531645354167 0.0135021027778 0.0218354335937
1 0.291591205078 0.516576044444 0.0118143416667 0.0113924007812
1 0.847716671484 0.41277861875 0.0438818375 0.0218354335937
1 0.847716672266 0.45666045625 0.0438818375 0.0237341695313
1 0.845343254687 0.487884071528 0.0118143375 0.018987334375
