1 0.287444907812 0.568170436111 0.0136088722222 0.011482484375
1 0.107935371875 0.525302486806 0.0231350819444 0.0107169875
2 0.4007914 0.631928008333 0.0812449777778 0.042207703125
2 0.202091759766 0.585181526389 0.0258568555556 0.0306199632812
2 0.442458474219 0.632812581944 0.0939012222222 0.076549909375
2 0.165347802734 0.591305520833 0.0408266194444 0.0336819601563
2 0.143913828906 0.588923968056 0.0415070638889 0.0137789828125
2 0.117886858984 0.590625075694 0.0421875041667 0.0398059523438
2 0.0206684746094 0.573613984722 0.0489919416667 0.0122479835937
2 0.00956873867188 0.596749070139 0.0979838819444 0.0191374773438
2 0.191862776172 0.582459754167 0.0217741972222 0.0114824867188
