0 0.222324672656 0.287577920139 0.0585937097222 0.0145019421875
0 0.547959213672 0.352031001389 0.0421874694444 0.00659179140625
0 0.150474135938 0.469218419444 0.0234374833333 0.013183584375
0 0.67715834375 0.462187174306 0.0234374847222 0.011865225
0 0.240781691016 0.292265417361 0.0539062125 0.0145019429687
0 0.423374338672 0.455155929167 0.0234374833333 0.00791015078125
0 0.409531575 0.45515593125 0.0187499875 0.009228509375
0 0.561801978125 0.357890372222 0.0398437222222 0.01054686875
0 0.915781227344 0.407109088889 0.039843725 0.0329589625
1 0.946103471875 0.391874722917 0.0937499375 0.0329589625
1 0.876230473438 0.323906020833 0.0281249805556 0.0487792640625
1 0.668589014453 0.436405944444 0.0187499861111 0.0210937351563
1 0.678476702734 0.39890596875 0.0187499875 0.0171386585937
1 0.412827471484 0.489140280556 0.035156225 0.0158203023438
3 0.702207154297 0.524296507639 0.0632812069444 0.0145019429688
3 0.175522946875 0.536015250694 0.0585937097222 0.013183584375
3 0.911166972266 0.560624606944 0.1453124 0.0290038867187
3 0.9289648125 0.560624606944 0.149999894444 0.0382323953125
3 0.983017509375 0.554765236806 0.171093631944 0.0329589625
2 0.326474991016 0.523124632639 0.0234374847222 0.0171386601563
2 0.388437839453 0.513749639583 0.0374999736111 0.0224120945312
2 0.416123366797 0.530155877778 0.0234374833333 0.0355956789062
2 0.544663317187 0.504374646528 0.0187499875 0.0237304515625
2 0.551255109766 0.520780884722 0.037499975 0.0210937351563
2 0.486655545703 0.500859025 0.00703124444444 0.0184570179687
2 0.59146504375 0.5184371375 0.037499975 0.0566894140625
2 0.507749280078 0.496171526389 0.0164062388889 0.0184570179688
2 0.899301746094 0.544218369444 0.0843749444444 0.147656148438
2 0.444468073828 0.516093388889 0.0281249833333 0.0131835851563
2 0.367344103125 0.536015247917 0.0492187152778 0.046142546875
2 0.500498308984 0.571171475 0.138281155556 0.0962401679687
5 0.272422294141 0.545390243056 0.124218663889 0.101513602344
2 0.0290945214844 0.562968356944 0.0796874472222 0.0581890429688
