2 0.584793461719 0.312595802778 0.0503528277778 0.0229649734375
2 0.602017191406 0.318039352083 0.0503528291667 0.0298544640625
2 0.619623670703 0.32892645 0.0503528277778 0.0267924695312
2 0.64220589375 0.322802456944 0.0571572666667 0.0398059515625
2 0.675887853516 0.322802455556 0.0626008138889 0.0367439570313
2 0.727176291797 0.322802456944 0.0898185611111 0.0796119054687
2 0.756494909375 0.336411329861 0.0789314625 0.0543504359375
2 0.808166098828 0.330287336806 0.0993447708333 0.0673639210937
2 0.351746831641 0.304611926389 0.0204133083333 0.0145444820313
2 0.336054100391 0.308014145833 0.0163306472222 0.0199029773438
2 0.317682123437 0.310055477083 0.0231350819444 0.0199029765625
2 0.268052262891 0.322076655556 0.0190524194444 0.0160754804688
2 0.249297534375 0.326386122917 0.0258568569444 0.0199029765625
2 0.218677571875 0.332963738889 0.0462701666667 0.0382749546875
2 0.420896916016 0.297127048611 0.0145161166667 0.0109721554687
2 0.441055057031 0.296900225 0.0149697583333 0.0114824875
2 0.539421690625 0.337046400694 0.103427431944 0.0857358984375
0 0.507143146875 0.224546398611 0.0244959722222 0.0099514875
0 0.463509699609 0.2606099125 0.0176915333333 0.00688949140625
