1 0.831998496094 0.514181228472 0.115412081944 0.04581596875
1 0.291467544922 0.603947616667 0.00866495833333 0.0136473101562
1 0.246762192578 0.585751204861 0.0346598347222 0.0217173882812
1 0.517135562891 0.598748640972 0.00866495694444 0.0126725023437
0 0.365552942188 0.552824360417 0.0242618847222 0.00389923125
0 0.449873821484 0.547625386806 0.0207959013889 0.00682365546875
1 0.329485052734 0.6100130875 0.00693196666667 0.0116976945313
0 0.321686589453 0.623010524306 0.0121309430556 0.00974807890625
0 0.285618698828 0.619544540972 0.0190629097222 0.0116976945313
0 0.360678903125 0.553690855556 0.0225288944444 0.00389923125
0 0.504463060156 0.6204110375 0.0138639333333 0.0087732703125
2 0.868553790234 0.794576705556 0.344865352778 0.261248502344
5 0.723794825781 0.671534293056 0.327535436111 0.23687830625
5 0.530295468359 0.662002838889 0.0935815527778 0.0604380867188
5 0.490815750391 0.659403352778 0.0606547083333 0.0360678898438
2 0.468395169922 0.657670360417 0.0259948763889 0.0126725023437
2 0.466932958203 0.652471384722 0.0294608583333 0.0175465414062
2 0.456210072266 0.65333788125 0.0173299180556 0.00974807890625
2 0.450848628906 0.644672923611 0.0173299166667 0.0068236546875
2 0.282694274219 0.675000275694 0.0537227430556 0.0467907765625
2 0.308526683203 0.669801302778 0.0537227416667 0.0263198117187
2 0.325585820703 0.673267285417 0.0433247930556 0.00974807890625
2 0.354830056641 0.657670360417 0.0259948763889 0.0214457726562
2 0.363603326562 0.650738392361 0.0225288902778 0.015596925
2 0.376763232031 0.654204377083 0.0225288902778 0.0107228859375
2 0.386023907031 0.652471386111 0.0190629083333 0.009748078125
2 0.395771985938 0.65073839375 0.0155969236111 0.0077984640625
2 0.413318526172 0.653337880556 0.0138639333333 0.0214457726563
2 0.409419296094 0.638607451389 0.0121309416667 0.01169769375
1 0.831249946094 0.440692800694 0.0267086541667 0.0355103703125
