1 0.533092212891 0.262037633333 0.181861752778 0.226169414844
1 0.295946209766 0.583755084028 0.0177865652778 0.0140069210937
1 0.246921987891 0.58642306875 0.0160079097222 0.0120059320312
1 0.225911606641 0.595316352083 0.0160079097222 0.0100049429688
1 0.0623307847656 0.5846444125 0.0195652222222 0.0110054382813
2 0.0658325152344 0.617549558333 0.01422925 0.0120059320312
2 0.0463228753906 0.61666023125 0.0124505958333 0.0130064257813
2 0.0318157074219 0.62021754375 0.0160079097222 0.0100049429687
2 0.0193095273438 0.6184388875 0.0160079083333 0.0130064265625
2 0.00590291054688 0.621106872222 0.0177865666667 0.0118058210938
2 0.0783386929687 0.614881574306 0.0124505958333 0.0110054375
2 0.125361925391 0.617549558333 0.01422925 0.00700346171875
2 0.154376262109 0.615770902778 0.0142292527778 0.00700346015625
2 0.161379722266 0.616660230556 0.0160079083333 0.00900444921875
2 0.170884417969 0.6184388875 0.0195652222222 0.008003953125
2 0.180389114453 0.621996200694 0.0266798486111 0.0170084039063
2 0.201399495703 0.621106872222 0.0391304444444 0.0250123585937
2 0.236917044531 0.635336125 0.0462450722222 0.038018784375
2 0.274935828516 0.621996200694 0.0266798486111 0.0200098851562
2 0.305951151953 0.627332167361 0.0409091013889 0.0300148304688
2 0.138368352734 0.619328214583 0.0284585041667 0.0210103804687
2 0.387491439844 0.629110827083 0.0693676069444 0.0350173015625
5 0.521133301172 0.666116700694 0.264328001389 0.271982716406
