3 0.553669292969 0.472373113194 0.0408552625 0.0089925984375
3 0.565159835547 0.475925744444 0.0408552638889 0.0139884867187
3 0.574152435156 0.477702060417 0.0373026319444 0.0099917765625
1 0.688733133203 0.345493422917 0.0408552625 0.0309745070313
2 0.397972440234 0.453848686111 0.0195394722222 0.0109909539062
2 0.37099464375 0.454736844444 0.0213157888889 0.0209827296875
2 0.275573179688 0.459177634722 0.0266447361111 0.0219819078125
2 0.249094972656 0.468059213194 0.0373026319444 0.0289761515625
2 0.209627455859 0.476940791667 0.03375 0.0439638164063
2 0.61679234375 0.476052634028 0.0284210513889 0.0209827296875
2 0.641272195313 0.476940791667 0.0515131583333 0.03796875
2 0.648766027344 0.486710529167 0.0568421055556 0.0229810859375
2 0.660256569922 0.489375002778 0.0550657888889 0.0359703945312
2 0.698724909375 0.493815791667 0.0675 0.038967928125
2 0.742189136719 0.493815791667 0.0852631583333 0.0919243421875
2 0.910550567969 0.529342108333 0.177631580556 0.178852796875
2 0.807135682812 0.52490131875 0.104802631944 0.07793585625
2 0.808634449219 0.463618423611 0.0213157888889 0.038967928125
2 0.986488067969 0.578190792361 0.126118420833 0.026977796875
2 0.480404595312 0.458289475694 0.0142105263889 0.01199013125
2 0.427947769531 0.488486845139 0.0603947375 0.04496299375
