0 0.325263406641 0.225912924306 0.0705733319444 0.0217695976562
0 0.388651349609 0.310145610417 0.0956154819444 0.0230501632812
0 0.362719917188 0.335187761111 0.0478077416667 0.014726490625
0 0.342551026953 0.0460647513889 0.0887858055556 0.0281724195313
0 0.0630678210938 0.0525874388889 0.104107741667 0.033934959375
0 0.0224098984375 0.0429522694444 0.0859045388889 0.04353919375
0 0.217375845703 0.401777115972 0.0330101069444 0.0160070570313
0 0.0964425050781 0.433684524306 0.0295952680556 0.00768338671875
0 0.0797951664062 0.37620140625 0.0216273069444 0.0089639515625
0 0.345603779688 0.402950978472 0.0500843013889 0.0140862109375
2 0.0990836792969 0.491736772222 0.0534991361111 0.0416183460938
2 0.0629077320312 0.504826988194 0.0887858069444 0.0525031453125
0 0.045219925 0.446612125694 0.103583443056 0.021769596875
0 0.328544822656 0.464824597222 0.0694350527778 0.0108847984375
2 0.438113135156 0.505965268056 0.0876475277778 0.133178710938
3 0.215397806641 0.489460221528 0.0819561319444 0.0121653648437
3 0.231084720703 0.508241836111 0.146838063889 0.0384169351562
3 0.265980103906 0.521901191667 0.19236925 0.033934959375
3 0.283908008203 0.50710355625 0.149114623611 0.0352155257812
7 0.298851743359 0.538406235417 0.0978920430556 0.0211293148438
6 0.180079385547 0.489460214583 0.0774030097222 0.0243307257812
7 0.180815709375 0.513933224306 0.0830944069444 0.0256112921875
2 0.437788585156 0.508016671528 0.0911392041667 0.134810071875
