1 0.259465161719 0.657393370139 0.0130592513889 0.011018740625
1 0.269106564062 0.686776682639 0.0228536902778 0.011936971875
1 0.416634744922 0.678101602083 0.0163240597222 0.0110187414062
2 0.315870633594 0.723156025694 0.0212212847222 0.0146916578125
2 0.330562291016 0.722339820139 0.0195888736111 0.0146916570313
2 0.345253948438 0.722339824306 0.0261185069444 0.0238739421875
2 0.431567437109 0.74111249375 0.0538694097222 0.0440749742187
2 0.474724178516 0.75417174375 0.0930471625 0.0752947414063
2 0.522778134766 0.781650600694 0.102841601389 0.0624395429687
2 0.582003880469 0.801239479861 0.148548979167 0.122124401563
2 0.733256526172 0.854351404861 0.252902423611 0.275468575781
2 0.923788957422 0.900935270139 0.195888765278 0.149671257031
2 0.36438370625 0.730229801389 0.0326481277778 0.01744634375
2 0.383992519141 0.730867674306 0.0321428736111 0.0163584257813
