2 0.278930458203 0.419587697917 0.193814465278 0.140335074219
4 0.524226890625 0.344845417361 0.194845393056 0.133376310937
2 0.443621207031 0.331958817361 0.0432989763889 0.0266752625
2 0.430863473047 0.312371186111 0.0494845444444 0.0266752617187
2 0.405927903125 0.303092834028 0.0268041263889 0.013917528125
2 0.378092845312 0.30000005 0.0247422722222 0.016237115625
2 0.393943369922 0.308591119444 0.0247422722222 0.0115979398437
2 0.352190786328 0.301374622917 0.0226804152778 0.0185567054688
2 0.327255214453 0.305498333333 0.0268041277778 0.0220360882813
5 0.0753866105469 0.313745759028 0.253608290278 0.150773221094
0 0.401288726172 0.267746709028 0.0247422736111 0.0139175289062
0 0.430283575781 0.275552319444 0.0144329916667 0.016237115625
1 0.662325235156 0.203092818056 0.0226804166667 0.0220360859375
1 0.681958875391 0.212027515972 0.0309278402778 0.0231958804687
