2 0.851715865625 0.592409328472 0.1407099625 0.139945234375
2 0.685961062109 0.548564923611 0.0734138944444 0.0562075117187
2 0.641224469141 0.538368548611 0.0530211444444 0.0332656695313
2 0.0955363828125 0.512003641667 0.205966752778 0.191072765625
2 0.239824178516 0.522200014583 0.1243957625 0.0952086414063
2 0.372886858594 0.532396388194 0.0591389680556 0.0607958796875
2 0.570760242187 0.529337476389 0.0244712972222 0.02064765625
2 0.535200389062 0.523219652083 0.0285498458333 0.0206476578125
0 0.296752160938 0.0360147847222 0.0714469333333 0.037000796875
0 0.853436513672 0.331527820139 0.0367069486111 0.0160592882812
1 0.0947170316406 0.356144774306 0.1121601125 0.0871789960937
0 0.937174235156 0.00670045625 0.0134009125 0.025236025
