2 0.263012514453 0.504609036806 0.0351562263889 0.0566894148438
0 0.311791777344 0.352031009722 0.0187499861111 0.009228509375
1 0.305199986328 0.324843527083 0.0206249819444 0.0224120945312
2 0.394189182031 0.514921529861 0.0914061875 0.0606444890625
1 0.412646200781 0.414140351389 0.0164062388889 0.0263671703125
1 0.4067135875 0.429374715972 0.0140624902778 0.01450194375
0 0.427148144141 0.393046616667 0.035156225 0.00791015078125
0 0.436376653125 0.394218490278 0.0328124777778 0.0079101515625
2 0.495702783203 0.523124649306 0.154687393056 0.0738280742188
0 0.567553321094 0.405937231944 0.0328124777778 0.009228509375
1 0.598534744531 0.40828098125 0.0187499875 0.031640603125
1 0.618969301953 0.423515345139 0.0164062375 0.0197753773438
2 0.572826754297 0.519609028472 0.0304687291667 0.0329589617187
2 0.593920489844 0.530155896528 0.0421874708333 0.038232396875
2 0.63149370625 0.512577784722 0.0210937361111 0.013183584375
2 0.642040574219 0.544218385417 0.0328124763889 0.0158203015625
1 0.665771026562 0.429374715972 0.0703124513889 0.013183584375
3 0.718505364844 0.537187142361 0.0843749402778 0.01845701875
3 0.685546404297 0.527812147917 0.0374999736111 0.0105468679688
0 0.857592182813 0.497577789583 0.0257812319444 0.0250488109375
0 0.669907373047 0.486327791667 0.0164062388889 0.0105468679688
