2 0.083833475 0.357862792361 0.136906348611 0.138422714063
2 0.399671217578 0.351797320139 0.0450577847222 0.0311938539063
2 0.422091797656 0.334467403472 0.0242618847222 0.0194961578125
2 0.526396236719 0.373459715278 0.0606547083333 0.0467907765625
1 0.138910119141 0.0875160819444 0.025994875 0.0458159710937
1 0.142809349609 0.158568743056 0.0537227444444 0.0302190429687
1 0.117951749219 0.0103979506944 0.0207959013889 0.0487403921875
1 0.640448755469 0.206226018056 0.0450577888889 0.0194961578125
1 0.892436582813 0.226155420139 0.0467907763889 0.028269428125
1 0.888537351172 0.266014229861 0.0259948763889 0.0360678898438
0 0.670180395703 0.275545684028 0.0242618847222 0.0126725054688
0 0.651171641016 0.272946197917 0.0294608597222 0.0116976945312
0 0.646297603125 0.0112644465278 0.0225288930556 0.027294621875
0 0.487891327734 0.279011668056 0.0173299166667 0.00682365703125
0 0.449873822656 0.266014229861 0.0190629097222 0.0087732734375
0 0.418192564453 0.26601423125 0.0155969263889 0.00974807578125
0 0.410394103125 0.282477651389 0.0138639333333 0.0077984625
2 0.481067671875 0.356996295139 0.0554557347222 0.0146221171875
2 0.460109303125 0.372593220833 0.0901155666667 0.0467907765625
2 0.543942777734 0.393389121528 0.0935815513889 0.0701861648437
3 0.821080666406 0.389056643056 0.0814506111111 0.0146221171875
