1 0.312542752734 0.534671055556 0.0177631583333 0.0199835523438
2 0.334025071875 0.572861845833 0.0159868444444 0.012989309375
2 0.264582225781 0.572861845833 0.019539475 0.0159868421875
2 0.239103196094 0.577302634028 0.0248684208333 0.026977796875
2 0.201634034375 0.582631584028 0.0426315791667 0.0459621703125
2 0.157170630078 0.583519741667 0.0621710527778 0.0409662835938
2 0.09122490625 0.583519738889 0.0834868416667 0.100916942187
2 0.302550976172 0.592401319444 0.087039475 0.0599506585937
2 0.36599875625 0.578190794444 0.0230921055556 0.026977796875
2 0.424950236328 0.588848686111 0.104802630556 0.0729399664063
2 0.590813724219 0.601282897917 0.140328948611 0.122898848437
