2 0.500470118359 0.516082820833 0.0233858333333 0.0179379960938
0 0.499274252344 0.48100406875 0.0170078791667 0.0107627984375
2 0.414965667188 0.536279676389 0.0467716666667 0.0478346609375
2 0.529170914844 0.535216683333 0.0318897722222 0.025113196875
2 0.544119245312 0.532027705556 0.0255118166667 0.00956693125
2 0.555479977344 0.529901722222 0.02125985 0.0107627984375
2 0.367728941016 0.5469096 0.0467716666667 0.0298966632812
2 0.315708748438 0.542657630556 0.0680315138889 0.0717519890625
2 0.182369637109 0.567000166667 0.0999212861111 0.120782513281
2 0.0778135347656 0.558336767361 0.141909484722 0.155627069531
2 0.574015906641 0.529157645139 0.0276378013889 0.0287007945313
2 0.591953904297 0.527031663889 0.0403937138889 0.00956693203125
2 0.646365828516 0.544039539583 0.0318897708333 0.0394635929688
1 0.667891423828 0.456874159722 0.0233858305556 0.0155462617188
1 0.743828945703 0.437740297917 0.0488976513889 0.0263090617188
1 0.745622746484 0.473882040278 0.0148818944444 0.0155462632813
2 0.709746750781 0.550417494444 0.129685075 0.099256915625
2 0.885738458594 0.607677355556 0.346535530556 0.224822896875
0 0.507809746484 0.498543444444 0.0191338611111 0.00837106640625
