1 0.708798947266 0.378984108333 0.0257812305556 0.0171386601563
1 0.709458126562 0.355546623611 0.0164062388889 0.0158203015625
1 0.708798947266 0.335624761806 0.0140624902778 0.0145019429688
1 0.711435664063 0.318046647917 0.0257812319444 0.0145019421875
1 0.683750136328 0.318046647917 0.0257812319444 0.0224120945312
1 0.649472816406 0.315702900694 0.0492187152778 0.0408691125
1 0.530820553906 0.363749742361 0.0796874430556 0.0250488109375
1 0.419419262891 0.339140384722 0.0257812333333 0.0131835835937
2 0.509067639453 0.418827829861 0.0210937347222 0.0105468679688
2 0.482041291406 0.431718445833 0.0609374583333 0.0408691125
2 0.43194366875 0.434062194444 0.0515624638889 0.046142546875
2 0.369980820313 0.444609061111 0.114843669444 0.0909667328125
2 0.662656401172 0.41531220625 0.0421874708333 0.0303222460938
2 0.601352732031 0.435234068056 0.0585937083333 0.0395507546875
2 0.671884909766 0.437577817361 0.0585937097222 0.0435058289062
2 0.246714303906 0.4809371625 0.206249858333 0.192480335937
1 0.608213892969 0.329062385417 0.0356249875 0.008437496875
1 0.422588958203 0.231562419444 0.0243749916667 0.0147656195312
2 0.680987305078 0.393749861806 0.0187499930556 0.0147656195312
