2 0.0426180039063 0.428571619444 0.0321428722222 0.0456313984375
2 0.0637117621094 0.431632846528 0.0290816458333 0.0464923664062
2 0.132589346875 0.431632847917 0.0260204208333 0.0309949140625
2 0.385714458594 0.418622636806 0.0153061291667 0.018941334375
2 0.404225307813 0.420153248611 0.0153061305556 0.01291454375
2 0.418431310547 0.423214474306 0.0183673513889 0.0154974570312
2 0.438664100781 0.423979781944 0.0198979666667 0.0249681234375
2 0.459327373437 0.42015325 0.0183673555556 0.01291454375
2 0.473963861328 0.417857330556 0.0168367416667 0.0146364867188
2 0.487308892578 0.418622636806 0.0153061291667 0.0120535757812
2 0.502375864063 0.418622636806 0.0153061291667 0.0094706671875
2 0.516581864844 0.418622636806 0.0153061291667 0.0137755171875
2 0.526483017187 0.418622636806 0.0153061291667 0.0094706671875
2 0.534662229687 0.417092025 0.0153061305556 0.0068877578125
2 0.547146291406 0.417092023611 0.0183673555556 0.0094706671875
2 0.560060838672 0.4155614125 0.0183673555556 0.0146364867187
2 0.577710719141 0.4155614125 0.0183673555556 0.0154974570313
2 0.591055750781 0.413265490972 0.0168367430556 0.01119260625
2 0.60655320625 0.412500184028 0.0183673569444 0.018080365625
2 0.622050662109 0.412500186111 0.0214285833333 0.0129145460938
2 0.688345334766 0.409438959722 0.0244898083333 0.0163584257813
2 0.707717154297 0.410204265972 0.0168367430556 0.0189413351563
2 0.00602678789063 0.428571621528 0.0290816458333 0.0120535757813
