2 0.208959817578 0.408593465278 0.032812475 0.0171386601563
2 0.21884750625 0.406249717361 0.0515624625 0.021093734375
2 0.193139516016 0.409765339583 0.0351562236111 0.0276855289062
2 0.164794808594 0.420312208333 0.0562499611111 0.0448241859375
2 0.0771239703125 0.455468433333 0.206249858333 0.154247940625
2 0.3638669375 0.405077845833 0.444530941667 0.284765429688
1 0.157543836719 0.187109244444 0.0257812305556 0.061962846875
0 0.208959816797 0.185546741667 0.0398437222222 0.0118652257813
0 0.411327842969 0.167968627083 0.0421874708333 0.01054686875
1 0.553051377734 0.197265483333 0.0117187416667 0.0303222445313
