0 0.450240142969 0.432552679167 0.0261712555556 0.0049071109375
0 0.44471964375 0.435824086806 0.0283521930556 0.0061338875
1 0.226966619922 0.343134226389 0.0305331305556 0.0196284414063
1 0.212245289453 0.384572045139 0.00872375138889 0.0196284429688
2 0.437972366406 0.514337852083 0.0239903180556 0.0196284421875
2 0.452080308203 0.555775673611 0.0894184555556 0.0331229945312
2 0.508512078516 0.580856459722 0.205008166667 0.126358091406
2 0.582118733594 0.588489742361 0.0981422069444 0.05029788125
2 0.628122892187 0.593942088194 0.0959612708333 0.1005957625
2 0.910895127344 0.668093977083 0.174475034722 0.175429195312
2 0.778403147266 0.783683688194 0.4318257125 0.440413155469
2 0.0552113746094 0.631018032639 0.3096931875 0.110422749219
2 0.273584168359 0.648465536111 0.649919505556 0.375393942969
5 0.102133558984 0.397792454167 0.349281180556 0.204267117969
