2 0.953116609766 0.550672277083 0.189886993056 0.0912185210938
2 0.962862180469 0.409989579861 0.0887063319444 0.0732866765625
2 0.902439653906 0.415533717361 0.0776180347222 0.08965923125
1 0.432625283203 0.242279167361 0.0304927986111 0.0522362476562
1 0.385456730469 0.321283241667 0.0388090194444 0.0343044015625
0 0.483692060938 0.224260695833 0.0304928055556 0.015592909375
1 0.904778590234 0.181570773611 0.0748459694444 0.0475583742188
1 0.801475562891 0.0845482222222 0.0526693833333 0.0467787289063
1 0.892304263672 0.094250475 0.0970225472222 0.0272875945313
0 0.62209401875 0.100312464583 0.0656249763889 0.01792968125
0 0.634750263672 0.101249964583 0.0599999791667 0.0137109320312
0 0.602582306641 0.104999963194 0.0674999763889 0.0126562460937
1 0.976468894531 0.214687425694 0.121874959722 0.043242171875
