0 0.345081977344 0.382124675694 0.0502567597222 0.013647309375
0 0.327048032422 0.378658692361 0.0467907763889 0.0107228867188
0 0.518597773828 0.515565038194 0.0329268430556 0.0194961570312
0 0.153532235547 0.514698543056 0.01039795 0.0107228867187
0 0.277332832031 0.512099054861 0.0190629097222 0.0107228859375
0 0.291467546094 0.530295468056 0.0138639333333 0.009748078125
1 0.500563829297 0.449711352778 0.0225288916667 0.0302190445312
2 0.108691075 0.586617699306 0.1126444625 0.0887075140625
2 0.392847562109 0.605680608333 0.0675866777778 0.0604380867187
2 0.314862934375 0.584884707639 0.0537227430556 0.0526396234375
2 0.229567247266 0.564955302083 0.0277278652778 0.0146221164062
2 0.204222243359 0.566688294444 0.0207959 0.0165717320312
2 0.176440219922 0.563222311111 0.0242618833333 0.0194961570313
2 0.252475232422 0.564955302083 0.0277278652778 0.0214457726563
2 0.0443537570312 0.560622823611 0.0745186444444 0.05361443125
2 0.364090730859 0.601348129167 0.0658536861111 0.0263198132812
2 0.349468612891 0.585751203472 0.0554557347222 0.0224205804687
2 0.280744659766 0.573620261111 0.0173299166667 0.0116976945313
2 0.271483985156 0.571020772917 0.0259948736111 0.0087732703125
3 0.671155201953 0.640340443056 0.150770280556 0.0282694273438
3 0.640936158203 0.623010525694 0.1022465125 0.0146221164063
3 0.657020487891 0.625610013889 0.0935815555556 0.0175465414062
1 0.350930824609 0.519897518056 0.0242618833333 0.0116976945313
