2 0.324611012891 0.324935947917 0.112644459722 0.0779846273438
2 0.639961350391 0.328401931944 0.0710526611111 0.0653121242187
1 0.581960283984 0.181097635417 0.0329268430556 0.0136473101563
1 0.580985475781 0.206226015278 0.0138639333333 0.01169769375
0 0.425991028906 0.274679188889 0.015596925 0.0077984640625
0 0.405032660156 0.268613716667 0.0242618833333 0.0087732703125
1 0.273921004297 0.16896669375 0.0502567597222 0.0116976929688
2 0.419167373828 0.313671503472 0.0173299180556 0.0116976945312
2 0.400158621094 0.311938510417 0.0173299180556 0.020470965625
2 0.376763232422 0.308472526389 0.0207959 0.0165717335937
2 0.693283352344 0.337933386806 0.0589217180556 0.0389923125
