2 0.919396944141 0.539168170833 0.347895141667 0.156708742969
2 0.100496304297 0.444917692361 0.196817170833 0.200368891406
2 0.460770484375 0.361408997917 0.0207905430556 0.015592909375
2 0.444787752734 0.364181071528 0.0263346902778 0.0194911382812
2 0.424127146484 0.369725216667 0.0291067638889 0.0249486554687
2 0.398788667969 0.374576343056 0.0360369472222 0.0241690109375
2 0.382805935937 0.378041432639 0.0263346902778 0.0171522015625
2 0.361365684766 0.382950315972 0.0389245263889 0.0272875929687
2 0.331349332813 0.38780144375 0.0513988541667 0.0343044015625
2 0.298604222656 0.395482396528 0.0582135291667 0.0389822734375
2 0.248706910547 0.414193888889 0.101180658333 0.0951167492187
2 0.527949953125 0.36637563125 0.0277207263889 0.0116946828125
2 0.547051267969 0.365682613889 0.0568274944444 0.0311858203125
2 0.560305241406 0.374691851389 0.0526693833333 0.0155929109375
2 0.578237087891 0.380235996528 0.0665297486111 0.0280672382812
2 0.602795921094 0.398254469444 0.0831621833333 0.0397619203125
2 0.651523763672 0.419045015278 0.135831569444 0.0592530570313
2 0.773980075 0.420846872917 0.313336665278 0.201252476562
2 0.495984487891 0.368916699306 0.0374229847222 0.0226097179688
1 0.583954471484 0.30700706875 0.0291067652778 0.0171522007812
1 0.658020793359 0.268198048611 0.0207905472222 0.0124743289062
1 0.542633260547 0.331262705556 0.00831621944444 0.0155929101563
1 0.608513303906 0.314630269444 0.0166324388889 0.0148132640625
