0 0.723220384766 0.408862252778 0.0606547111111 0.0194961585937
0 0.683740666797 0.255492484028 0.0762516347222 0.0263198132812
0 0.683949540234 0.311195797222 0.0727856527778 0.0409419289062
0 0.0319249570312 0.546758888889 0.0138639361111 0.0087732703125
0 0.0197398589844 0.545892393056 0.0190629083333 0.0155969257812
0 0.262954416797 0.530295466667 0.0225288916667 0.0107228867188
0 0.793249885156 0.551957865278 0.0138639361111 0.00389923125
0 0.725500738672 0.536360940278 0.0173299166667 0.00487403828125
1 0.463033727734 0.513254390972 0.0190629097222 0.0116976945313
1 0.636874467969 0.543581747222 0.0242618833333 0.0155969234375
1 0.633950046875 0.509788407639 0.0433247958333 0.0233953890625
1 0.279282447656 0.448267204167 0.0138639361111 0.0146221171875
1 0.028269428125 0.526829484028 0.0103979513889 0.017546540625
1 0.681553171094 0.404653567361 0.0918485625 0.039967121875
1 0.493252769922 0.541559914583 0.00519897638889 0.0136473101562
2 0.267097349609 0.602792306944 0.046790775 0.0584884710938
2 0.36116630625 0.6010593125 0.0398588083333 0.036067890625
4 0.218844360938 0.575064440972 0.0849165986111 0.17644021875
2 0.723794824219 0.599326319444 0.0329268416667 0.0185213484375
2 0.759375311328 0.601059313194 0.0329268402778 0.0136473101563
2 0.854234263281 0.6038536375 0.0204062305556 0.011003090625
2 0.892111666016 0.606258288194 0.0121309430556 0.0165717335937
2 0.394614395703 0.603658789583 0.0623877013889 0.0588540398437
2 0.706606472266 0.604095477778 0.0389991694444 0.0283359132813
2 0.786994878906 0.608857777083 0.0762516347222 0.05653885625
2 0.990079855078 0.657381547222 0.0866495888889 0.0175465414063
1 0.0721125339844 0.519662533333 0.0399260527778 0.0203529289063
2 0.483206615234 0.596769745139 0.0212107152778 0.0259675304687
2 0.744285571094 0.5948982125 0.0124768916667 0.011931028125
2 0.821135425 0.603008191667 0.0137245805556 0.0084219015625
