0 0.614128942969 0.470507253472 0.0190629097222 0.0077984625
0 0.582447687891 0.468774261806 0.0190629097222 0.00877327109375
5 0.592683170312 0.499101617361 0.0519897513889 0.0370426984375
2 0.592683170703 0.516431534722 0.0173299166667 0.0272946210938
2 0.569775185937 0.519897518056 0.0207959 0.0126725015625
2 0.553690856641 0.516431534722 0.0138639333333 0.0194961570312
2 0.589271342969 0.550224873611 0.0814506111111 0.055564046875
2 0.622902213672 0.514698542361 0.0450577847222 0.0175465414062
2 0.635574715234 0.519897517361 0.0485237680556 0.0194961570313
2 0.643860582422 0.532028459722 0.0589217194444 0.0224205804688
2 0.657995296094 0.536360938889 0.0779846277778 0.0331434671875
2 0.6833403 0.551091369444 0.0901155722222 0.0506900078125
2 0.718920785937 0.590950179167 0.176765158333 0.086757896875
2 0.842721382422 0.630808988194 0.284210643056 0.252475232031
2 0.377250636328 0.560622823611 0.102246511111 0.103329632031
1 0.417217758203 0.455776824306 0.0519897513889 0.0194961570312
2 0.292929757812 0.677599764583 0.221822940278 0.135498290625
2 0.142321945313 0.712259598611 0.391656127778 0.284643890625
2 0.456210071875 0.686264722917 0.353530309722 0.323636204687
2 0.923143030078 0.719191565972 0.377792195833 0.150120408594
