0 0.579323182422 0.413881582639 0.0319736847222 0.00799342109375
0 0.54135443125 0.464506579861 0.0301973680556 0.005995065625
0 0.333525482812 0.41654605625 0.0373026319444 0.0079934203125
4 0.440314682031 0.518684214583 0.0284210513889 0.0219819078125
4 0.469290832813 0.5213486875 0.0301973666667 0.031973684375
2 0.545727922656 0.549769739583 0.0301973680556 0.0109909546875
2 0.723581541016 0.544440793056 0.03375 0.0409662835937
2 0.785263738281 0.543996520139 0.0257561930556 0.0435058296875
2 0.514753415625 0.566644740278 0.0959210527778 0.062948190625
2 0.446809337109 0.562203950694 0.0373026319444 0.0229810851562
2 0.421330307031 0.564868423611 0.0284210527778 0.03796875
2 0.367874302734 0.591513161806 0.0746052625 0.0649465460937
2 0.486276853516 0.595065792361 0.0923684208333 0.0739391460938
2 0.408840586328 0.651907896528 0.156315790278 0.116903783594
1 0.223441083203 0.529215219444 0.0159868444444 0.0159868414063
1 0.249919290625 0.515892851389 0.0213157888889 0.0089925984375
1 0.229935737891 0.507011270833 0.0213157888889 0.0129893085937
1 0.280394209375 0.51500469375 0.0195394736111 0.0099917765625
3 0.0497590351562 0.579078949306 0.0568421041667 0.0099917765625
2 0.159168985547 0.571973686806 0.0426315791667 0.0629481914063
2 0.219119643359 0.645690792361 0.122565790278 0.150875824219
2 0.0438638921875 0.930789478472 0.135000001389 0.087727784375
2 0.083331409375 0.747828950694 0.252236845833 0.16666281875
2 0.280569068359 0.742500004861 0.255789476389 0.247796053906
2 0.426011055469 0.530155878472 0.0187499875 0.01845701875
5 0.603330269531 0.487968406944 0.0281249805556 0.0751464328125
2 0.602671090625 0.621562065972 0.243749831944 0.1186522625
