5 0.172540988672 0.273812692361 0.544159401389 0.345081977344
5 0.551741240625 0.292875602778 0.256482775 0.093581553125
1 0.711122324609 0.2720797 0.0727856527778 0.0243701960937
1 0.623389617187 0.318870476389 0.0242618833333 0.0126725015625
2 0.369452174219 0.353530311806 0.0623877013889 0.0526396234375
2 0.437526960937 0.343998859028 0.0363928263889 0.025668528125
2 0.413318527344 0.341399370139 0.0277278680556 0.0233953875
2 0.458159687891 0.343998856944 0.0259948777778 0.0155969257813
2 0.471806997656 0.343132361111 0.0173299166667 0.005848846875
5 0.470344784375 0.328401931944 0.0225288916667 0.0165717328125
