0 0.411090416406 0.495497290278 0.0170616 0.0071978625
0 0.415289169141 0.508293490278 0.0170616 0.00839750546875
0 0.547849804297 0.512558890278 0.0170616 0.00479857578125
8 0.354107337891 0.553080193056 0.0469194027778 0.0251925195312
6 0.35290769375 0.531753190278 0.0469194 0.01079679375
2 0.452478125781 0.538151290278 0.0255924 0.01319608125
2 0.466274028516 0.537084940278 0.0234597 0.0167950132812
2 0.491466548437 0.543483039583 0.0319904986111 0.023992875
2 0.510660848438 0.537084940972 0.0277250986111 0.0143957265625
2 0.530454971094 0.546682090278 0.0511848 0.03239038125
2 0.437482579297 0.539942979861 0.0291757791667 0.0143957257812
2 0.0991830398438 0.562677340972 0.0533175041667 0.0647807625
2 0.237142072266 0.590402440972 0.202606498611 0.206338725781
1 0.161564516016 0.412321990278 0.0341232 0.0167950132812
