2 0.499678775391 0.451490049306 0.0840397347222 0.0502897335937
5 0.135078210937 0.382648991667 0.114437083333 0.23233856875
2 0.383006596484 0.434503294444 0.0178807916667 0.0241390726562
2 0.336740041406 0.430033096528 0.0268211902778 0.0281622484375
2 0.657085641406 0.452384088889 0.0357615888889 0.031179634375
2 0.745595572656 0.431821176389 0.019668875 0.0150869203125
1 0.595229270312 0.379966872222 0.0482781444444 0.038220196875
1 0.513257005469 0.384437070833 0.0286092722222 0.0211216875
1 0.491129523438 0.384437070833 0.0286092722222 0.017098509375
1 0.630432083594 0.282516545139 0.100132448611 0.0603476796875
1 0.706369581641 0.286092705556 0.100132444444 0.0653766523437
1 0.777781002344 0.286986745139 0.101920523611 0.05531870625
1 0.430781842969 0.420198660417 0.0107284763889 0.0170985078125
0 0.882886544141 0.392483429167 0.0160927138889 0.00804635859375
0 0.941725532813 0.391589390278 0.0178807916667 0.0070405640625
0 0.82857363125 0.390695350694 0.0160927125 0.0100579453125
1 0.811475122656 0.362980117361 0.0143046347222 0.0281622484375
1 0.941725532813 0.44701985 0.0250331111111 0.0150869203125
1 0.812983815234 0.424668857639 0.0125165569444 0.0150869195313
1 0.862770651562 0.427350978472 0.0143046375 0.016092715625
1 0.916580665625 0.430033096528 0.0125165597222 0.017098509375
1 0.976425448828 0.434503296528 0.0143046347222 0.0201158929687
1 0.778786796875 0.444337729861 0.0196688708333 0.0090521515625
1 0.668652281641 0.409470184722 0.0143046361111 0.00804635703125
