2 0.236597976172 0.489248972917 0.0948453763889 0.102061871094
2 0.810778867969 0.592341773611 0.338144386111 0.374613464062
2 0.403608314063 0.502651036806 0.232989726389 0.14381445625
2 0.549162461328 0.48247430625 0.0721649597222 0.0545103195313
2 0.594394428125 0.476288739583 0.0432989736111 0.0313144390625
2 0.497551628125 0.471134098611 0.0536082555556 0.03479381875
1 0.208762920703 0.252577361111 0.0288659833333 0.0603092882812
1 0.0759665070313 0.211340241667 0.0206185611111 0.0220360875
0 0.0608891847656 0.331958820139 0.0309278402778 0.0150773226563
0 0.166430440625 0.392783571528 0.0329896986111 0.0150773234375
0 0.335760364453 0.260824788194 0.0412371208333 0.0220360851562
0 0.156572190625 0.314433043056 0.0371134083333 0.013917528125
2 0.524226890625 0.465979459028 0.0474226902778 0.0208762921875
2 0.0220360859375 0.446980926389 0.220618594444 0.044072171875
0 0.718575242969 0.285125229861 0.0371134097222 0.016237115625
0 0.592986114453 0.356995630556 0.0247422722222 0.0208762914063
