1 0.021050428125 0.422741109722 0.063757675 0.0358636921875
1 0.0218300734375 0.487884822222 0.0609856027778 0.0405415640625
1 0.527430173437 0.467787294444 0.0595995666667 0.03352475625
2 0.163335730078 0.657674284028 0.214835645833 0.169183071094
2 0.980014380078 0.641041847222 0.145533825 0.0374229835938
2 0.913354691016 0.635497702778 0.184342844444 0.169183071094
5 0.826570216406 0.609163010417 0.1621662625 0.16343355625
2 0.605394722656 0.600846792361 0.0318788375 0.0366433375
2 0.572649612109 0.605697918056 0.0360369472222 0.0553548304688
2 0.502871341016 0.608469990972 0.0304928013889 0.0296265289063
2 0.3262816375 0.559958715972 0.0166324375 0.0132539734375
2 0.350450647656 0.563423806944 0.0152464 0.0116946828125
2 0.305231209375 0.591837554861 0.0388090208333 0.035084046875
2 0.283790958203 0.641041846528 0.0873202930556 0.0982353320312
2 0.0834220667969 0.63757675625 0.0803901125 0.0233893648437
2 0.0701680941406 0.613321118056 0.0512833472222 0.0530158929687
