2 0.267946068359 0.468028065972 0.0249614958333 0.0304218242188
2 0.241619491016 0.470108192361 0.0291217486111 0.0315918960938
2 0.214122839844 0.472188315278 0.0374422472222 0.0257415453125
2 0.186041155859 0.480508817361 0.0416024958333 0.0374422460937
2 0.150939051172 0.489869377778 0.0436826194444 0.0421225273437
2 0.0304218242187 0.495069688194 0.0748844902778 0.0608436484375
2 0.317674050391 0.473228377083 0.0644838680556 0.0339320351563
2 0.418885119141 0.472188315278 0.0374422472222 0.0140408414062
2 0.434096033203 0.4734363875 0.0582434888889 0.0280816835937
2 0.458082470312 0.478636697917 0.0728043652778 0.0549933
2 0.476218558203 0.493197575 0.0936056138889 0.0772246320313
2 0.568654101172 0.513998836806 0.156009356944 0.133387999219
2 0.710817626172 0.546864798611 0.297457838889 0.260925649219
2 0.870123885547 0.565863267361 0.672434995833 0.255014342969
2 0.369976187109 0.5073424375 0.156009372222 0.100626035156
2 0.0944246628906 0.491741507639 0.0748844902778 0.0666940007813
1 0.424150435547 0.434746071528 0.0249614986111 0.0105306320312
0 0.321769295312 0.423305384722 0.0228813722222 0.0093605625
0 0.377932663281 0.422265322222 0.0166409972222 0.007020421875
