1 0.026507946875 0.311858196528 0.0360369486111 0.0311858203125
1 0.866965784375 0.309779142361 0.0512833486111 0.0483380203125
1 0.976895797656 0.297997832639 0.0249486569444 0.0280672375
2 0.990417775781 0.478182568056 0.0304928 0.015592909375
2 0.974824864844 0.481416652083 0.0277207263889 0.0202707828125
2 0.956113373047 0.493890980556 0.0443531666667 0.0374229835938
2 0.927266489844 0.499435126389 0.0582135305556 0.054575184375
2 0.898419607422 0.49250494375 0.0554414569444 0.0311858195313
2 0.513274735938 0.49250494375 0.0221765819444 0.0171522
2 0.531206582422 0.527155853472 0.0693018208333 0.0327451101562
2 0.575256550781 0.522997745139 0.0693018208333 0.03352475625
2 0.581103893359 0.5008211625 0.033264875 0.0327451101562
2 0.599815384375 0.500128144444 0.0374229833333 0.0327451109375
2 0.635679077344 0.478644580556 0.0138603666667 0.040541565625
2 0.639967127734 0.493890979861 0.0194045097222 0.0522362476562
2 0.618916699219 0.543095275 0.0928644416667 0.11772646875
2 0.706236994922 0.532700000694 0.0997946236111 0.0584734117187
2 0.217789094922 0.495277017361 0.0221765847222 0.00935574609375
2 0.23104306875 0.500821163889 0.0277207277778 0.0187114921875
2 0.238839523047 0.510523415972 0.0304928013889 0.00935574609375
2 0.245856332422 0.512602471528 0.0401950569444 0.0171522007812
2 0.261449241797 0.520918690278 0.05128335 0.0343044007812
2 0.263008532422 0.530620945833 0.0429671277778 0.0202707835937
2 0.271584633984 0.537551126389 0.0457392027778 0.0155929101563
2 0.45428155625 0.545867346528 0.151077970833 0.138776896875
2 0.297182989063 0.535472074306 0.0748459680556 0.0506769546875
