1 0.526554371875 0.392067352083 0.0185653930556 0.0180379671875
1 0.512313871484 0.413164392361 0.0371307875 0.0541139007812
1 0.605826491797 0.379409129167 0.0168776305556 0.0151898679688
1 0.596332825 0.403881691667 0.03881855 0.0398734015625
1 0.783702213672 0.373839511111 0.0607594694444 0.0313291023438
2 0.7224680625 0.540084169444 0.197468275 0.151898671875
2 0.512183335937 0.519831011111 0.0827003861111 0.0512658015625
2 0.590506090234 0.504641145139 0.0725738125 0.0408227695313
2 0.452373234766 0.521518776389 0.0556961805556 0.0455696007812
2 0.477531452344 0.513079960417 0.0320674958333 0.0199367
2 0.538290921094 0.499577856944 0.0253164472222 0.0123417671875
2 0.563923821875 0.505485028472 0.0202531569444 0.0161392328125
2 0.549683321484 0.499577856944 0.0286919722222 0.0123417664062
5 0.559176989063 0.477636936111 0.0320674972222 0.01803796875
2 0.396835282422 0.488044809028 0.0354430236111 0.0265822679688
2 0.0825949035156 0.516961822222 0.035443025 0.0493670695313
2 0.251582176562 0.50852300625 0.0286919708333 0.0341772015625
2 0.215031558984 0.516961822222 0.035443025 0.0389240335937
2 0.373575797656 0.497552546528 0.0303797347222 0.0199367
2 0.0094936671875 0.517805702778 0.0438818388889 0.018987334375
