1 0.370426981641 0.458376311806 0.0225288930556 0.0272946195313
1 0.398209005078 0.457509815972 0.0242618847222 0.0243701960937
1 0.426478432812 0.426315964583 0.0277278680556 0.03801750625
1 0.460109303125 0.445378873611 0.0207959 0.009748078125
2 0.4581596875 0.523363501389 0.0693196694444 0.0545892390625
1 0.426478432812 0.483504691667 0.0173299166667 0.0048740390625
2 0.256861867578 0.509499567361 0.121309420833 0.0750602039063
2 0.334359091016 0.504300592361 0.0415918013889 0.0253450039063
2 0.398209005078 0.506033584028 0.0381258180556 0.0204709648437
2 0.378225444141 0.499968113194 0.0190629097222 0.0175465414063
2 0.351418228516 0.501701104861 0.0259948763889 0.0107228867188
2 0.0692113570313 0.499968113194 0.0363928263889 0.0584884703125
2 0.189112721875 0.500834609028 0.0311938513889 0.0467907765625
2 0.0199835609375 0.499968113194 0.0433247930556 0.036067890625
1 0.425503624609 0.4843711875 0.025994875 0.0107228867188
