0 0.0386010316406 0.157819799306 0.110900398611 0.0251925179688
0 0.762586036328 0.0789099 0.1151658 0.0215935882813
0 0.769184078125 0.469194002083 0.0426540013889 0.02519251875
0 0.0721910554688 0.172748700694 0.106635001389 0.02759180625
0 0.783579802344 0.0981041993056 0.106634998611 0.01799465625
2 0.424886319922 0.577961701389 0.021327 0.0131960820313
2 0.400293622656 0.580094401389 0.0170616 0.00959715
2 0.385897897656 0.581160751389 0.0277251 0.0191943
2 0.367303419531 0.582227101389 0.0298578 0.01559536875
2 0.348708941406 0.58542615 0.0447867 0.023992875
2 0.334313215625 0.585426151389 0.0575829 0.0359893125
2 0.303122479297 0.597156000694 0.0725117986111 0.0503850367187
2 0.290526220703 0.615283950694 0.0703790986111 0.0419875320313
2 0.231143852344 0.614217600694 0.110900401389 0.0887736375
2 0.447079729297 0.5864925 0.0554502 0.0311907367187
2 0.466274029297 0.57689535 0.0277251 0.0119964367187
2 0.47767064375 0.582227099306 0.0469193986111 0.01559536875
2 0.494465657812 0.588625202083 0.0767772013889 0.02999109375
2 0.528055682031 0.611018551389 0.1087677 0.06837969375
3 0.603033417578 0.575829002778 0.0511848027778 0.00959715078125
3 0.664815069531 0.591824252083 0.0917061013889 0.01319608125
3 0.697805273828 0.604620452083 0.117298501389 0.0239928757812
3 0.728396188281 0.606753151389 0.1343601 0.02519251875
1 0.879551301953 0.464928601389 0.021327 0.0395882429688
1 0.874152905469 0.439336202083 0.0255924013889 0.0191943015625
2 0.950272534375 0.633411901389 0.1322274 0.09945493125
