3 0.335151321094 0.400372566667 0.0499178166667 0.0093595890625
3 0.322359882422 0.405918990972 0.0432621069444 0.00998356328125
3 0.0478118980469 0.4116238875 0.0987263472222 0.0187191804688
3 0.0618512835938 0.416615669444 0.115365616667 0.02558288125
0 0.357302352734 0.332151552083 0.0310599763889 0.00873561796875
0 0.614067134375 0.338965734722 0.0133114166667 0.004367809375
0 0.590177884766 0.337301806944 0.0166392722222 0.00436780703125
0 0.405125408984 0.337301806944 0.0166392722222 0.00311986328125
0 0.401069586719 0.336747164583 0.0177485569444 0.002495890625
1 0.973272605469 0.165283431944 0.0621199472222 0.0237109609375
1 0.969840755859 0.247370506944 0.0998356305556 0.0280787710937
1 0.945505821094 0.0166392715278 0.0332785430556 0.0730048046875
3 0.610245292188 0.383812534722 0.0421528194444 0.0056157546875
3 0.605877482422 0.383257892361 0.0366063958333 0.00686369921875
2 0.573430903125 0.381039322917 0.0232949791667 0.0106075375
2 0.586222342969 0.391022886806 0.0410435375 0.0249589078125
2 0.729736061719 0.444823199306 0.0843056458333 0.0411821953125
2 0.825827857422 0.442604628472 0.193015551389 0.179704135156
2 0.665791048047 0.462593420833 0.1530813 0.126666455469
2 0.501998217188 0.498090534028 0.312818309722 0.193431534375
5 0.183460157812 0.40990239375 0.140879168056 0.142889746875
2 0.930043483203 0.506964811806 0.241824081944 0.137273991406
