0 0.434580385937 0.333281013889 0.0234374833333 0.009228509375
0 0.407554036328 0.329765390972 0.0257812319444 0.00791014921875
0 0.423374338672 0.366093491667 0.0234374833333 0.00791015078125
0 0.441831357422 0.368437239583 0.0187499875 0.00791015078125
1 0.261216246484 0.312187277083 0.0234374819444 0.0210937335937
1 0.251987737891 0.292265416667 0.0210937361111 0.0184570179687
3 0.596738477344 0.388359101389 0.0726562 0.01450194375
3 0.58553243125 0.395390346528 0.0820311930556 0.015820303125
6 0.395688811719 0.389530975 0.0656249555556 0.015820303125
7 0.397007169531 0.4082809625 0.0562499611111 0.0158203015625
2 0.354160519141 0.389530975 0.037499975 0.0171386601562
2 0.343613651172 0.394218471528 0.0468749680556 0.0145019429687
2 0.331089246484 0.397734094444 0.0492187166667 0.0237304539062
2 0.462925092969 0.390702847917 0.0304687263889 0.013183584375
2 0.47083524375 0.390702849306 0.0257812319444 0.013183584375
2 0.478745394531 0.395390346528 0.0304687291667 0.013183584375
2 0.741757908984 0.428202823611 0.100781180556 0.167431525781
2 0.155747570312 0.409452836806 0.0914061875 0.126562414062
2 0.0819194953125 0.384843478472 0.0656249541667 0.06328120625
2 0.409531574219 0.389530975 0.0234374833333 0.011865225
2 0.417441725781 0.390702849306 0.0210937347222 0.0118652265625
2 0.439194640234 0.390702849306 0.0210937347222 0.0131835851563
2 0.497202413281 0.394218471528 0.0468749680556 0.031640603125
2 0.301426180469 0.39890596875 0.0656249541667 0.0514159796875
2 0.0488698992187 0.448124686111 0.182812377778 0.0977397984375
2 0.886777341016 0.435234070139 0.0773436986111 0.0988768867187
