1 0.641910966797 0.502567600694 0.0519897513889 0.0282694273438
1 0.642398370313 0.562355815278 0.0571887277778 0.0331434671875
1 0.282206871484 0.42025049375 0.0606547097222 0.0321686585937
1 0.312913318359 0.409852542361 0.0294608569444 0.0116976945313
1 0.762787139453 0.562355815278 0.0641206944444 0.0107228867187
2 0.429402855859 0.359595783333 0.0190629083333 0.0302190429688
2 0.436713915234 0.374326213194 0.0242618847222 0.0272946195312
2 0.451336032812 0.380391684028 0.0294608597222 0.0370426984375
2 0.441587954297 0.391656129861 0.0207959013889 0.0331434664062
2 0.448899013281 0.408986046528 0.0277278652778 0.047765584375
2 0.447436801562 0.419383997917 0.0277278680556 0.0409419296875
2 0.465958150391 0.441912890972 0.0519897541667 0.0701861648438
2 0.484966903516 0.486970675694 0.0554557375 0.0731105882812
2 0.511286714844 0.541559914583 0.0606547097222 0.0926067453125
2 0.498126808984 0.568421286806 0.0554557375 0.0740853960937
2 0.533219891406 0.613479070833 0.100513519444 0.134523482813
2 0.0497152 0.562355814583 0.119576429167 0.0994304
1 0.359704095313 0.324069452778 0.0173299166667 0.009748078125
