0 0.395288893359 0.180436374306 0.0430055597222 0.0136729648437
0 0.382842980469 0.178878202778 0.0448753694444 0.010517665625
1 0.476274908984 0.206302033333 0.0224376833333 0.0473294898438
1 0.594773915625 0.23247933125 0.0261772986111 0.0431224234375
1 0.663489333203 0.371156684722 0.046745175 0.0283976929688
2 0.301856965625 0.393282740972 0.0261772986111 0.0231388609375
2 0.324995826953 0.403566677778 0.0729224722222 0.0441741914062
2 0.732204750391 0.390478028472 0.0804017013889 0.0704683507812
2 0.767964809375 0.429743977778 0.0804017 0.049433021875
3 0.621593959375 0.400450338889 0.0691828583333 0.012621196875
3 0.632637507031 0.405124859028 0.0897507347222 0.0178800296875
3 0.897332078906 0.440651188194 0.3515237125 0.08519308125
3 0.811087231641 0.4334835875 0.352146980556 0.0767789492187
2 0.132522570312 0.394840918056 0.200069347222 0.189317957812
2 0.471191360547 0.5113922125 0.538504413889 0.343927621094
2 0.057847153125 0.511703843056 0.243074911111 0.11569430625
0 0.0252423945313 0.327216221528 0.0168282652778 0.012621196875
