2 0.406558107031 0.502341359722 0.0176737138889 0.0099414640625
2 0.414970114453 0.498942565278 0.0163141944444 0.00994146484375
2 0.422999760547 0.505060392361 0.0149546819444 0.0137651085937
2 0.379027896484 0.52885193125 0.0734138930556 0.0527662367188
2 0.355321326172 0.507099667361 0.0190332319444 0.00994146328125
2 0.274260153125 0.516616281944 0.0489425944444 0.03594221875
2 0.206199358203 0.530211447222 0.0706948611111 0.0619429742188
2 0.498707836719 0.552643469444 0.112839872222 0.088708453125
1 0.734539217578 0.3664428125 0.0339879138889 0.0282949398437
1 0.790364363672 0.312741908333 0.0897280888889 0.126180127344
