2 0.470876366406 0.470103170139 0.0247422708333 0.016237115625
2 0.497551628516 0.47319595625 0.0391752652778 0.0185567039063
2 0.513208847266 0.475257810417 0.0474226875 0.0243556742187
2 0.536984623828 0.4762887375 0.0536082555556 0.0324742320312
2 0.571082561328 0.475257811806 0.0597938263889 0.0463917601563
2 0.595438233984 0.486598018056 0.0577319666667 0.0371134070312
2 0.629652158984 0.486598017361 0.0783505291667 0.0661082570312
2 0.4580026625 0.471134098611 0.0185567055556 0.010438146875
2 0.0608891859375 0.555670196528 0.101030943056 0.11713919375
2 0.268840255078 0.503092866667 0.0453608305556 0.0440721726562
2 0.418685635547 0.454639251389 0.0185567055556 0.00927835078125
2 0.421353183594 0.452577393056 0.0185567055556 0.00579896875
2 0.715824875 0.492783584722 0.123711361111 0.111340225
5 0.485953687891 0.461855746528 0.0494845458333 0.0301546445312
0 0.221520655859 0.423711409722 0.0268041277778 0.0115979382812
0 0.461598013672 0.442268114583 0.0185567041667 0.00927835390625
1 0.170489717969 0.474845447222 0.0144329916667 0.013917528125
1 0.223260345703 0.467628949306 0.0247422708333 0.0243556726563
1 0.613183105469 0.384123781944 0.0185567055556 0.015077321875
2 0.908582652734 0.527628971528 0.187628898611 0.178608275781
