2 0.359900137891 0.332911611111 0.0152945611111 0.00917673671875
2 0.366495917578 0.338009799306 0.0152945597222 0.0108973742188
2 0.349863082813 0.337499979861 0.0163141986111 0.0108973734375
2 0.337818616016 0.344637441667 0.0224320222222 0.0166328351563
2 0.374812335547 0.341578528472 0.0203927458333 0.0114709210937
2 0.381694887891 0.347696353472 0.0203927486111 0.0114709195312
2 0.394312901562 0.354323996528 0.0356873097222 0.0206476578125
2 0.305700037891 0.360951641667 0.0265105722222 0.0177799273438
2 0.285625926953 0.370638194444 0.0438444055556 0.0326921242187
2 0.207050119531 0.382873844444 0.0989048277778 0.0671048859375
2 0.156578068359 0.398678225 0.110120838889 0.100370558594
2 0.0518163 0.404116283333 0.214123852778 0.1036326
2 0.403339083594 0.370128377778 0.0346676722222 0.0223682953125
2 0.417390961719 0.379305113194 0.0469033208333 0.032118578125
2 0.447502128125 0.405305866667 0.0662764305556 0.0349863078125
2 0.482775209766 0.411933510417 0.0958459180556 0.0585016960938
2 0.537308352734 0.429235468056 0.135611777778 0.106679561719
2 0.711927461719 0.472131945139 0.309969768056 0.302832307812
