2 0.384169669531 0.474609048611 0.0445312194444 0.02636716875
2 0.27514141875 0.482812168056 0.0281249805556 0.0171386609375
2 0.223198091016 0.486327791667 0.0351562277778 0.0498339570313
2 0.240864098047 0.492187159028 0.0281249791667 0.0514159804687
2 0.164003792969 0.488671539583 0.0445312208333 0.0843749421875
2 0.499657858594 0.488671538889 0.0304687305556 0.0158203015625
2 0.0448241878906 0.489374665278 0.0656249555556 0.0896483757812
5 0.442177442578 0.469921552083 0.0351562263889 0.0316406039063
2 0.469203791016 0.480468420139 0.0187499847222 0.0145019429687
1 0.454174492188 0.442382508333 0.035156225 0.02241209375
1 0.475268228125 0.442968444444 0.0281249805556 0.02241209375
1 0.521542618359 0.439452822222 0.039843725 0.0395507539062
1 0.617173033594 0.389530979861 0.0562499625 0.02636716875
2 0.0799576835937 0.532852695139 0.115941123611 0.159915367187
2 0.485155916016 0.493359036111 0.039843725 0.0290038851562
2 0.437695010938 0.503905904167 0.0703124527778 0.0553710546875
2 0.533276000391 0.498046531944 0.105468675 0.0645995648438
2 0.333149180469 0.517968394444 0.173437380556 0.1305174875
5 0.0647808351562 0.441796571528 0.0773436986111 0.1265624125
