2 0.0640782765625 0.682651490972 0.307745756944 0.128156553125
2 0.846885282422 0.666499090972 0.493073306944 0.305089108594
2 0.186496476562 0.579786198611 0.295843986111 0.208493496875
2 0.315609423437 0.562783670833 0.146221744444 0.06694745625
4 0.651781276172 0.516876846528 0.329849040278 0.197973183594
2 0.537014214453 0.557682914583 0.0544080930556 0.0315609429688
2 0.515973585937 0.566184175 0.0442065722222 0.0200842359375
2 0.413161426172 0.56023329375 0.0527078402778 0.0382556882813
2 0.491585585156 0.561933543056 0.0391058138889 0.0229534125
2 0.470066760937 0.565334051389 0.0255037916667 0.0219970203125
0 0.516451781641 0.369804979861 0.0255037930556 0.0153022757812
