1 0.628560559375 0.29970363125 0.0320158180556 0.017008403125
1 0.721606532031 0.348616689583 0.0124505986111 0.0130064265625
1 0.699595657031 0.322826168056 0.0142292527778 0.0230113703125
2 0.114956797656 0.31215423125 0.0231225347222 0.0410202671875
2 0.383089276953 0.33794475 0.0142292527778 0.0230113695312
2 0.694142964844 0.350395345833 0.0177865638889 0.0100049421875
2 0.777183994531 0.378853851389 0.0142292527778 0.018008896875
2 0.756673860156 0.379743179861 0.0160079097222 0.015007415625
2 0.733662491797 0.378853851389 0.0142292527778 0.0170084054687
2 0.611101936328 0.363735270833 0.0124505944444 0.0120059320312
4 0.597095016016 0.3548419875 0.033794475 0.0220108757812
2 0.558575984766 0.362845943056 0.0213438805556 0.0190093914063
2 0.424009496875 0.350395345139 0.0569170097222 0.0560276828125
2 0.268432627734 0.353952660417 0.0996047680556 0.115056847656
