2 0.437695159766 0.402723075 0.0318749888889 0.0168749945313
2 0.422929539453 0.402723075 0.0318749888889 0.0189843679688
2 0.383906116016 0.411160571528 0.0449999875 0.0590624789062
2 0.340663941797 0.428973067361 0.0543749847222 0.0358593601563
2 0.3074413 0.430848064583 0.0806249708333 0.0537890453125
2 0.252597568359 0.443035559722 0.127499952778 0.0875390335937
2 0.168222597656 0.485223045139 0.144374951389 0.114960898437
2 0.0638085714844 0.528348029861 0.204374929167 0.127617142969
0 0.244687416016 0.379285579861 0.0224999902778 0.0126562492187
3 0.137109326562 0.418928420139 0.0299999902778 0.01687499375
0 0.480183990625 0.347678447222 0.015 0.0084374953125
0 0.496004297266 0.344865947222 0.0206249916667 0.00843749609375
2 0.489148831641 0.399240929167 0.0318749888889 0.0242578039062
2 0.520789445703 0.394553429861 0.0712499736111 0.0474609210938
2 0.550848028516 0.388660576389 0.0599999805556 0.0168749945313
2 0.569305053516 0.392410575 0.0674999777778 0.0348046757812
2 0.589494772656 0.395223072222 0.0731249722222 0.043242171875
2 0.618875348828 0.411160567361 0.1049999625 0.0601171664062
2 0.660008146094 0.409285567361 0.119999954167 0.0791015359375
2 0.691121417969 0.421473063889 0.14062495 0.084374971875
2 0.753347957812 0.450535552083 0.191249934722 0.145546825
2 0.892566658984 0.443035560417 0.468749834722 0.213046800781
1 0.567195678125 0.307098104167 0.0318749888889 0.0158203046875
