0 0.198202948047 0.331233492361 0.0393899291667 0.0120855476563
0 0.741548967578 0.155769264583 0.0859416652778 0.0211497054687
0 0.747088176172 0.31601465625 0.0483421847222 0.0120855460938
0 0.7596772875 0.423441733333 0.0268567694444 0.0110784171875
0 0.106050656641 0.473574371528 0.0232758680556 0.0151069320312
0 0.2117991875 0.333023943056 0.0465517333333 0.015106934375
0 0.187124529687 0.333919169444 0.0483421861111 0.0100712890625
0 0.765216496484 0.158454940972 0.0805703097222 0.0241710929687
0 0.722413519922 0.161140617361 0.0859416625 0.0191354492188
2 0.487752494922 0.490583658333 0.0143236111111 0.0110784179687
2 0.515448538672 0.492374109722 0.0179045138889 0.0100712882813
2 0.53307329375 0.506697719444 0.0322281222222 0.0231639640625
2 0.416246345312 0.496850238194 0.0232758680556 0.0271924796875
2 0.372436241016 0.510278622917 0.0286472208333 0.0181283195313
2 0.302440784766 0.524602233333 0.0501326361111 0.0312209945313
2 0.278773255859 0.535344940972 0.0429708319444 0.0402851523437
2 0.247552261719 0.5308688125 0.0304376722222 0.0281996078125
2 0.400132285156 0.521021330556 0.0537135388889 0.0453207984375
2 0.340711681641 0.50401204375 0.0125331597222 0.0312209945313
2 0.343229502344 0.533554490278 0.0716180527778 0.0704990171875
2 0.445956646484 0.518335653472 0.0662466986111 0.0523707007812
2 0.195181561719 0.578315772917 0.132493398611 0.203440029687
2 0.043105103125 0.586372802778 0.0948939166667 0.084598825
5 0.5642942875 0.483421853472 0.0429708319444 0.0231639640625
2 0.585443994531 0.494164560417 0.0393899263889 0.0231639640625
2 0.597025976563 0.497745463194 0.0393899263889 0.0281996078125
2 0.617168553516 0.504012042361 0.0375994763889 0.0201425757812
2 0.890604039062 0.524602232639 0.128912493056 0.216532704687
3 0.701767378516 0.496850238889 0.0590848944444 0.0120855476562
3 0.661482223047 0.487897981944 0.0304376722222 0.00805703203125
3 0.653928757422 0.478050499306 0.0214854152778 0.00704990234375
7 0.478184771484 0.507592945833 0.0232758666667 0.0120855476562
6 0.474659819922 0.491478884028 0.0375994763889 0.00906416015625
2 0.499334476563 0.490583658333 0.0143236111111 0.0100712890625
3 0.550194483594 0.575630095833 0.202320997222 0.037263765625
3 0.596522412109 0.581001449306 0.202320998611 0.0453207992188
3 0.65695014375 0.699171235417 0.4279178625 0.111791303125
1 0.126696798828 0.408222897917 0.0214854152778 0.0302138664063
1 0.144321553516 0.382261354861 0.0232758680556 0.0312209945312
1 0.161946309766 0.349138004861 0.0250663180556 0.0483421867188
