0 0.474790319141 0.234843581944 0.0468749694444 0.0105468679687
0 0.333066783594 0.196171732639 0.0585937097222 0.009228509375
0 0.408872395703 0.34382788125 0.0257812319444 0.0105468679688
0 0.452378225781 0.349687252778 0.0281249805556 0.0079101515625
0 0.571689665625 0.349687252778 0.0234374833333 0.017138659375
0 0.133335475 0.311015403472 0.0304687263889 0.0237304515625
0 0.648154458203 0.322734146528 0.0304687291667 0.0250488117188
0 0.345591189062 0.196171733333 0.0445312194444 0.0105468671875
0 0.485337187109 0.236015455556 0.035156225 0.0105468679688
1 0.146519060156 0.216093594444 0.0281249805556 0.0342773203125
1 0.255283633984 0.183281116667 0.0328124777778 0.0672362820312
1 0.563120336719 0.328593517361 0.0187499875 0.0210937359375
1 0.631015798047 0.282890423611 0.0257812333333 0.0303222460937
1 0.63431169375 0.240702952778 0.0398437222222 0.01845701875
1 0.379209330078 0.368437238889 0.0140624888889 0.0145019429688
2 0.420078442578 0.396562219444 0.0187499888889 0.0118652257813
2 0.410849933203 0.400077843056 0.0210937361111 0.0118652257813
2 0.376572612891 0.407109088194 0.0304687291667 0.0145019429688
2 0.365366566797 0.409452836806 0.0351562263889 0.0158203023437
2 0.351523802344 0.405937213889 0.0468749666667 0.0197753765625
2 0.458970017578 0.39773409375 0.0210937375 0.0158203023438
2 0.466220989063 0.397734094444 0.0257812333333 0.01450194375
2 0.47479031875 0.403593465278 0.0281249805556 0.0158203015625
2 0.481382112109 0.407109086806 0.0398437236111 0.0158203023437
2 0.599375194141 0.450468433333 0.121874916667 0.0962401679687
2 0.678476702344 0.478593413889 0.187499872222 0.143701073437
2 0.398984707031 0.401249716667 0.0328124777778 0.0197753765625
2 0.501157488281 0.414140332639 0.0492187152778 0.0369140375
2 0.320542378125 0.412968459028 0.0796874458333 0.05537105625
2 0.849204124219 0.5172652625 0.391405980556 0.30058573125
2 0.0779644199219 0.448124685417 0.220312348611 0.155566299219
