2 0.515071071094 0.441733384722 0.0218525361111 0.009560484375
2 0.52053420625 0.444161445833 0.0218525361111 0.009560484375
2 0.528046014453 0.446589504861 0.0267086541667 0.0163894023437
2 0.497315885937 0.441733384722 0.0218525361111 0.009560484375
2 0.473414676563 0.450231592361 0.0242805958333 0.01092626875
2 0.462488407812 0.444161445833 0.0412770111111 0.013657834375
2 0.446099005859 0.441733382639 0.0509892486111 0.0273156695312
2 0.394199234766 0.442947416667 0.0388489527778 0.0464366382813
2 0.424929363281 0.455087711806 0.0485611902778 0.036876153125
2 0.487755402734 0.447803534028 0.0242805958333 0.0150236179688
2 0.553995901953 0.446589503472 0.0509892486111 0.0409735039063
2 0.507559262891 0.447803534028 0.0242805958333 0.0163894023437
2 0.702866299609 0.423522938889 0.1019785 0.0600944726563
1 0.872906342969 0.177074898611 0.0801259638889 0.02321831875
1 0.873589234375 0.259628920833 0.0801259638889 0.0218525359375
