1 0.118571036328 0.0486966388889 0.0959715 0.237142072656
1 0.389496828906 0.332345740278 0.0191943 0.0455864625
1 0.540651942969 0.381397840972 0.0362559013889 0.0191943
1 0.486068150391 0.369667990278 0.0170616 0.0107967929687
2 0.371502172656 0.386729590278 0.0298578 0.0167950125
2 0.400293622266 0.388862290972 0.0255924013889 0.0191942992187
2 0.354707160156 0.398459440278 0.0661137 0.0431871765625
2 0.434483469531 0.401658490278 0.0767772 0.04918539375
2 0.467473672656 0.392061340972 0.0362559013889 0.023992875
2 0.287527109375 0.413388340278 0.1684833 0.1175650875
2 0.607831991797 0.397393090278 0.1109004 0.0887736382812
1 0.819797232422 0.273049176389 0.0859342583333 0.0366433382813
