0 0.650131996094 0.427030949306 0.0234374847222 0.0079101515625
0 0.644858561328 0.429374697917 0.0234374847222 0.00791015078125
1 0.377231792578 0.439921566667 0.0257812333333 0.0105468679688
1 0.371958358594 0.466874671528 0.0187499875 0.0105468671875
2 0.648154457813 0.548905865972 0.0281249819444 0.02241209375
2 0.630356618359 0.555937111806 0.0609374597222 0.0105468679687
2 0.665293118359 0.567655852778 0.0796874444444 0.0382323960937
2 0.669248192969 0.560624608333 0.0468749694444 0.0250488109375
2 0.732529399219 0.593437084028 0.2015623625 0.15688465625
4 0.536753167187 0.431718446528 0.117187420833 0.131835846875
5 0.492588158203 0.633280807639 0.445312193056 0.275536919531
2 0.878208010156 0.688358895139 0.414843465278 0.242577957813
2 0.0463238167969 0.500859022917 0.0960936847222 0.0922850929687
2 0.162248727344 0.619218317361 0.360937251389 0.324497454688
2 0.324497453906 0.565312102778 0.0843749416667 0.0237304515625
2 0.351523802344 0.547499625694 0.0843749402778 0.0303222453125
