0 0.133880798828 0.157270477083 0.0688775819444 0.0215242445313
0 0.500438682422 0.396046097917 0.0413265486111 0.0129145476562
0 0.345679364844 0.232270511806 0.0688775819444 0.020663275
0 0.486663164844 0.192474572917 0.0352040958333 0.0103316375
0 0.610516178125 0.262746402778 0.0563599416667 0.0178270984375
0 0.155405044922 0.157653134028 0.0734694208333 0.0198023054688
0 0.123549162109 0.163010277083 0.0719388069444 0.0163584257813
1 0.0606983699219 0.194642947917 0.0627551319444 0.0611288539063
1 0.335060755078 0.369132828472 0.0596939041667 0.0301339414063
2 0.414298652344 0.462704295139 0.0474490013889 0.0309949125
2 0.375124527734 0.487194103472 0.0994898430556 0.0662946726563
2 0.567120800781 0.467296134028 0.0627551291667 0.0404655796875
2 0.617487532812 0.45811245625 0.0933673902778 0.0723214609375
2 0.524933281641 0.481071649306 0.0994898402778 0.0559630351563
2 0.481023824609 0.460408376389 0.0459183888889 0.0301339429688
2 0.848485685938 0.498613102083 0.705612556944 0.300478451563
