2 0.577889663281 0.426651326389 0.0331132361111 0.0286556859375
2 0.509832407422 0.439387186806 0.0433019263889 0.0272229023438
2 0.718302524219 0.420283397222 0.0458491 0.045849096875
1 0.597232250391 0.34301916875 0.0407547513889 0.0186261960938
1 0.805702367969 0.295896486111 0.0331132361111 0.0200589796875
1 0.842954760156 0.294622898611 0.020377375 0.0257901171875
1 0.0950413527344 0.0602830666667 0.0764151638889 0.0487146664063
1 0.651678055078 0.379528644444 0.0305660666667 0.0128950585937
3 0.952562758984 0.455943804861 0.147735981944 0.0386851773438
3 0.591501114062 0.422830567361 0.0662264763889 0.015760628125
3 0.610843701953 0.4249532 0.0483962694444 0.0143278429688
1 0.4546702125 0.413490924306 0.0356604097222 0.0257901171875
2 0.808567935937 0.398207902083 0.0288679569444 0.100294901562
1 0.694661583203 0.387170159028 0.0203773763889 0.0157606273438
2 0.0346256171875 0.515377808333 0.117169916667 0.069251234375
