0 0.443722489063 0.306076195833 0.0473397833333 0.0137734296875
0 0.284409830078 0.311952860417 0.0538694097222 0.0165281148437
0 0.657669749219 0.287466765972 0.0375453458333 0.011936971875
0 0.811840324609 0.2735913125 0.0391777555556 0.00918228515625
1 0.28808274375 0.392756977778 0.0228536888889 0.0275468578125
1 0.355756187891 0.379534480556 0.0375453472222 0.0156098851563
1 0.35713353125 0.411366408333 0.0326481277778 0.0110187421875
1 0.396617359766 0.398307155556 0.0261185027778 0.0110187429688
1 0.392944446484 0.44972795625 0.0473397847222 0.0110187429688
1 0.765802641016 0.317503039583 0.0440749736111 0.0284650851562
3 0.134061373438 0.502781164583 0.0620314430556 0.026628628125
3 0.166199373438 0.524002447222 0.0979443833333 0.026628628125
3 0.766261755859 0.497067742361 0.0995767875 0.0238739445313
2 0.555528294531 0.487273302778 0.0212212833333 0.0137734296875
2 0.533949922266 0.487273302083 0.0277509069444 0.00918228515625
2 0.438913264844 0.503597367361 0.0506045958333 0.024792171875
2 0.426976292578 0.509310788194 0.0489721902778 0.0211192570312
2 0.414121092578 0.515840413194 0.0457073791667 0.0229557132813
2 0.0936593164062 0.537877899306 0.0897823513889 0.133143145312
2 0.338493490234 0.546856135417 0.1632406375 0.149671260156
2 0.0245881148438 0.546158957639 0.0848851319444 0.0491762296875
2 0.492921809375 0.508220970833 0.155078608333 0.08814994375
2 0.66550704375 0.545766317361 0.318319243056 0.199255603125
2 0.909505414062 0.429322879167 0.417896033333 0.179972803125
2 0.950876701953 0.496914689583 0.3999395625 0.0954957742187
