1 0.681010260937 0.357227252083 0.0703791013889 0.033590025
1 0.706202779688 0.277251001389 0.0255924 0.0311907375
1 0.684609192187 0.163151549306 0.0789098986111 0.0407878875
1 0.103381794141 0.348696450694 0.0789098986111 0.0299910945313
2 0.474671535547 0.471326700694 0.0127961986111 0.0119964382813
2 0.455477235156 0.467061301389 0.0127962 0.00959715
2 0.464474563281 0.473459400694 0.0170615986111 0.01559536875
2 0.442880975781 0.473459402083 0.0255924013889 0.02039394375
2 0.422487032031 0.475592101389 0.0298578 0.01799465625
2 0.408091306641 0.475592101389 0.0298578 0.0131960804688
2 0.394295403516 0.475592101389 0.0383886 0.0167950117187
2 0.378700035547 0.471326702778 0.0554502 0.0143957257813
2 0.495065479687 0.480923851389 0.0447867 0.0311907390625
2 0.519058355469 0.475592101389 0.0298578 0.0167950125
2 0.528655505469 0.473459400694 0.0383886013889 0.0215935875
2 0.545450518359 0.484122900694 0.0511847986111 0.0359893132813
2 0.574241966797 0.500118151389 0.0661137 0.0599821882812
2 0.24493975625 0.483056552083 0.0789098986111 0.08517470625
2 0.336112681641 0.492653701389 0.106635 0.0899732820313
2 0.142970038281 0.500118151389 0.1855449 0.284315570312
