1 0.241131521484 0.336756002083 0.0255118180556 0.0298966617188
1 0.249338160156 0.402874127778 0.0276378027778 0.0227214640625
1 0.417955332031 0.511299354167 0.0361417416667 0.017937996875
1 0.608098101953 0.520866286806 0.0297637902778 0.0203297304687
1 0.685231488672 0.514488333333 0.0552756055556 0.0239173289063
1 0.820723182813 0.457086740972 0.0297637875 0.04663879375
0 0.848228111719 0.0510236361111 0.102047272222 0.0370718609375
0 0.808166584375 0.0574015916667 0.110551211111 0.03587599375
0 0.851815711328 0.499606436806 0.0510236347222 0.0251131960937
0 0.821919048828 0.502795415278 0.0403937138889 0.0322883945312
3 0.707713801172 0.612283634722 0.0595275777778 0.0167421320313
0 0.501307239844 0.550417495833 0.0191338638889 0.00956693125
1 0.458614792188 0.537874163889 0.0170078777778 0.0083710640625
2 0.484923854297 0.574015909028 0.0297637875 0.0155462632813
2 0.466387924609 0.574015906944 0.0340157583333 0.0215255960938
2 0.452635459766 0.582519847917 0.0467716652778 0.0179379960938
2 0.430511930469 0.586771818056 0.0552756055556 0.0334842609375
2 0.537541979687 0.576141893056 0.0255118194444 0.0155462640625
2 0.554284110937 0.577204886111 0.0361417416667 0.0203297296875
2 0.566840708594 0.583582838889 0.0361417416667 0.0263090625
2 0.581191105859 0.595275755556 0.059527575 0.0382677273438
2 0.513624649609 0.576141893056 0.0255118194444 0.0179379960937
2 0.383275204687 0.603779696528 0.0892913625 0.0944734515625
3 0.584778705469 0.621850565278 0.0999212861111 0.0191338640625
6 0.611685700781 0.631417497917 0.127559090278 0.044247059375
8 0.614675367188 0.671811209722 0.102047272222 0.0334842609375
3 0.678654223438 0.616535605556 0.0552756055556 0.0107627984375
