2 0.438586600781 0.416032054861 0.0243074930556 0.021035328125
2 0.417025389453 0.408552827778 0.0205678805556 0.00946589921875
2 0.408085374219 0.413227343056 0.0224376833333 0.00841413125
2 0.392308878125 0.416032054861 0.0355263347222 0.021035328125
2 0.383894746484 0.419771668056 0.0355263333333 0.0210353289063
2 0.362333534375 0.422576378472 0.0523545958333 0.030501225
2 0.341824089453 0.432860316667 0.0504847888889 0.0420706570312
2 0.306589914453 0.445014063194 0.0747922819444 0.0536400882812
2 0.259786307813 0.459972517361 0.104709190278 0.0588989203125
2 0.166704978906 0.481475298611 0.196329733333 0.165127329688
2 0.458570163281 0.410422634028 0.0243074930556 0.0147247296875
2 0.468036060938 0.417901861111 0.0317867194444 0.0105176640625
2 0.494330221484 0.426315992361 0.0598338236111 0.0294494601562
2 0.475398425781 0.420706572222 0.0448753694444 0.0147247296875
2 0.540703563281 0.451691184028 0.0934903486111 0.0717113546875
2 0.776920743359 0.529288174306 0.360872748611 0.310271096094
