2 0.482978054687 0.5031047875 0.015302275 0.01147670625
2 0.470066761719 0.505655167361 0.0374055597222 0.0200842359375
2 0.457633662891 0.506505293056 0.015302275 0.0181714507812
2 0.454764485937 0.523507821528 0.0391058152778 0.0315609421875
2 0.443287780078 0.505655167361 0.0136020236111 0.00669474453125
2 0.436593035156 0.509055673611 0.0238035388889 0.0105203140625
2 0.428941897266 0.509905798611 0.0221032861111 0.0105203148437
2 0.426072720313 0.514156430556 0.03060455 0.0124330984375
2 0.419856170703 0.516706809028 0.0323048013889 0.0133894914063
2 0.415552405859 0.518407063194 0.0323048013889 0.0181714507812
2 0.403597504297 0.515006556944 0.0289042972222 0.0210406273437
2 0.385426053125 0.5099058 0.015302275 0.024866196875
2 0.0870316886719 0.581316414583 0.0969144097222 0.137720474219
2 0.511191625 0.493753422917 0.0136020236111 0.0066947453125
2 0.501627702734 0.501404558333 0.0221032861111 0.0143458835937
2 0.516929978125 0.49205316875 0.0170025263889 0.0047819609375
2 0.522668332031 0.494603547917 0.0289042986111 0.0086075296875
2 0.528884880469 0.49970430625 0.0425063180556 0.01147670625
2 0.536536017578 0.503104813889 0.0493073333333 0.0191278445313
2 0.541796174219 0.509055698611 0.0408060694444 0.0239098046875
2 0.509278840625 0.521807594444 0.0459068277778 0.0315609421875
2 0.546099940234 0.517556961806 0.0442065763889 0.0248661976562
2 0.661823394922 0.530308857639 0.0935139041667 0.162586672656
2 0.369167385547 0.555812649306 0.0833123875 0.126243767969
2 0.0516451777344 0.617021722917 0.151322495833 0.103290355469
2 0.880837219922 0.555982659028 0.550881901389 0.237185261719
3 0.252965733594 0.562953705556 0.212531597222 0.0583399234375
3 0.295046990625 0.554452441667 0.0629093527778 0.014345884375
6 0.459546446875 0.5270783625 0.0612091027778 0.0143458828125
7 0.460598483984 0.546121186806 0.0442065736111 0.0133894914062
3 0.614003785547 0.505315120833 0.03060455 0.0133894914062
1 0.168325024609 0.363003968056 0.0289042972222 0.0267789804688
1 0.169759612891 0.396158897222 0.0374055611111 0.0105203148437
1 0.194147613672 0.47862115625 0.0119017680556 0.0133894914062
1 0.321347776563 0.457367996528 0.0204030347222 0.0076511375
1 0.322304168359 0.479471284722 0.0102015166667 0.00765113828125
1 0.593919549219 0.379156370139 0.0238035402778 0.0382556875
1 0.750767868359 0.336650048611 0.0476070777778 0.00956392109375
0 0.303176324609 0.490522927083 0.0221032847222 0.00765113984375
0 0.313218442969 0.431864204167 0.03060455 0.0086075296875
0 0.443287780078 0.479471283333 0.0136020222222 0.00478196171875
0 0.603005275 0.47011989375 0.0187027819444 0.0086075296875
0 0.598701509375 0.425063195139 0.0442065736111 0.009563921875
0 0.20275514375 0.432714331944 0.045906825 0.013389490625
0 0.302698127344 0.431864205556 0.0272040444444 0.00860753125
0 0.740247553516 0.3902080125 0.045906825 0.0133894914063
0 0.750767868359 0.445466228472 0.0238035402778 0.00765113828125
0 0.76607014375 0.388507759722 0.0493073305556 0.01147670625
0 0.880359008984 0.307745752083 0.0595088458333 0.0420812554688
0 0.825366458594 0.157273382639 0.142821234722 0.0372992953125
0 0.804325830078 0.0901133986111 0.0867128916667 0.0219970210938
0 0.942524501953 0.212531598611 0.103715419444 0.0363429023438
