1 0.58616405 0.494524140972 0.0346676708333 0.0160592890625
2 0.500992464453 0.565388938889 0.0275302083333 0.0206476570313
2 0.511603075 0.568918743056 0.0214123861111 0.018353471875
2 0.412666382813 0.55821255 0.0244712972222 0.021221203125
2 0.481491906641 0.5653500125 0.0407854944444 0.0338392164062
2 0.543721653125 0.568918742361 0.0438444069444 0.05161914375
2 0.6073852625 0.587272214583 0.115219026389 0.087178996875
2 0.627746148437 0.611743513889 0.1254154 0.0671048875
2 0.671909191797 0.637234447917 0.172318720833 0.0957821882813
2 0.384562626953 0.584213304861 0.0968655541667 0.0407217679688
2 0.357319190625 0.590840946528 0.1264350375 0.05506041875
2 0.302258771484 0.606645325694 0.172318720833 0.117003391406
2 0.264561551953 0.649039036111 0.223300588889 0.110120839844
2 0.800540325391 0.658725590972 0.326283968056 0.242609974219
2 0.123885944141 0.663783948611 0.670921408333 0.247771888281
2 0.912825405078 0.751536490278 0.495543777778 0.173784449219
2 0.445466039062 0.580343625694 0.0825906291667 0.096355734375
1 0.571017223047 0.51048201875 0.0265105708333 0.0143386507813
