2 0.402297072266 0.459471076389 0.08177615 0.0530158945312
2 0.0831703023438 0.416503945139 0.0291067625 0.0545751828125
2 0.122152576953 0.412345836806 0.0263346930556 0.0421008570312
2 0.145152119141 0.476103511111 0.120585166667 0.0880999414062
2 0.173219357031 0.447689765972 0.0942504763889 0.0631512859375
2 0.205964467187 0.41165281875 0.0194045097222 0.0132539734375
2 0.216099858594 0.440759582639 0.0498973097222 0.03352475625
2 0.224675959766 0.431750347917 0.0485112763889 0.0288468835938
2 0.236760465234 0.424820163194 0.0374229847222 0.0124743273438
2 0.244167094922 0.41165281875 0.0194045097222 0.00701680859375
2 0.2500144375 0.407494709722 0.0166324388889 0.0077964546875
2 0.257031248047 0.408880745833 0.0194045111111 0.00935574609375
2 0.259760004687 0.422048090278 0.0235626194444 0.0085760984375
2 0.271454689453 0.437294491667 0.0568274916667 0.0304061742188
2 0.299132104297 0.412345835417 0.0152463986111 0.0218300757813
2 0.460908542578 0.567119901389 0.278593319444 0.184775980469
2 0.297182989063 0.457623022222 0.0873202972222 0.064710575
2 0.0695265054687 0.520687679861 0.207905465278 0.13799725
1 0.356825871875 0.358983433333 0.0360369472222 0.0155929125
1 0.336944909375 0.369378705556 0.0346509055556 0.013253971875
1 0.270285221484 0.356904379861 0.0207905458333 0.0202707835937
1 0.253133019922 0.357597399306 0.0166324375 0.0109150382813
1 0.233641883203 0.358983436111 0.0194045111111 0.0218300742187
2 0.609171130859 0.515605552778 0.0277207305556 0.0327451101562
2 0.64581446875 0.523228750694 0.0207905486111 0.02494865625
2 0.684796742578 0.530158933333 0.0318788361111 0.0280672367187
2 0.662187024219 0.530851951389 0.0138603638889 0.0109150375
2 0.732355118359 0.553028535417 0.0304928013889 0.0202707835937
2 0.768218810156 0.562730789583 0.0221765819444 0.0327451109375
2 0.563172046094 0.47748955 0.0235626194444 0.0155929109375
2 0.583832651172 0.480261620833 0.0263346916667 0.0194911351563
2 0.594357866797 0.483033694444 0.0235626194444 0.0280672367187
2 0.918690390625 0.546791367361 0.0346509069444 0.040541565625
