1 0.832988255859 0.0811224854167 0.0397959402778 0.0266900632813
1 0.833849226562 0.122449034722 0.0306122583333 0.03185588125
1 0.829113892578 0.162244970139 0.0367347097222 0.0258290929687
1 0.827391951953 0.196683763194 0.0352041013889 0.0241071523437
1 0.908323112109 0.165306197917 0.0244898069444 0.0154974570313
1 0.700398910938 0.228826633333 0.0168367416667 0.0163584265625
1 0.697385516406 0.2471939875 0.0168367416667 0.0137755140625
0 0.552168610547 0.277806247917 0.0260204208333 0.00516581796875
0 0.603539811328 0.213520503472 0.0306122569444 0.00602678828125
4 0.588214559375 0.282398086111 0.0137755166667 0.0172193953125
2 0.545510452734 0.297704216667 0.0137755166667 0.0103316367188
2 0.601903975 0.296173602778 0.0137755166667 0.007748728125
2 0.842545051953 0.332908311806 0.151530681944 0.123979647656
2 0.931224938672 0.33214300625 0.266326654167 0.134311285156
3 0.799496563281 0.322959328472 0.165306195833 0.0378826703125
2 0.5638491 0.300765441667 0.0290816472222 0.0198023046875
2 0.587956253906 0.305357282639 0.0352041013889 0.0249681234375
2 0.613354862109 0.296938910417 0.0183673569444 0.0137755164063
2 0.702465260156 0.371938941667 0.205102127778 0.16788910625
6 0.0893148546875 0.328316474306 0.0596939041667 0.0172193953125
6 0.188326377734 0.312245038889 0.0428571611111 0.0154974554688
6 0.217599351562 0.301530747222 0.0336734833333 0.01549745625
7 0.0854404917969 0.365051184028 0.0474490013889 0.0335778226562
7 0.188756864063 0.344387909028 0.0336734791667 0.0215242453125
8 0.227500502734 0.340561376389 0.044387775 0.0301339414062
7 0.282172084766 0.326785861111 0.0352040972222 0.0223852164062
6 0.444206592969 0.292347070139 0.0183673513889 0.0086097
8 0.447650471094 0.311479731944 0.0229591944444 0.0120535765625
