0 0.122576313672 0.529157645139 0.0148818902778 0.0203297304687
0 0.2104725 0.452834772222 0.02125985 0.00956693125
0 0.339028145313 0.5346851875 0.0148818972222 0.0107627984375
0 0.217647698047 0.452834771528 0.0255118180556 0.00717519921875
0 0.373708273047 0.507047383333 0.0191338638889 0.00597933203125
0 0.471171390234 0.502795415278 0.0191338638889 0.00717519921875
0 0.535150246094 0.559134013889 0.0170078777778 0.0131545296875
1 0.446058195312 0.542126134028 0.0127559097222 0.0119586640625
1 0.492099053906 0.509173369444 0.010629925 0.0227214640625
1 0.519603983594 0.538937156944 0.00637795555556 0.0107627984375
1 0.514222582422 0.547441096528 0.0106299236111 0.00956693203125
1 0.373110339453 0.528307233333 0.0191338638889 0.0143503976563
1 0.372512407031 0.545315113194 0.0106299236111 0.0107627984375
2 0.433501596094 0.585708822917 0.0106299263889 0.01315453125
2 0.419749132422 0.587834808333 0.0148818972222 0.00956693203125
2 0.412573933594 0.591023786111 0.0255118194444 0.011958665625
2 0.362945473828 0.582519846528 0.0170078791667 0.0179379960937
2 0.376697939062 0.583582838889 0.0148818944444 0.0119586640625
2 0.34620334375 0.583582838889 0.0148818944444 0.0131545296875
2 0.315110815625 0.579330870833 0.0191338638889 0.0203297296875
2 0.147689508594 0.562322990278 0.0191338638889 0.0131545296875
2 0.0107627984375 0.567637952778 0.0255118194444 0.021525596875
2 0.118390780859 0.5803938625 0.0425196944444 0.0693602554688
2 0.0287007953125 0.587834809722 0.0403937138889 0.057401590625
2 0.180575837109 0.598464733333 0.0574015888889 0.0621850554687
2 0.246946427344 0.575078899306 0.0276378013889 0.0227214640625
2 0.223627030469 0.580393861806 0.0255118180556 0.0263090625
2 0.445460261719 0.588897801389 0.02125985 0.010762796875
2 0.395831801953 0.597401738889 0.0425196944444 0.0287007945313
2 0.432903663281 0.597401741667 0.0170078777778 0.011958665625
1 0.9519097125 0.463464695833 0.104173258333 0.034680128125
2 0.577244761719 0.623763972222 0.0935433333333 0.06577265625
2 0.629025764844 0.640984429861 0.112677195833 0.10523625
5 0.797045003516 0.668090738194 0.2296063625 0.247544358594
2 0.950372171484 0.719190300694 0.318897723611 0.0956693179688
