2 0.02523008125 0.3486716875 0.0589063194444 0.050097621875
2 0.249787729297 0.424218459028 0.2765623125 0.497466083594
0 0.47874539375 0.251952952083 0.0351562263889 0.013183584375
0 0.473471960547 0.304687290972 0.0187499875 0.0131835835937
0 0.598056836328 0.253124825 0.0468749694444 0.0118652273438
0 0.622446467578 0.261327945833 0.0445312194444 0.0131835851563
2 0.667929834766 0.384374734722 0.103124927778 0.196435411719
3 0.548618392969 0.370312245139 0.0703124486111 0.0158203015625
2 0.837998076953 0.390234106944 0.0773436972222 0.101513602344
2 0.957309517969 0.380859114583 0.0914061875 0.0843749421875
1 0.462265913672 0.131249909722 0.103124927778 0.0145019429688
1 0.215732880078 0.20976548125 0.0632812069444 0.0145019429687
0 0.004795525 0.0749999493056 0.0562499625 0.009228509375
2 0.0819194949219 0.335156019444 0.0234374833333 0.0527343382813
