2 0.29133285 0.468118178472 0.0177485541667 0.009359590625
2 0.279789355469 0.465344967361 0.0232949819444 0.0099835625
2 0.266061955469 0.465344966667 0.0277321194444 0.0224630171875
2 0.313171892969 0.46700889375 0.0177485541667 0.0155993171875
2 0.432732857422 0.475328530556 0.0277321194444 0.0176116195312
2 0.415503416406 0.468672821528 0.0432621069444 0.0193431546875
2 0.07668624375 0.456359769444 0.0288414027778 0.0418061703125
2 0.00605253515625 0.443048352778 0.0399342527778 0.0121050703125
2 0.339378746875 0.4724444 0.0432621055556 0.0293267171875
2 0.494435966016 0.488529028472 0.0621199458333 0.0424301429687
5 0.344370529297 0.448705697222 0.0787592222222 0.0268308257813
5 0.255454420703 0.444823197917 0.0421528208333 0.0349424710937
5 0.176833861719 0.432621065972 0.0754313652778 0.0711328875
4 0.382261269922 0.450686584722 0.112513191667 0.0499178148437
