3 0.252525010547 0.4244073 0.0682464 0.0203939445312
3 0.291513432031 0.425473651389 0.0490521027778 0.014395725
3 0.325703278516 0.434004452778 0.0405213 0.00839750546875
3 0.176947454297 0.431871751389 0.1130331 0.0275918070312
2 0.134360100391 0.416942850694 0.0234597013889 0.0215935882812
2 0.149955469531 0.4350708 0.0255924 0.0215935875
2 0.178746919531 0.428672700694 0.0469194013889 0.043187175
2 0.330501853906 0.432938100694 0.0298577986111 0.01559536875
2 0.344897578906 0.441468901389 0.0383886027778 0.02759180625
2 0.0851747070313 0.438269851389 0.1130331 0.117565089063
2 0.313107019531 0.433364634028 0.0341231986111 0.0215935875
2 0.290913610547 0.431231933333 0.0298577972222 0.0275918070313
