0 0.315996672656 0.522409859028 0.0305084680556 0.012012709375
0 0.381208525781 0.540714940278 0.0305084694444 0.012012709375
2 0.250355794922 0.62308780625 0.0366101625 0.0231673679687
0 0.264513632813 0.574274255556 0.0183050805556 0.012012709375
0 0.129799674219 0.0922404486111 0.125084722222 0.0446186359375
1 0.139667257031 0.0171371791667 0.0342743583333 0.0214512671875
1 0.546869412109 0.524091906944 0.0335593166667 0.0205932164063
1 0.545153310547 0.559176646528 0.0366101625 0.0188771164063
0 0.572365772266 0.527796521528 0.0427118569444 0.0188771148438
6 0.435077662109 0.652118532639 0.0869491375 0.0240254195312
7 0.436533285938 0.668898178472 0.0671186319444 0.0214512671875
2 0.419372271484 0.65288123125 0.0564406652778 0.0334639757813
3 0.517695688672 0.654406668056 0.0701694777778 0.0188771164063
3 0.589771945703 0.662796495833 0.099152525 0.0205932164063
2 0.341182390234 0.639915145139 0.0137288125 0.00686440546875
2 0.348046794922 0.637953873611 0.0167796555556 0.00858050703125
2 0.333888959766 0.634140314583 0.0152542347222 0.0111546585938
2 0.321018198828 0.627275910417 0.0198305041667 0.0128707601563
1 0.493020173438 0.572135061111 0.0187027805556 0.0162586671875
