2 0.124548617969 0.532931006944 0.200975283333 0.245198004688
2 0.304451564062 0.494121985417 0.103952731944 0.08654065
2 0.36604355625 0.49204293125 0.0443531652778 0.033524753125
2 0.391382034766 0.483726713194 0.0304928013889 0.0155929070312
2 0.408534235937 0.481647657639 0.0318788375 0.0155929078125
2 0.423737323438 0.546098351389 0.0110882916667 0.0007796453125
2 0.423737323438 0.475410494444 0.0304928027778 0.0148132640625
2 0.437381119531 0.476103514583 0.0207905513889 0.0077964546875
2 0.468566939453 0.474717475694 0.0180184736111 0.00935574609375
2 0.483770026953 0.47679653125 0.0221765847222 0.00857610234375
2 0.499752758594 0.487191804167 0.0374229833333 0.01403361875
2 0.518074427734 0.485805767361 0.0429671291667 0.0101353914063
2 0.549650069922 0.481647658333 0.0595995666667 0.0405415648437
2 0.585903585547 0.505210277778 0.109496877778 0.0834220664063
2 0.738324279297 0.560651731944 0.20374735 0.196470663281
2 0.902049830469 0.533624024306 0.130287423611 0.191792790625
