2 0.580985476172 0.464441782639 0.1074454875 0.105279247656
2 0.207146667188 0.442779386111 0.0710526611111 0.0809090515625
2 0.273921005078 0.442779385417 0.0363928263889 0.0292442367187
2 0.384561694922 0.434980922917 0.0277278680556 0.0204709648437
2 0.294879373438 0.43584741875 0.0294608597222 0.0126725015625
2 0.309014087109 0.437580410417 0.0329268430556 0.0116976945313
2 0.32071178125 0.434980922917 0.0311938513889 0.013647309375
2 0.335333898828 0.43844690625 0.0277278680556 0.0233953882813
2 0.347031593359 0.43844690625 0.0277278680556 0.0175465414062
2 0.520059985547 0.463575286111 0.0779846277778 0.0243701960937
2 0.501051232422 0.454910328472 0.0571887263889 0.0155969242188
2 0.484966903516 0.452310840278 0.0589217194444 0.0146221179688
2 0.475218824609 0.446245369444 0.0606547111111 0.0185213492188
2 0.461084111328 0.442779386806 0.0502567625 0.0214457726563
2 0.444512377734 0.452310839583 0.0277278652778 0.0155969257813
2 0.430865067969 0.449711352778 0.0225288916667 0.0077984625
2 0.417217758203 0.447111865278 0.0138639333333 0.0194961570312
