1 0.185147604297 0.0159374902778 0.0318749805556 0.0669449007812
1 0.574327292969 0.0710526326389 0.0355263180556 0.0239802625
1 0.748184201172 0.0426315784722 0.0426315791667 0.0159868414063
2 0.30454933125 0.149210527083 0.0284210513889 0.0139884859375
2 0.319536995703 0.156315792361 0.0355263180556 0.0219819070313
2 0.259586338281 0.17496710625 0.0905921069444 0.03796875
2 0.191142669922 0.179407897222 0.159868422222 0.136887336719
2 0.373492588672 0.166085526389 0.154539472222 0.0979194085937
2 0.707717508984 0.150098684722 0.0586184194444 0.0909251648438
2 0.763671455469 0.149210527083 0.0532894736111 0.0609498359375
2 0.851599088672 0.134111840972 0.0763815819444 0.0949218757812
3 0.989985191016 0.112796052778 0.119013158333 0.0199835523437
2 0.446432554687 0.129671052778 0.0959210527778 0.0519572375
