3 0.566142087109 0.17924375625 0.0679758263889 0.00994146484375
3 0.502287295312 0.175844967361 0.0448640458333 0.0091767359375
3 0.528670413672 0.175844965972 0.0530211430556 0.00994146484375
3 0.545876794922 0.19147940625 0.0842900236111 0.0122356492188
3 0.691175123828 0.173805691667 0.0706948583333 0.0137651039062
3 0.672439286328 0.175844967361 0.0802114763889 0.0191182007813
3 0.659056545313 0.18536158125 0.101963740278 0.021412384375
3 0.634967612109 0.171766418056 0.0611782444444 0.0145298335938
3 0.587554472656 0.199636504861 0.0870090597222 0.0160592890625
3 0.596731208594 0.200996023611 0.135951655556 0.02370656875
3 0.613555226172 0.23974224375 0.186253765278 0.0344127632813
3 0.634202883594 0.266932575694 0.140030204167 0.061942971875
1 0.625026146484 0.0990322833333 0.0516616277778 0.0344127617187
1 0.510699303516 0.0351350055556 0.0163141972222 0.0183534742187
1 0.692704579297 0.0691229180556 0.0190332333333 0.0244712960938
1 0.521405496484 0.0813585666667 0.0135951638889 0.0152945601563
0 0.521023132422 0.11126793125 0.0217522652778 0.0114709210937
2 0.246103398047 0.150014152083 0.0992447069444 0.0565898757813
3 0.199454987891 0.15749149375 0.0706948597222 0.0137651054688
3 0.182248606641 0.158851009028 0.0706948597222 0.0114709210938
3 0.153953668359 0.173805690972 0.0842900236111 0.0252360257812
3 0.121835090234 0.154092703472 0.0557401763889 0.00994146484375
3 0.0790103199219 0.145255845833 0.0516616277778 0.00994146484375
3 0.0545390210937 0.143896329167 0.0489425944444 0.008412009375
3 0.0625686664063 0.141857054167 0.0475830805556 0.0091767359375
3 0.09124596875 0.145935603472 0.0475830791667 0.008412009375
2 0.377636622266 0.259455234722 0.380664627778 0.266125361719
2 0.810875257812 0.280518295833 0.504361747222 0.376275310937
