1 0.526883641406 0.517298029167 0.025994875 0.0263198125
0 0.610717116797 0.525096491667 0.0207959 0.00682365546875
0 0.638499138672 0.53809393125 0.0225288930556 0.00779846484375
1 0.654583467187 0.484371185417 0.0155969263889 0.0204709640625
1 0.653121255469 0.513832047222 0.0121309416667 0.0233953875
1 0.650684236328 0.542426410417 0.0103979513889 0.0126725023438
2 0.634112503906 0.571020772917 0.0225288902778 0.0107228859375
2 0.647272409375 0.572753765972 0.0155969263889 0.0116976953125
1 0.6087675 0.556290345139 0.0103979513889 0.008773271875
2 0.5327324875 0.545025897222 0.0294608611111 0.0263198125
1 0.560027107812 0.526829486111 0.0138639361111 0.008773271875
1 0.494714982422 0.507766577083 0.0138639375 0.0107228882813
1 0.620952597656 0.534627947222 0.0190629083333 0.009748078125
