0 0.119413961328 0.555423848611 0.0675866777778 0.0185213492187
0 0.561001914844 0.442779386111 0.0502567611111 0.0126725015625
0 0.483504691016 0.437580410417 0.0641206930556 0.0136473085937
0 0.647759813672 0.537227435417 0.0450577847222 0.0165717335937
0 0.900235045703 0.443645881944 0.0935815527778 0.0263198117187
0 0.736954732031 0.3561298 0.0987805277778 0.0194961578125
0 0.715996362891 0.593549665972 0.0155969263889 0.0107228867187
0 0.135498290625 0.563222311111 0.0589217194444 0.017546540625
0 0.633625099609 0.541559913889 0.036392825 0.0155969257813
0 0.756450888281 0.528562476389 0.0485237694444 0.013647309375
0 0.730618480469 0.55369085625 0.0329268430556 0.0107228859375
0 0.923143030078 0.531161964583 0.0398588097222 0.0214457726563
1 0.772535217578 0.331867915972 0.0606547125 0.0282694273437
1 0.816888974609 0.376925700694 0.0433247930556 0.0623877023437
1 0.585859515625 0.480038708333 0.0173299166667 0.0389923140625
1 0.887075139844 0.518164525694 0.0485237680556 0.0292442359375
1 0.801779453516 0.608280095139 0.0381258152778 0.0243701960937
1 0.803729069141 0.640340442361 0.0294608597222 0.0224205804688
1 0.750602041406 0.648138905556 0.0173299166667 0.0311938515625
1 0.659457507422 0.565821799306 0.0467907791667 0.0282694273437
1 0.419167373828 0.584018211806 0.0381258180556 0.0155969257813
2 0.471806997266 0.648138905556 0.0277278666667 0.0194961570312
2 0.449386416797 0.649005401389 0.0225288916667 0.0214457726562
2 0.432327279688 0.642939930556 0.0207959 0.0146221171875
2 0.414780738672 0.649871897222 0.0173299166667 0.0165717335937
2 0.357754479297 0.651604889583 0.0207959013889 0.0136473101562
2 0.576598841016 0.638607450694 0.0225288930556 0.0204709648437
2 0.612179326953 0.636874459028 0.0225288930556 0.0253450039062
2 0.639473946875 0.629075996528 0.0242618847222 0.015596925
2 0.677491452734 0.627343004861 0.0277278680556 0.0370426976563
2 0.382124675391 0.646405913194 0.0242618819444 0.0194961570313
2 0.330947263281 0.636874459722 0.0121309416667 0.0126725015625
0 0.00682365507813 0.589217186806 0.0485237680556 0.0136473101563
