1 0.655405428906 0.441093441667 0.0281249833333 0.0158203015625
1 0.921713840625 0.424687200694 0.0421874708333 0.023730453125
2 0.0766460613281 0.448124684028 0.0703124513889 0.0738280742187
2 0.116855995312 0.4446090625 0.0539062138889 0.03032224375
2 0.176182125781 0.457499677083 0.0515624652778 0.0408691125
2 0.204526832813 0.458671552778 0.0445312194444 0.0290038859375
2 0.246055124219 0.442265313194 0.0257812319444 0.027685528125
2 0.278354907422 0.459843427778 0.0468749694444 0.0711913570312
2 0.337021858594 0.449296557639 0.0539062125 0.0883300171875
2 0.338340217578 0.463359048611 0.0445312166667 0.0461425460938
2 0.472812781641 0.479765286806 0.0445312180556 0.0435058304687
2 0.502475847266 0.475077791667 0.0398437222222 0.0316406039063
2 0.547300034766 0.482109035417 0.0445312180556 0.0369140367187
2 0.585532430469 0.476249664583 0.0515624625 0.0527343390625
2 0.644858561719 0.477421539583 0.0117187402778 0.0158203015625
2 0.661997221875 0.468046547222 0.0257812333333 0.01845701875
2 0.679135881641 0.471562168056 0.037499975 0.0263671695312
2 0.695615361719 0.480937161111 0.0421874694444 0.046142546875
2 0.721982532031 0.486796532639 0.0492187180556 0.0566894140625
2 0.771420975 0.492655905556 0.0421874722222 0.05537105625
2 0.830747105859 0.491484030556 0.0398437222222 0.0632812054687
2 0.896665029297 0.506718394444 0.0468749694444 0.0791015085938
5 0.161680183203 0.416484081944 0.0960936833333 0.0856932992188
2 0.0212750058594 0.445780936111 0.0562499611111 0.0421874710937
