2 0.526738769141 0.333860021528 0.143528609722 0.108816525781
2 0.360003770312 0.309938586806 0.0956857402778 0.079564771875
2 0.471745471484 0.295377713194 0.0582434930556 0.0456327367188
4 0.197364016406 0.254815281944 0.272496341667 0.238694314063
4 0.346591132422 0.254749784028 0.1074454875 0.0574197757813
5 0.458874699219 0.265215905556 0.0520031194444 0.0245714734375
2 0.439568541406 0.278736714583 0.0249614958333 0.018721121875
1 0.522058487891 0.224653472222 0.0166409972222 0.0105306304687
1 0.43313315625 0.221533283333 0.0187211222222 0.0081904921875
4 0.382612079687 0.2486843125 0.0745186444444 0.043866353125
0 0.465958150391 0.228754907639 0.0207959013889 0.00779846328125
1 0.484966903516 0.237419866667 0.01039795 0.0165717335937
0 0.413805930469 0.246084825 0.0138639333333 0.0107228859375
