1 0.586010339062 0.382030986806 0.0468749680556 0.0329589625
2 0.205004742188 0.434765325694 0.0703124513889 0.0830565828125
2 0.34145484375 0.4359372 0.0398437222222 0.0369140375
2 0.394848361719 0.432421577778 0.0328124777778 0.0435058296875
2 0.426488964844 0.424218461111 0.0257812361111 0.0224120953125
2 0.584032802344 0.446484068056 0.0234374833333 0.015820303125
2 0.570849216797 0.444140320833 0.0187499888889 0.0145019414063
2 0.548437123047 0.441796570833 0.0281249805556 0.0171386601563
2 0.639403857813 0.480468420833 0.138281155556 0.0909667359375
2 0.834191320312 0.512109022222 0.0984374333333 0.0883300171875
2 0.505920062109 0.47929654375 0.0749999486111 0.0500976226562
2 0.520092415625 0.447655942361 0.0585937097222 0.03032224375
3 0.119901365234 0.429781947917 0.0485237680556 0.0136473101562
2 0.459621899609 0.43324793125 0.0277278680556 0.0263198117187
