0 0.541581841797 0.480937330556 0.0299999833333 0.0137109351563
0 0.600644321094 0.500624825 0.0318749888889 0.0137109328125
0 0.580605265234 0.511874820833 0.0281249888889 0.0116015585938
0 0.473027179297 0.509999821528 0.0243749902778 0.0137109351562
0 0.508886540625 0.495937327778 0.0224999944444 0.0116015578125
1 0.425038913672 0.463124838194 0.0243749958333 0.0147656195312
1 0.778133105078 0.476785549306 0.0449999847222 0.0242578039062
1 0.642078465234 0.506785538889 0.0224999916667 0.0137109320313
2 0.5542380875 0.541473024306 0.0281249902778 0.01792968125
2 0.610136504688 0.541473026389 0.0393749861111 0.0263671765625
2 0.579023234766 0.545223025 0.0431249861111 0.0337499882812
2 0.518906068359 0.569598015972 0.1031249625 0.0696093507812
2 0.873808288281 0.686562254167 0.354374875 0.24996085
2 0.48515608125 0.534062304167 0.0281249916667 0.0210937453125
