2 0.597745119531 0.440025423611 0.0476070777778 0.0306045515625
2 0.615916569922 0.426423402083 0.0238035375 0.0114767070313
2 0.634088021875 0.448526688194 0.0680101097222 0.0516451796875
2 0.663736178906 0.423022898611 0.0204030333333 0.021040628125
2 0.692427945312 0.401769736806 0.0289042930556 0.051645178125
2 0.744551319141 0.447676563889 0.0731108722222 0.0487759992188
2 0.799352608203 0.454477575 0.0935139027778 0.0822497273437
2 0.494263485547 0.434924665278 0.03060455 0.00765113671875
2 0.516260507422 0.444276056944 0.045906825 0.0248661976562
2 0.436401758984 0.398369231944 0.0119017694444 0.0219970210937
2 0.471310073047 0.454860126389 0.121483055556 0.0497323929688
2 0.36964558125 0.4323742875 0.0221032861111 0.014345884375
2 0.324543551953 0.436834057639 0.0242218152778 0.0146490757812
2 0.212022984375 0.456299536806 0.0325482236111 0.0300123875
2 0.140589651953 0.451927195139 0.0340050541667 0.0363429039062
2 0.346213973047 0.424723150694 0.0136020236111 0.0114767039063
2 0.419515258203 0.480628468056 0.159417713889 0.104521314844
2 0.570009744922 0.446826436806 0.0578085958333 0.0420812554688
2 0.692427945312 0.462128711111 0.102015166667 0.09563921875
2 0.894035435547 0.478281113889 0.175126036111 0.210406282031
0 0.404553896094 0.270850267361 0.0425063208333 0.0095639234375
0 0.453329897656 0.332909500694 0.0238035375 0.005738353125
0 0.672821905078 0.253847745139 0.0459068236111 0.0105203132813
0 0.594875941016 0.384767210417 0.0323048013889 0.00765113671875
0 0.577182685937 0.397519107639 0.0170025291667 0.0047819609375
0 0.329955305469 0.307405701389 0.0340050555556 0.0095639234375
0 0.301263539453 0.348211767361 0.0238035402778 0.00573835390625
0 0.197016790234 0.354162652083 0.0289042986111 0.00765113671875
0 0.775952864453 0.362153840972 0.0204030347222 0.00765113671875
1 0.404553896094 0.241010832639 0.0153022763889 0.0095639234375
1 0.328520716406 0.283517152083 0.0085012625 0.00860753125
1 0.558533038672 0.395733834722 0.015302275 0.00956392265625
1 0.679516649609 0.314971829167 0.0170025305556 0.00669474453125
1 0.775634065234 0.339625491667 0.0187027805556 0.0114767070313
1 0.788067162891 0.354077640972 0.0238035402778 0.0153022742187
1 0.786632573828 0.375330801389 0.0187027805556 0.0162586679688
1 0.777068652344 0.40933585625 0.0221032847222 0.0124330984375
1 0.534384135156 0.416136866667 0.0136020222222 0.0066947453125
1 0.624285002344 0.377031053472 0.0136020208333 0.025822590625
1 0.623806805078 0.393183455556 0.0119017694444 0.0210406273438
