1 0.247802763281 0.43494191875 0.0198979680556 0.006887759375
1 0.367477562109 0.425758242361 0.0229591958333 0.0103316367187
2 0.313249498437 0.461479799306 0.0474490013889 0.03185588125
2 0.246093856641 0.453061427778 0.0214285777778 0.0266900617187
6 0.219321289844 0.454898165972 0.0153061291667 0.0103316375
5 0.0334212882813 0.440299063889 0.162244972222 0.0637117640625
2 0.0162018945313 0.48086030625 0.127040873611 0.0309949125
5 0.154831058984 0.445153261111 0.0301020555556 0.0387436398437
2 0.191422275781 0.45561245 0.0122449027778 0.020663275
4 0.625768494922 0.412121879167 0.215816422222 0.220408263281
2 0.655041467578 0.514533790972 0.1790817125 0.201466928906
2 0.351750933984 0.48361796875 0.0873530013889 0.0699816648438
