1 0.325720527734 0.3573502875 0.0336734833333 0.0215242445313
1 0.327011982422 0.404799288194 0.0428571597222 0.0172193945312
1 0.317541315234 0.422401336806 0.0260204180556 0.0137755164062
1 0.604244250781 0.404033984722 0.0137755166667 0.0120535765625
0 0.593638659766 0.420918556944 0.0198979666667 0.00860969765625
2 0.355322228516 0.477551235417 0.0306122569444 0.0266900617187
2 0.556789163281 0.462245106944 0.0122449055556 0.012914546875
2 0.544305101172 0.464541025694 0.0168367430556 0.0103316351562
2 0.552914798828 0.476020622222 0.0214285777778 0.0137755164062
2 0.665529633984 0.461479799306 0.0551020652778 0.0387436398437
2 0.507111196094 0.466836945139 0.0198979680556 0.0249681234375
2 0.440816524219 0.469898171528 0.0229591930556 0.0249681234375
2 0.121540224609 0.516863534722 0.186734780556 0.179942683594
2 0.0131537 0.535826127778 0.102551066667 0.0263074
2 0.248820264453 0.555285643056 0.251674225 0.266039660156
2 0.468572041406 0.472194090278 0.0198979666667 0.0266900640625
2 0.532366306641 0.476785927778 0.0413265472222 0.0292729742188
2 0.410969567969 0.476785927083 0.0535714541667 0.04132655
2 0.574553825391 0.469898169444 0.0489796083333 0.0309949117187
2 0.481282102734 0.45612265625 0.0183673541667 0.0146364867188
2 0.385714458203 0.473724703472 0.0229591930556 0.0232461804687
1 0.173121765234 0.291450783333 0.01865285 0.0104922289063
1 0.102299224609 0.399870474306 0.0303108819444 0.0183613992187
