2 0.525463721484 0.373322935417 0.0127559069444 0.00956693203125
2 0.520680255078 0.409464677083 0.0467716652778 0.0191338632813
2 0.512309190234 0.37225994375 0.0106299236111 0.00956693203125
2 0.508123657422 0.397771759722 0.0318897722222 0.00837106484375
2 0.444144801172 0.388204828472 0.0170078791667 0.0119586648438
2 0.459691065625 0.388204828472 0.0170078791667 0.0095669328125
2 0.464474530469 0.407338690972 0.0127559097222 0.014350396875
2 0.446536533594 0.411590660417 0.0212598486111 0.014350396875
2 0.432186136328 0.415842634028 0.0510236375 0.0215255960938
2 0.542803785156 0.412653655556 0.0574015916667 0.03946359375
3 0.497480452734 0.389055225694 0.0297637875 0.00956693203125
2 0.377893805469 0.470905642361 0.150944923611 0.1315453125
2 0.566242775 0.461338710417 0.1105512125 0.0777313203125
2 0.484325921875 0.413504051389 0.0403937111111 0.0287007953125
1 0.373110339453 0.207283522222 0.0786614388889 0.0932775851563
1 0.520799848828 0.333779620139 0.0340157569444 0.0298966617187
1 0.548902710937 0.3348426125 0.0276378027778 0.0287007953125
2 0.875852633203 0.432637915972 0.0829134097222 0.102844516406
2 0.96733641875 0.444330831944 0.0935433333333 0.060989190625
1 0.269069956641 0.375236325 0.0233858333333 0.0119586648438
1 0.39882146875 0.326338672917 0.0148818930556 0.0155462640625
1 0.399419401953 0.338031589583 0.0127559097222 0.0167421304688
2 0.210472499219 0.401811135417 0.0340157569444 0.0382677265625
2 0.249338160156 0.403937120139 0.0212598486111 0.0227214640625
2 0.269069956641 0.406063104861 0.0212598486111 0.0143503976563
2 0.0759375210938 0.662456888889 0.255118180556 0.151875042188
