3 0.565227783984 0.363854095139 0.0408060680556 0.00956392109375
3 0.53031946875 0.362153838889 0.0442065694444 0.0047819609375
3 0.523146526953 0.363003966667 0.045906825 0.00765113828125
2 0.557098450781 0.355352829861 0.0204030347222 0.014345884375
2 0.674352167969 0.349401945833 0.0221032861111 0.0296481578125
2 0.7116514625 0.385107254167 0.0935139027778 0.0736422
2 0.512243663281 0.361303718056 0.0153022805556 0.009563921875
2 0.496941386719 0.364704220833 0.0425063194444 0.0267789828125
2 0.487855661719 0.374905740278 0.042506325 0.027735375
2 0.463372016406 0.379156372222 0.0646096055556 0.0430376484375
2 0.434202053906 0.398709278472 0.0833123847222 0.043994040625
2 0.402641111719 0.414011552778 0.100314916667 0.078424159375
2 0.315322501172 0.449716861806 0.185327551389 0.176932553906
2 0.626118105859 0.393325144444 0.115617188889 0.0956392195312
2 0.784401014063 0.405226916667 0.119017694444 0.138676870313
3 0.96898470625 0.390774768056 0.270340188889 0.0583399234375
2 0.974372380078 0.474370527083 0.187027809722 0.0497323945313
1 0.644608349219 0.29790858125 0.0153022791667 0.01147670625
