2 0.0712882511719 0.445408069444 0.148775480556 0.141543338281
2 0.503479147266 0.414814964583 0.0293877486111 0.0237627507813
1 0.710127396094 0.310408094444 0.0220408083333 0.0103316296875
1 0.665701383594 0.313163198611 0.0165306111111 0.008265303125
0 0.7411222875 0.341938702083 0.0202040763889 0.008265303125
0 0.727174587109 0.341938703472 0.0165306097222 0.00929846796875
2 0.714776626953 0.381428489583 0.0146938763889 0.0113647929687
0 0.759620219531 0.341081561806 0.0165306097222 0.00929846875
2 0.756520730078 0.3732244125 0.014693875 0.00929846796875
2 0.741539864062 0.386999921528 0.0165306097222 0.0123979546875
5 0.586320027344 0.341632580556 0.312244830556 0.144642826563
2 0.69251240625 0.408396579167 0.0305660638889 0.0286556859375
