7 0.117799246094 0.470108192361 0.0998459902778 0.0421225265625
3 0.0253637023437 0.432665946528 0.149768981944 0.0374422453125
3 0.0797719652344 0.432665946528 0.166409979167 0.0409524554688
2 0.212574928906 0.447226819444 0.187211227778 0.135728139063
2 0.367024191406 0.416024948611 0.158089480556 0.0865851921875
2 0.461497108203 0.380116150694 0.0488296430556 0.0344965726562
2 0.56593611875 0.397303825694 0.0873652402778 0.070204209375
2 0.417337207813 0.385863139583 0.0478428680556 0.0257415421875
2 0.323537607422 0.399383950694 0.0499229930556 0.0230134273438
2 0.341867682813 0.370262203472 0.0124807486111 0.01989119375
0 0.371119436719 0.286017151389 0.018721125 0.0081904921875
0 0.586997382422 0.281856902083 0.0270416236111 0.00936056171875
0 0.532589119922 0.332819958333 0.0249614972222 0.00819049140625
1 0.156996596094 0.225693534722 0.0270416222222 0.0175510515625
1 0.586997382422 0.321379274306 0.0145608736111 0.0187211226562
2 0.388085454297 0.36610195625 0.0124807486111 0.0187211226563
0 0.305595507813 0.300578024306 0.0228813736111 0.00585035
1 0.255867525781 0.312018711111 0.0166409972222 0.011700703125
1 0.512697926953 0.332819958333 0.0249614972222 0.0105306320312
3 0.523228557031 0.380662827778 0.0374422444444 0.00585035
3 0.602208294531 0.392103513194 0.0478428708333 0.0117007015625
3 0.304062896875 0.386015352778 0.0539062138889 0.0092285078125
3 0.296811925781 0.386015352778 0.0398437222222 0.0105468671875
