0 0.505026285937 0.488713469444 0.0198895027778 0.006992403125
2 0.491740719922 0.503985770833 0.0149171277778 0.0111878429687
2 0.437899217187 0.518902897222 0.0348066305556 0.0237741703125
2 0.403636442969 0.525118366667 0.0571823194444 0.0531422625
2 0.368674427344 0.526361459722 0.0497237555556 0.019578728125
2 0.216939281641 0.536306211806 0.0994475097222 0.0713225117187
2 0.532995897266 0.506471959028 0.0497237513889 0.0209772101562
2 0.549078424609 0.499013397917 0.0795580097222 0.0195787289063
2 0.563762471094 0.495284113889 0.0969613222222 0.018180246875
2 0.582641958594 0.497770303472 0.136740326389 0.02517265
2 0.614807013281 0.512687428472 0.231215459722 0.06712706875
2 0.313434444531 0.538082046528 0.1243093875 0.113276928125
2 0.470763510547 0.518192545833 0.0497237555556 0.0391574554687
2 0.503627804297 0.511977074306 0.0273480625 0.0209772085937
2 0.106721539844 0.659915622917 0.3736177625 0.213443079687
2 0.91897654375 0.705011802778 0.372928158333 0.158028307812
2 0.809090512109 0.519031022222 0.480038708333 0.374326213281
