2 0.283102524219 0.545911358333 0.0520408416667 0.044770428125
2 0.248233249219 0.554329729167 0.0658163555556 0.0439094578125
2 0.176772757812 0.542850129167 0.116326583333 0.112787040625
2 0.065785921875 0.585707294444 0.140816388889 0.13157184375
2 0.477251208594 0.56657463125 0.0994898402778 0.0955676453125
2 0.542254425781 0.607135872917 0.1408163875 0.118813829688
2 0.660637771094 0.622442002083 0.278571554167 0.264317720313
2 0.334330225391 0.54514605 0.0352040972222 0.0387436398437
0 0.332177800781 0.493105208333 0.0198979666667 0.0172193953125
2 0.399753898047 0.543730573611 0.0373057 0.0288536273437
2 0.37024450625 0.543730573611 0.0373057 0.03016515625
