0 0.439638338281 0.356129800694 0.0155969263889 0.005848846875
0 0.355804864063 0.384724163889 0.0138639361111 0.0058488484375
1 0.348006400391 0.376059204167 0.0173299166667 0.0116976945313
2 0.439150933594 0.398588097917 0.0207959013889 0.0107228859375
2 0.444512377344 0.408119551389 0.025994875 0.01169769375
2 0.452310840625 0.4107190375 0.0242618833333 0.013647309375
2 0.455722667187 0.415918013889 0.0242618833333 0.0107228859375
2 0.464008534766 0.413318528472 0.0398588097222 0.0155969257813
2 0.479118056641 0.42025049375 0.0571887263889 0.0263198132813
2 0.489840942578 0.424582972222 0.0693196666667 0.0243701960937
2 0.542480566797 0.418517502083 0.140372329167 0.0965059773437
2 0.681878088281 0.37865869375 0.0294608597222 0.034118275
2 0.746702809766 0.388190146528 0.0346598347222 0.0370426976563
2 0.869528598438 0.445378873611 0.145571305556 0.214457726563
2 0.400646024609 0.402054080556 0.0207959 0.00974807890625
2 0.407957083594 0.402054081944 0.0173299166667 0.0107228859375
2 0.386511310547 0.393389122917 0.0103979513889 0.0107228851563
2 0.389435733984 0.404653568056 0.0190629083333 0.0107228851563
2 0.378225444141 0.408119551389 0.0225288916667 0.0116976945313
2 0.362141114844 0.400321088889 0.0173299166667 0.0107228859375
2 0.36652775 0.409852542361 0.0225288930556 0.01169769375
2 0.350443421484 0.409852543056 0.036392825 0.0224205804687
2 0.332409475391 0.410719039583 0.0415918013889 0.0214457726563
2 0.316325145703 0.415918013889 0.0485237666667 0.0263198117187
2 0.285131294922 0.412452030556 0.0693196694444 0.0516648164063
2 0.258324078906 0.42284998125 0.0658536847222 0.0526396234375
2 0.184726086719 0.432381436111 0.0953145472222 0.0945563609375
2 0.700399437109 0.509499566667 0.235686872222 0.201785224219
2 0.902672066406 0.612612575 0.417651005556 0.191062339063
2 0.0141347136719 0.461842296528 0.195828065278 0.0282694273437
2 0.0638499136719 0.423716476389 0.0502567611111 0.0302190429688
2 0.425991027734 0.405520063194 0.0277278652778 0.0175465414062
1 0.71209713125 0.373459716667 0.0225288916667 0.0146221171875
3 0.691138762891 0.382991171528 0.0173299180556 0.0136473101563
