2 0.240781690234 0.395390347222 0.0585937083333 0.0276855273438
2 0.201230936328 0.389530977083 0.0468749680556 0.0171386585937
2 0.141245626563 0.415312207639 0.0749999486111 0.0738280734375
2 0.113560098047 0.394218473611 0.037499975 0.0395507539062
2 0.0482107191406 0.398905970139 0.0656249541667 0.0964214382813
2 0.0541433320313 0.431718445833 0.103124927778 0.108286664063
2 0.509067638281 0.4082809625 0.0890624388889 0.0527343390625
2 0.870297859375 0.378984107639 0.110156173611 0.116015545313
2 0.398325528125 0.391874724306 0.0515624625 0.031640603125
2 0.365366566406 0.378984107639 0.0210937347222 0.0158203015625
5 0.460947554688 0.359062245833 0.0234374833333 0.02241209375
5 0.448423149609 0.359062245833 0.0281249805556 0.0105468679688
2 0.450400687109 0.4434371875 0.149999894444 0.0988768851562
