1 0.120465550781 0.449233498611 0.0220888333333 0.04919535625
1 0.600435623828 0.461399175694 0.0156976625 0.0176598710938
1 0.737930336719 0.436731419444 0.0291528027778 0.03784258125
1 0.0813615492187 0.498400811111 0.0179401861111 0.0239669671875
1 0.0826229691406 0.438973942361 0.0426079430556 0.0264898070312
1 0.527273299609 0.430003849306 0.0156976625 0.0403654195312
1 0.597912783984 0.477096844444 0.0156976611111 0.0201827101563
1 0.751805948828 0.3582431 0.0381228972222 0.0227055492187
0 0.0775772929688 0.545493804167 0.0224252388889 0.0138756125
0 0.06874735625 0.547736325694 0.0269102819444 0.0189212921875
0 0.609896269531 0.51185595 0.0269102805556 0.0189212921875
0 0.758743754687 0.482703146528 0.0313953263889 0.0214441296875
1 0.664137302344 0.553342633333 0.0426079416667 0.018921290625
6 0.0227055492187 0.622860860417 0.100913551389 0.03531974375
7 0.0239669683594 0.654256183333 0.0919434583333 0.0378425820313
3 0.638278205078 0.578010393056 0.0717607472222 0.0176598710937
3 0.809831241797 0.57240408125 0.145764015278 0.0327969039063
3 0.779557175 0.568928165972 0.132308879167 0.030274065625
6 0.0693780660156 0.619384938889 0.0448504666667 0.0126141960937
7 0.0687473570312 0.6406889125 0.0336378527778 0.0239669671875
0 0.157046713281 0.435049529861 0.0493355125 0.011352775
0 0.167138067188 0.433928264583 0.0426079430556 0.008829934375
2 0.193627875781 0.614227161111 0.0560630805556 0.04667251875
2 0.35761239375 0.589559405556 0.0605481305556 0.04919535625
2 0.514659105469 0.581710575694 0.0448504708333 0.01513703125
4 0.251863408203 0.555398291667 0.0941859805556 0.0731623242187
2 0.26805161875 0.608471354167 0.156976633333 0.109743485937
2 0.54241033125 0.584625842361 0.0569601125 0.0504567734375
2 0.435820396484 0.622300225694 0.282557940278 0.150108907031
0 0.46786045625 0.428097725694 0.0336378541667 0.0088299359375
8 0.307155619531 0.546951464583 0.0201827152778 0.0088299359375
1 0.853665564453 0.427761325694 0.0201827097222 0.0151370320313
1 0.753950376172 0.403429951389 0.0470929916667 0.0391039992187
5 0.480600782031 0.545830202778 0.116611213889 0.055502453125
