2 0.557469566016 0.543938304861 0.0897899902778 0.0531651242188
2 0.587153427734 0.569142510417 0.127596301389 0.0859502851562
2 0.480823178125 0.555752777778 0.217386291667 0.117849360937
2 0.370948585156 0.536377040972 0.155951034722 0.094811140625
2 0.722672802344 0.571032829167 0.29142365 0.2382535875
5 0.514499172656 0.466952959028 0.0850642041667 0.0593677234375
0 0.437430835937 0.446324513889 0.0220536833333 0.0088608546875
3 0.188243911328 0.5055828375 0.0929405138889 0.0212660492187
3 0.1470409375 0.51267151875 0.100816829167 0.02392430625
0 0.562368887109 0.462339683333 0.0236289444444 0.0106330226562
2 0.866166944922 0.687602289583 0.593874143056 0.257850857031
1 0.411143637109 0.445799424306 0.0126021041667 0.0186077960938
1 0.274715260937 0.431470882639 0.0211764847222 0.0104228015625
