2 0.312454364453 0.56952583125 0.0782608902778 0.0590291648438
2 0.261429155469 0.547292623611 0.0622529805556 0.0250123578125
2 0.234916055859 0.549960608333 0.0818182027778 0.0580286710938
2 0.1938957875 0.557964563194 0.0871541736111 0.0460227375
2 0.127863162891 0.55440725 0.122727305556 0.114056352344
2 0.020410078125 0.561521875694 0.115612676389 0.04082015625
2 0.419007009766 0.574861800694 0.0391304458333 0.0200098867188
2 0.435515167969 0.587312394444 0.0426877583333 0.0290143359375
2 0.461027771875 0.588201724306 0.0622529791667 0.03201581875
2 0.484539388672 0.597095008333 0.0942688 0.0410202679688
2 0.509551747266 0.607766947917 0.112055365278 0.0630311429687
2 0.573583382422 0.625553513194 0.154743123611 0.125061789844
2 0.701646657813 0.6931424625 0.247233263889 0.2491230875
1 0.584088574609 0.491264939583 0.0675889486111 0.0280138414062
1 0.440971275781 0.547292623611 0.0302371611111 0.0141001390625
0 0.405500337891 0.549071280556 0.0231225361111 0.00900444921875
