2 0.0670495121094 0.8780548875 0.23701385 0.134099024219
5 0.797577335156 0.497587076389 0.906467822222 0.402297071875
2 0.207775523437 0.802515091667 0.199589247222 0.189453853125
2 0.42451696875 0.738757414583 0.0803901125 0.0506769578125
2 0.452974028516 0.720045921528 0.0790040763889 0.0452194382813
2 0.474414280078 0.715887813194 0.0623716402778 0.0304061726562
2 0.491176658594 0.715887813194 0.0485112736111 0.0187114921875
2 0.505210277344 0.704799523611 0.0429671277778 0.01403361875
2 0.516125314062 0.697869340278 0.0429671277778 0.0233893640625
2 0.531328401172 0.7006414125 0.0318788388889 0.0116946820313
2 0.541073970312 0.697869340972 0.0207905486111 0.0202707828125
2 0.551209361328 0.692325195833 0.0263346916667 0.0109150367187
2 0.560175284375 0.689553122222 0.0263346916667 0.0116946828125
2 0.571090321484 0.684701994444 0.0221765833333 0.0132539726563
2 0.580056244141 0.681929922222 0.0166324388889 0.0124743273437
2 0.603055786328 0.671534647222 0.0152464 0.00701681015625
2 0.595259331641 0.673613703472 0.0110882930556 0.00701681015625
3 0.0495074890625 0.743608541667 0.048511275 0.0194911359375
2 0.369551961328 0.761627014583 0.101180659722 0.0904388773437
