0 0.334104762109 0.484224425 0.0291367138889 0.0136578351563
0 0.442684548438 0.257894606944 0.0364208916667 0.0204867515625
1 0.620919292187 0.532265332639 0.0655576097222 0.013657834375
1 0.618870616016 0.246621467361 0.0485611930556 0.0232183179687
1 0.607261457031 0.302466836111 0.0242805944444 0.0191209703125
1 0.633894233984 0.313393103472 0.0461331291667 0.0259498851562
1 0.0206574539062 0.512493984722 0.143255511111 0.0396077203125
1 0.0117798609375 0.614472483333 0.05098925 0.021852534375
1 0.0110969695313 0.676388002083 0.0582734291667 0.0204867515625
0 0.335333898437 0.372593221528 0.0346598347222 0.01169769375
