2 0.187163105469 0.646405913194 0.0485237708333 0.0506900078125
2 0.300240816797 0.639473945139 0.0381258152778 0.0448411601563
2 0.602431248438 0.622144030556 0.0277278666667 0.0233953875
2 0.255887058594 0.645539417361 0.0363928263889 0.0419167375
2 0.229567248047 0.648224897917 0.0417637875 0.0282694273437
0 0.1257502125 0.564955301389 0.0242618833333 0.0077984640625
0 0.564901145703 0.392522624306 0.0571887263889 0.0126725023437
0 0.386998714844 0.499101618056 0.0346598361111 0.0077984640625
0 0.528345852344 0.570154277778 0.0207959 0.0077984625
0 0.581960284375 0.565821796528 0.0259948736111 0.0058488484375
0 0.553690856641 0.396855104861 0.0519897513889 0.0136473101563
0 0.575624033203 0.395122113889 0.0485237694444 0.0126725023438
1 0.0121850980469 0.529428972222 0.0190629083333 0.0204709648438
1 0.0126725019531 0.56408880625 0.0259948763889 0.0136473085937
1 0.0146221175781 0.582285220833 0.0173299194444 0.00779846328125
1 0.267584753516 0.564955301389 0.0311938472222 0.0126725023437
1 0.660919719531 0.38732365 0.0294608583333 0.0643373171875
1 0.778871469141 0.414185022917 0.0381258180556 0.0233953882813
1 0.798855030469 0.474839732639 0.0207959013889 0.034118275
0 0.798367625 0.55109136875 0.0277278680556 0.0194961546875
0 0.594632785547 0.561489320833 0.0138639333333 0.0175465398437
3 0.743778386328 0.628209502778 0.0849165972222 0.0214457726562
