0 0.085852671875 0.234346659722 0.0846299055556 0.01720638125
0 0.268240311328 0.0987348826389 0.0805513569444 0.0183534726562
0 0.0769627085938 0.3047016375 0.0377265833333 0.016632834375
0 0.103059054297 0.308270369444 0.0387462222222 0.0172063804688
0 0.618676942188 0.265955418056 0.0581193333333 0.01376510625
0 0.618963714062 0.318976561806 0.0336480347222 0.0223682953125
2 0.0136754878906 0.432156313194 0.107061926389 0.0273509757812
1 0.095495415625 0.126944854861 0.0560800569444 0.025236025
1 0.196726291797 0.113689570139 0.0397658625 0.0831641757812
0 0.24605125 0.0994146465278 0.0723942541667 0.0212212015625
1 0.0960689617187 0.368598921528 0.0601586069444 0.0263831171875
3 0.946481292578 0.439339161806 0.0907477291667 0.0235153867188
3 0.990070790625 0.436280248611 0.11317975 0.01892701875
3 0.637116442969 0.427365481944 0.0267853944444 0.0074560984375
3 0.645035415234 0.425973439583 0.0316087569444 0.00917673671875
2 0.0629395097656 0.418051334722 0.0407854972222 0.0412953148438
2 0.079285571875 0.422639702778 0.0316087611111 0.025809571875
2 0.108441169531 0.427155241667 0.0193731138889 0.0200741109375
2 0.145148115625 0.427665061111 0.01223565 0.008603190625
2 0.156332263281 0.428174880556 0.0173338361111 0.014912196875
2 0.177553466016 0.426135604861 0.0132552847222 0.0183534726563
2 0.631720002344 0.427155242361 0.0214123875 0.036706946875
2 0.320612235156 0.427058141667 0.0173338361111 0.0160592875
2 0.331222837109 0.425528684722 0.0203927472222 0.0120444679688
2 0.411328112109 0.421959956944 0.0336480361111 0.0177799273438
2 0.430295746875 0.424678979861 0.0520015097222 0.03154503125
2 0.383551746875 0.4358949875 0.0683157055556 0.047030775
2 0.343977068359 0.429267346528 0.0346676736111 0.0229418414063
1 0.291784379297 0.387870066667 0.0081571 0.0103238289062
1 0.304975937891 0.387870065972 0.0122356486111 0.00458836796875
