1 0.229567246875 0.360808872222 0.0207959 0.034118275
1 0.809090512891 0.367740840278 0.0207959 0.0311938523438
1 0.595120188672 0.423196575 0.00693196944444 0.0107228867187
1 0.589271342187 0.430995038889 0.00866495833333 0.0126725015625
1 0.444999782031 0.437927002778 0.00519897777778 0.0107228875
1 0.439150933203 0.431861534722 0.00346598611111 0.00877326953125
0 0.7223326125 0.230834493056 0.0658536861111 0.017546540625
0 0.550279028125 0.406733153472 0.0155969263889 0.0048740390625
0 0.481555075391 0.403267170833 0.0190629083333 0.00584884609375
0 0.297803798047 0.0391656111111 0.0783312222222 0.0380175070312
0 0.330459860547 0.0374326194444 0.0748652388889 0.0292442367187
0 0.798367626172 0.398068194444 0.0190629083333 0.0136473085938
0 0.438663529687 0.450057945139 0.00866495972222 0.0077984625
0 0.21348291875 0.405000163194 0.0363928263889 0.0214457734375
0 0.740853962891 0.234300472917 0.0589217180556 0.0155969257813
2 0.455722667187 0.475186325694 0.0277278680556 0.012672503125
2 0.444999782812 0.481251795139 0.0294608597222 0.0263198125
2 0.431839876172 0.4881837625 0.0294608583333 0.0194961585937
2 0.419167373437 0.489050259028 0.0450577875 0.0253450046875
2 0.396259390234 0.489050257639 0.0693196680556 0.0380175054688
2 0.367015155078 0.506380175694 0.0623877013889 0.0477655851562
3 0.375301020703 0.500314704861 0.0710526597222 0.0194961570313
3 0.287080909766 0.498581713889 0.0953145444444 0.0224205804687
2 0.521034793359 0.494249234722 0.0589217194444 0.0282694273438
2 0.617053366016 0.481251795833 0.0398588083333 0.0350930835937
2 0.322661396875 0.51331214375 0.0797176208333 0.0701861640625
2 0.57074999375 0.578299332639 0.223555934722 0.151095215625
2 0.666768566406 0.486450773611 0.1265084 0.0818838578125
3 0.239802729687 0.491649749306 0.0849165958333 0.01169769375
3 0.786669931641 0.50031470625 0.0953145458333 0.0175465414062
3 0.818351187109 0.493382738194 0.0987805291667 0.0185213492187
3 0.809090510938 0.474319829861 0.0710526597222 0.015596925
3 0.772535217188 0.495115728472 0.119576429167 0.0224205796875
3 0.854906480469 0.489916755556 0.0641206944444 0.0136473109375
3 0.956773901172 0.554903947917 0.242618840278 0.0458159695312
2 0.477655843359 0.473453333333 0.0381258194444 0.0233953882813
