0 0.383334996094 0.127512907639 0.0494845430556 0.013917528125
0 0.555564405859 0.279059324306 0.0226804152778 0.0127577335937
0 0.465100472656 0.339884077778 0.0206185611111 0.0081185578125
0 0.432626240625 0.336791292361 0.0185567041667 0.0057989703125
0 0.40537108125 0.335760364583 0.0164948486111 0.0092783515625
1 0.541646877344 0.236791276389 0.0536082555556 0.017396909375
1 0.454639249609 0.334315224306 0.0164948458333 0.00927835234375
3 0.643128853125 0.360502636806 0.0865979513889 0.0185567046875
2 0.277190766797 0.3814433625 0.0185567027778 0.0139175289062
2 0.265012929688 0.385567074306 0.0185567041667 0.015077321875
2 0.251095401953 0.389690786111 0.0226804166667 0.0197164992188
2 0.237757770703 0.388659857639 0.0206185597222 0.0115979398438
2 0.223260346484 0.392783570139 0.0206185597222 0.0197164992188
2 0.206443332812 0.395876355556 0.0226804166667 0.013917528125
2 0.186146937891 0.39690728125 0.0288659819444 0.0289948507813
2 0.15367270625 0.40309285 0.0247422722222 0.040592790625
2 0.126417547266 0.404123777778 0.0226804166667 0.0231958804687
2 0.102061872656 0.411340274306 0.0329896958333 0.03247423125
2 0.0655283609375 0.410996620833 0.0494845444444 0.042912378125
2 0.0266277320313 0.412415476389 0.0405009388889 0.0259294625
7 0.437981705078 0.373608310417 0.0206185597222 0.00811855703125
6 0.437401808594 0.364329950694 0.0226804152778 0.0069587640625
2 0.394489430859 0.370515519444 0.0226804166667 0.0231958804687
2 0.362015198047 0.382886655556 0.0268041305556 0.0231958804687
2 0.302126338672 0.379381504861 0.0226804180556 0.0289948507812
