0 0.921540967969 0.296611794444 0.0609856 0.0374229828125
0 0.955455548047 0.29869085 0.0457392027778 0.0304061742187
2 0.242957014063 0.552632524306 0.0582135291667 0.026507946875
2 0.219957471094 0.559562705556 0.0831621861111 0.0335247546875
2 0.179805728906 0.571344015972 0.0873202958333 0.0608123484375
2 0.264007453906 0.545009323611 0.0318788361111 0.0202707828125
2 0.281159655469 0.546395361111 0.0263346916667 0.012474328125
2 0.356840953906 0.526990852083 0.0152464013889 0.0116946828125
2 0.343976803516 0.529069905556 0.0166324388889 0.0109150367188
2 0.331035943359 0.535423627083 0.0305084680556 0.0188771148438
2 0.391145355078 0.523525761111 0.0221765861111 0.0101353898438
2 0.443771426563 0.527683869444 0.0221765833333 0.012474328125
2 0.460143982031 0.536693104861 0.0318788375 0.023389365625
2 0.482753701172 0.533921034028 0.0568274958333 0.0233893648437
2 0.499126255859 0.535307069444 0.0762320027778 0.0343044007812
2 0.524854556641 0.546395361806 0.0984085875 0.0296265273438
2 0.544345694922 0.558176671528 0.105338770833 0.0452194382813
2 0.607051470313 0.566492889583 0.155236079167 0.104472495312
2 0.709574850391 0.598241517361 0.183217226389 0.186335272656
2 0.084988971875 0.655622301389 0.310472161111 0.16997794375
0 0.880624807422 0.0492178277778 0.0984356555556 0.0272875929687
2 0.440843047266 0.715375923611 0.0167796555556 0.00257415234375
2 0.414243476953 0.546816633333 0.0762711722222 0.0471927867187
1 0.339444849609 0.48279651875 0.00762711805556 0.0205932164062
1 0.317564557422 0.494999905556 0.0137288111111 0.00772245703125
1 0.299116467578 0.508728716667 0.0167796555556 0.00858050703125
2 0.293539138281 0.547627014583 0.0152542347222 0.011154659375
1 0.433916241406 0.485847363889 0.00762711666667 0.0163029625
1 0.494237194141 0.449237202083 0.0350847375 0.00686440546875
1 0.161656744141 0.469677880556 0.0228813527778 0.0377542304687
2 0.378657757031 0.53313549375 0.0228813513889 0.0094385578125
0 0.395389744531 0.500338890278 0.0152542361111 0.0068644046875
0 0.354203312109 0.486610077083 0.0152542347222 0.00858050703125
0 0.419844189844 0.4881355 0.0122033888889 0.0077224546875
