2 0.0142769859375 0.383121097917 0.0762457930556 0.018921290625
2 0.00556171914063 0.405546327778 0.0897009333333 0.0111234382813
2 0.124339909766 0.386995457639 0.0448504625 0.0100913554687
2 0.142960855859 0.394684104167 0.0448504638889 0.0302740648437
2 0.145483694531 0.392441584028 0.0448504680556 0.0302740640625
2 0.157467178906 0.400290415278 0.0605481305556 0.031535484375
2 0.371908472656 0.477657468056 0.183886911111 0.160200260938
2 0.590764734766 0.521386675694 0.361046256944 0.380948650781
2 0.832938162891 0.589942905556 0.43729205 0.331753296094
5 0.243793932031 0.374562715972 0.262375226389 0.16146168125
1 0.553989660547 0.188860107639 0.0419689125 0.0340997414063
