2 0.0395703527344 0.559756328472 0.1802311375 0.0787781648437
2 0.0623877023437 0.526829484028 0.159435240278 0.124775404687
2 0.0789594351563 0.507766575 0.187163108333 0.157918870313
2 0.119901364453 0.493902641667 0.149037288889 0.169616564844
2 0.164255122656 0.493902642361 0.1074454875 0.119901364063
2 0.202760031641 0.505167088889 0.0675866777778 0.0721357804688
2 0.217382149609 0.493036144444 0.0675866777778 0.0721357804687
2 0.223718401563 0.488703666667 0.0831836055556 0.0945563609375
2 0.249550808984 0.478305716667 0.0762516361111 0.0682365492187
2 0.276845427344 0.481771698611 0.0554557361111 0.0370426984375
2 0.284643890234 0.482638196528 0.0433247930556 0.0428915445312
2 0.427453241016 0.470507253472 0.0363928263889 0.0243701960937
2 0.458647090625 0.473106740972 0.0589217180556 0.043866353125
2 0.474393641016 0.473106739583 0.0519897513889 0.0572144164063
2 0.49081575 0.47743921875 0.0467907763889 0.0438663515625
2 0.504463060547 0.476572724306 0.0519897513889 0.0477655835938
2 0.5327324875 0.480905204167 0.0606547111111 0.0497152
2 0.558564894922 0.483504690278 0.0727856527778 0.0487403929687
2 0.567338166406 0.493902640972 0.0935815541667 0.0545892390625
2 0.597557209766 0.489570163889 0.105712494444 0.0682365492188
2 0.621440001172 0.486104179167 0.119576427778 0.0516648148438
2 0.712584535156 0.494769138194 0.157702245833 0.167666948437
2 0.749139828906 0.514698543056 0.149037288889 0.154994448438
2 0.848082825391 0.532028461111 0.190629088889 0.235903497656
2 0.908680385937 0.550224872917 0.199294048611 0.181633207812
2 0.331922071875 0.474839733333 0.0277278666667 0.020470965625
2 0.358241883594 0.474839733333 0.0242618861111 0.020470965625
2 0.385049098438 0.47743921875 0.0225288930556 0.0214457734375
6 0.311451107422 0.467907764583 0.0277278680556 0.0107228867187
8 0.312425914844 0.486970675 0.03119385 0.0107228875
