2 0.0944097617188 0.381031897222 0.279226844444 0.187112335938
2 0.939697970313 0.452659652083 0.388489520833 0.1185596375
2 0.934734425 0.274197278472 0.240377890278 0.130485082812
3 0.881783935547 0.207425641667 0.0971223805556 0.0191209679687
3 0.757497639453 0.252344743056 0.070413725 0.0245841023437
7 0.757497638672 0.270555189583 0.0534173097222 0.0518997710937
3 0.684428223047 0.203783554167 0.0169964166667 0.0150236179688
2 0.494584319922 0.291193695139 0.206385056944 0.129749430469
2 0.633211342578 0.266913101389 0.143255511111 0.103799544531
2 0.334787653906 0.276625338889 0.0752698444444 0.0559971234375
2 0.221427624609 0.306976081944 0.0631295472222 0.0696549585937
2 0.282204989453 0.269341159722 0.0364208916667 0.0464366382813
2 0.379175616406 0.255986831944 0.0582734277778 0.0382419375
2 0.423563578906 0.249916683333 0.0461331305556 0.028681453125
2 0.401711042578 0.252344742361 0.0315647736111 0.0177551851562
2 0.579749490234 0.247830815278 0.0905225833333 0.0351177773437
2 0.558093251562 0.234134296528 0.0485611902778 0.013657834375
2 0.547849875391 0.219565939583 0.0339928319444 0.00956048359375
2 0.697403165625 0.251130713194 0.0728417847222 0.0464366375
1 0.566287952344 0.143082065278 0.00728417777778 0.01912096875
1 0.765692339844 0.11394535 0.0412770111111 0.01912096875
1 0.308837767188 0.195285344444 0.00971223888889 0.0122920515625
1 0.312935117969 0.212281761111 0.00971223888889 0.0122920515625
0 0.304740417578 0.230492206944 0.0121402972222 0.0122920507812
0 0.540338066406 0.139439974306 0.0242805958333 0.005463134375
0 0.383272966797 0.163720571528 0.0242805930556 0.00546313359375
0 0.390784775391 0.168576690278 0.0291367138889 0.00682891796875
0 0.618187724219 0.184359077778 0.0121402972222 0.013657834375
1 0.0127188484375 0.0187307375 0.037461475 0.025437696875
