2 0.297803797656 0.657670361111 0.507766575 0.359704095313
2 0.687239532031 0.584884709028 0.504300593056 0.419167373437
2 0.946538417578 0.661136341667 0.247817816667 0.105279247656
2 0.943286064453 0.538960427083 0.124775404167 0.112421850781
4 0.495202385156 0.495635633333 0.211424991667 0.130624251562
2 0.0170591375 0.560622822917 0.0502567597222 0.034118275
2 0.0409419292969 0.552824360417 0.0450577847222 0.0311938507812
2 0.0657995296875 0.551091368056 0.0415918 0.0263198109375
5 0.132086462891 0.519897516667 0.107445488889 0.0692113570313
0 0.208608878125 0.419383997917 0.0173299180556 0.0077984625
0 0.424528817578 0.405520065278 0.0277278666667 0.00487403984375
2 0.0852956863281 0.540693419444 0.0277278666667 0.0263198117187
1 0.0784720320312 0.474839731944 0.0138639333333 0.00682365625
1 0.0770098195312 0.487837170139 0.0155969263889 0.0136473109375
