2 0.517256992969 0.424921373611 0.0148351611111 0.013113221875
2 0.5059319375 0.441875843056 0.0233123944444 0.023842221875
2 0.493414771094 0.460949619444 0.0233123944444 0.01549744375
2 0.460274097266 0.472605817361 0.0593406402778 0.0298027773437
2 0.440604264844 0.480023397222 0.0699371833333 0.02622644375
2 0.413781765234 0.478963743056 0.0932495777778 0.0584134429687
2 0.534781040234 0.415384484722 0.0169544694444 0.00953688828125
2 0.544317928906 0.424921373611 0.0148351611111 0.0143053328125
2 0.546106095312 0.436577570833 0.0254317027778 0.013113221875
2 0.549682428906 0.446114459722 0.0233123944444 0.013113221875
2 0.322108411719 0.514991988889 0.161067452778 0.126363775
2 0.190737773828 0.565855395139 0.279748734722 0.233653772656
4 0.468142019922 0.429159990972 0.0996075041667 0.0560292210937
4 0.581273372656 0.441875842361 0.1080847375 0.0596055546875
2 0.0453002210937 0.592169144444 0.429864427778 0.0906004421875
2 0.847233363281 0.572213320833 0.2712715 0.303988326563
