2 0.0722639542969 0.489175630556 0.0977657916667 0.0883402320312
2 0.131937487891 0.46109396875 0.1040061625 0.0684490539062
2 0.297794810547 0.43561245625 0.0384822791667 0.0222313164062
2 0.281706357422 0.43717255 0.0499229555556 0.0204762132813
2 0.398420769531 0.419491502778 0.0499229555556 0.021061246875
2 0.369754071484 0.428332022917 0.0239214125 0.0163809695312
2 0.317393470703 0.437692580556 0.0343220305556 0.0193061429687
2 0.260352592969 0.435092425694 0.0728043125 0.017551040625
2 0.482665759375 0.408050827083 0.0915254208333 0.047972840625
2 0.604938 0.407010765278 0.187211086111 0.11934706875
2 0.542339292969 0.40285051875 0.0956856680556 0.02925173125
2 0.520400492969 0.379969163889 0.0166409861111 0.02164628125
2 0.508114765234 0.43041215 0.0946456055556 0.0672789851563
2 0.628046867969 0.468894428472 0.204892134722 0.082489884375
1 0.620148900391 0.281163310417 0.0603235708333 0.0327619398438
4 0.820224651563 0.425451997222 0.699481144444 0.358029007813
2 0.345696968359 0.427985347222 0.0322419111111 0.0157959351562
