1 0.559246419141 0.335544790972 0.0127962013889 0.0107967945312
1 0.552648378906 0.352606390972 0.0127962013889 0.0191943
1 0.544250873438 0.374999739583 0.0149288986111 0.014395725
1 0.624027183203 0.317416840972 0.0319905041667 0.0155953679687
2 0.398003713281 0.441977629167 0.0891690777778 0.05736414375
2 0.36490413125 0.417653740972 0.0277250986111 0.0227932328125
2 0.324116242969 0.427250890972 0.0255924013889 0.01799465625
2 0.303122478516 0.430449940278 0.0319905 0.0239928757813
2 0.276730317969 0.433648990278 0.0383886 0.0263921625
2 0.245539578125 0.434715339583 0.0362559013889 0.0311907375
2 0.187956678906 0.453909640972 0.0362559013889 0.0359893125
2 0.151967365625 0.451776940972 0.0490520986111 0.0383886
5 0.45375590625 0.410189291667 0.0810426 0.0370326828125
2 0.529855147656 0.432582638889 0.0661137 0.0479857515625
2 0.806266846484 0.469904888889 0.2090046 0.217347892969
2 0.971866121484 0.528554140972 0.206871901389 0.0562677570313
1 0.346909547656 0.377577865278 0.0210937361111 0.0105468671875
