2 0.0856688808594 0.631417499306 0.327401665278 0.168617172656
2 0.195688596094 0.549567081944 0.184960683333 0.125565979687
2 0.114967609375 0.520866286806 0.136063031944 0.0813189203125
2 0.332017374609 0.551693066667 0.0616535583333 0.0370718601562
2 0.4599750875 0.562322988889 0.0701575 0.053813990625
2 0.490469682031 0.567637954167 0.0552756055556 0.0191338640625
2 0.513191144922 0.564448974306 0.0361417430556 0.0191338632813
2 0.528139475391 0.56551196875 0.0510236347222 0.0203297304687
2 0.543685740234 0.569763938889 0.059527575 0.0275049289063
2 0.577170000781 0.58464583125 0.0977953041667 0.0753395875
2 0.770302435938 0.683504127083 0.4613387125 0.411378067187
1 0.967022471484 0.427322954861 0.123307120833 0.0322883945312
1 0.803786698047 0.4347639 0.0318897722222 0.0382677273437
1 0.229770791016 0.359291438194 0.0212598486111 0.0717519882813
0 0.298533112109 0.343346552778 0.0446456833333 0.0298966617187
0 0.500036613672 0.412441057639 0.0340157569444 0.0119586648438
0 0.0414218222656 0.389055225694 0.0382677263889 0.0298966617188
1 0.0778957488281 0.315708748611 0.0276378027778 0.0287007960938
1 0.0940399460938 0.238110302083 0.0765354541667 0.0227214625
2 0.390016898047 0.564448975694 0.150944923611 0.0861023851562
5 0.394800363281 0.475157611111 0.0233858333333 0.047834659375
0 0.452201954687 0.502795415278 0.0233858333333 0.00956693125
0 0.327831841797 0.505984390972 0.0170078791667 0.00956693203125
0 0.177152665625 0.434763899306 0.0403937125 0.031092528125
1 0.631581925391 0.475157611111 0.0233858333333 0.0239173289062
1 0.625004660547 0.496417460417 0.0148818930556 0.0275049289062
4 0.251296387109 0.518740301389 0.0680315138889 0.0861023851562
