2 0.229661744141 0.349615891667 0.0312688805556 0.0282949367187
2 0.262545051953 0.353014681944 0.0353474305556 0.0282949382812
2 0.186072246484 0.367289604861 0.0856495402778 0.0527662367187
2 0.0858928726562 0.374766946528 0.160422951389 0.1598281625
2 0.388342816016 0.357093231944 0.0516616277778 0.0321185789062
2 0.490434010547 0.377485978472 0.0679758263889 0.0527662351563
2 0.34207676875 0.357093232639 0.0462235625 0.02982439375
2 0.428873401953 0.378845495139 0.116918420833 0.0810611726562
1 0.564230266797 0.269404413889 0.0176737138889 0.0260007523438
1 0.569201000391 0.109228654861 0.0503021125 0.0145298335938
1 0.580289555859 0.1704069 0.0176737138889 0.0229418429687
1 0.577613007422 0.181283031944 0.0176737138889 0.0175887460938
0 0.370383281641 0.246299079861 0.0258308125 0.0137651039062
0 0.462521436328 0.263410191667 0.0299093638889 0.0137651039062
0 0.161218583594 0.16960355 0.0570996944444 0.029059665625
0 0.116481993359 0.164165484028 0.0598187263889 0.0328833070312
1 0.142100382422 0.0392135534722 0.0761329263889 0.0718844367187
2 0.685265855859 0.476730686806 0.233836843056 0.185064188281
2 0.899598266406 0.417838909722 0.107401805556 0.100944103125
1 0.564140914844 0.233575673611 0.0483962694444 0.0286556859375
