4 0.444264394922 0.470905640972 0.112677195833 0.0538139914062
4 0.501785579297 0.482598559028 0.0892913625 0.0540531789063
2 0.432903662891 0.496417460417 0.146692954167 0.0621850554687
2 0.241565028125 0.527244240278 0.148818938889 0.074143721875
2 0.342615744922 0.546378104167 0.314645755556 0.180575836719
4 0.0472367257813 0.503858408333 0.259370152778 0.0944734515625
3 0.165029573047 0.530220639583 0.0680315125 0.0143503976563
1 0.160844040234 0.423070984028 0.0127559097222 0.0179379960937
0 0.160844041406 0.44433083125 0.0255118180556 0.0083710671875
0 0.154266775781 0.4751576125 0.0191338638889 0.0167421328125
1 0.2296063625 0.382677272222 0.0170078805556 0.0358759953125
0 0.453831326562 0.362480415972 0.0318897708333 0.0107627984375
0 0.443068528516 0.366732384028 0.0276378013889 0.00837106640625
1 0.492099053906 0.362480415278 0.0233858333333 0.017937996875
1 0.545913044922 0.387992233333 0.010629925 0.0107627976563
1 0.547108910938 0.424133977083 0.0106299263889 0.0107627984375
1 0.638114357422 0.347598521528 0.0446456819444 0.0167421304688
1 0.638712291016 0.395433180556 0.0510236361111 0.0155462648438
3 0.809721196484 0.502795414583 0.150944923611 0.0298966617187
7 0.918305894531 0.507047383333 0.125433105556 0.104040382812
1 0.510276238281 0.430511930556 0.0191338638889 0.010762796875
3 0.532758513672 0.4889765125 0.02125985 0.00597933203125
3 0.571624174609 0.493228482639 0.0212598486111 0.00717519921875
3 0.560861375781 0.494291475694 0.0361417430556 0.00956693125
3 0.548304779297 0.493228483333 0.0382677277778 0.00837106640625
