1 0.426417144531 0.390521125 0.0305891222222 0.036706946875
0 0.704586972266 0.0367069472222 0.0693353416667 0.0493249601562
0 0.652164850391 0.0418051333333 0.0795317138889 0.0458836835938
0 0.477806855859 0.529191809722 0.0632175194444 0.0527662367187
0 0.870112344922 0.575075493056 0.0285498472222 0.0229418414063
2 0.355297435547 0.642371563194 0.0693353430556 0.0963557351563
2 0.548926563672 0.676019594444 0.0917673611111 0.137651049219
2 0.891864098437 0.653733246528 0.0244712958333 0.019500565625
2 0.907349841016 0.656792161806 0.0346676791667 0.0229418429688
2 0.932012320703 0.662909985417 0.0509818736111 0.0286773023438
2 0.956674799219 0.672086721528 0.0570996958333 0.0275302078125
2 0.980763734375 0.674125996528 0.0815709902778 0.0367069484375
2 0.767978152734 0.729477746528 0.146827784722 0.113562116406
