0 0.350060866406 0.374959922917 0.0177485569444 0.0074876734375
0 0.527785722656 0.383279558333 0.0277321194444 0.01519006875
0 0.465807801172 0.467585202778 0.0144207027778 0.00561575390625
0 0.446464647656 0.45538306875 0.0122021347222 0.009359590625
0 0.536628700781 0.464811990278 0.00887427777778 0.008735615625
0 0.559715691406 0.494762680556 0.0133114194444 0.01123150625
0 0.348812921094 0.452055214583 0.0122021347222 0.0074876734375
0 0.587482474219 0.466475919444 0.016639275 0.00811164375
0 0.370339980078 0.483115192361 0.0166392708333 0.00811164609375
4 0.416513958984 0.4869976875 0.0599013777778 0.0305746617188
2 0.398593757031 0.494741014583 0.0199671236111 0.017471234375
2 0.382605751172 0.48974923125 0.0255135513889 0.0143513710937
2 0.372934175781 0.49529565625 0.0188578402778 0.012479453125
2 0.447810899219 0.500287436111 0.0377156833333 0.0237109609375
2 0.497728713672 0.509716358333 0.0476992444444 0.0299506898438
2 0.32395231875 0.514153497222 0.0809777861111 0.0305746609375
2 0.304297178906 0.500287441667 0.0953984944444 0.0324465796875
2 0.284330053516 0.50306065 0.0965077777778 0.0436780882813
2 0.268418747656 0.5058338625 0.102054202778 0.046797953125
2 0.235972169922 0.509716358333 0.120912041667 0.0467979523438
2 0.199157780859 0.518775520833 0.117584188889 0.0605253507813
2 0.114710228125 0.541700739583 0.275842154167 0.22942045625
