2 0.407192534375 0.381614279167 0.0233858333333 0.01315453125
2 0.391048336719 0.383740263889 0.053149625 0.0263090625
2 0.375502073437 0.390118220139 0.0488976513889 0.0239173296875
2 0.359357875781 0.396496172917 0.0659055291667 0.0298966625
2 0.3312550125 0.395433179861 0.102047270833 0.0597933234375
2 0.294183151953 0.419882005556 0.112677194444 0.0478346585938
2 0.212266299219 0.418819013889 0.221102422222 0.171008904688
2 0.106432116016 0.467716666667 0.399685152778 0.212864232031
2 0.433501596484 0.378425300694 0.0085039375 0.0107627976563
2 0.446656127734 0.377362309028 0.0233858291667 0.0131545289063
2 0.454429259375 0.378425303472 0.0255118180556 0.00956693125
2 0.462202392578 0.382677270833 0.0340157527778 0.0107627976563
2 0.474161056641 0.383740263889 0.0403937111111 0.0155462648438
2 0.524985381641 0.401811134722 0.0722834805556 0.0239173289062
2 0.499274252344 0.398622156944 0.0914173444444 0.060989190625
2 0.555479976953 0.407126095833 0.129685075 0.0538139898438
2 0.612881567969 0.416693028472 0.195590604167 0.120782515625
2 0.750064534766 0.435599109028 0.317227306944 0.258819671094
2 0.883346698438 0.519094625694 0.542126134722 0.2296063625
1 0.643346407813 0.249390827778 0.0299169111111 0.0199835625
1 0.469804946484 0.353335088194 0.0168282652778 0.0115694304688
