1 0.703948466797 0.297424435417 0.0326481291667 0.0247921726562
1 0.705325810156 0.319461922917 0.0146916569444 0.02387394375
1 0.541203936719 0.366148747917 0.0146916569444 0.018364571875
1 0.591890158984 0.360435327083 0.0163240625 0.00697852890625
1 0.594369379297 0.375126984722 0.0130592527778 0.0101005132812
0 0.5929920375 0.397164471528 0.0146916569444 0.01101874375
1 0.394011884766 0.3612515375 0.0212212833333 0.00826405703125
3 0.214553948047 0.488439309028 0.0897823513889 0.0222014554688
3 0.619161538672 0.43699519375 0.0342805347222 0.0101005132812
3 0.964730329297 0.426641071528 0.0930471625 0.0376473726562
3 0.583901566016 0.436178989583 0.0293833152778 0.0101005148438
2 0.387033348047 0.461971004861 0.0571342236111 0.0192828007812
3 0.295440046875 0.444422635417 0.0163240625 0.0091822859375
2 0.253201531641 0.495027233333 0.111003633333 0.0863134867188
2 0.333382563672 0.480627079861 0.1371221375 0.111105660156
2 0.158000904297 0.508960992361 0.102841601389 0.0982504585937
2 0.558409235938 0.459522394444 0.0734582861111 0.0477478875
2 0.708085424609 0.460105404167 0.124062886111 0.0954957726563
2 0.466001007812 0.458706191667 0.277509083333 0.146916573437
2 0.800528386328 0.474255786111 0.177932294444 0.157935317969
