2 0.468346846094 0.488085604167 0.0234374861111 0.01450194375
2 0.443957214844 0.485741855556 0.0187499888889 0.01054686875
2 0.434728705469 0.484569979167 0.0304687305556 0.01054686875
2 0.420226762109 0.485741855556 0.0421874722222 0.0184570179688
2 0.407702357812 0.486913729167 0.0445312194444 0.01450194375
2 0.393859592187 0.486913729167 0.0539062138889 0.031640603125
2 0.391882055469 0.499804346528 0.0515624652778 0.0171386609375
2 0.478893714844 0.486913729167 0.0210937361111 0.011865225
2 0.490099761328 0.488085604167 0.0234374861111 0.0105468679687
2 0.507897599609 0.486913725 0.0304687277778 0.0171386601563
2 0.524377082031 0.490429348611 0.037499975 0.0210937359375
2 0.552721789453 0.492773099306 0.0703124541667 0.0487792632812
2 0.605456126563 0.525585575694 0.112499923611 0.101513603125
2 0.460107105469 0.490136381944 0.0240234194444 0.01647948125
0 0.868798229687 0.397265353472 0.0421874708333 0.0250488109375
2 0.334863050781 0.491015286806 0.135937406944 0.106787035938
0 0.109423752734 0.348827871528 0.0445312180556 0.0369140351563
0 0.245873854687 0.0499999527778 0.0937499361111 0.027685528125
0 0.218847505859 0.0476562041667 0.0890624388889 0.0210937351562
0 0.200390486719 0.0476562041667 0.0890624388889 0.01845701875
1 0.0547118773438 0.212109230556 0.0234374833333 0.030322246875
1 0.102831961328 0.185156124306 0.0539062125 0.0369140367188
2 0.558983990234 0.505859018056 0.0585937111111 0.0369140367188
0 0.843385113672 0.398678222222 0.0346676722222 0.0103238289063
