2 0.0701861648437 0.564955302778 0.263414741667 0.140372329687
2 0.626314041406 0.568421285417 0.561489318056 0.375301020313
2 0.987967751172 0.660269847917 0.3431323625 0.0204709648438
2 0.901697258203 0.539826922917 0.351797320833 0.193011953906
2 0.821275609766 0.478305715972 0.131707370833 0.0789594351562
2 0.458159686719 0.495635634028 0.110911470833 0.0311938515625
2 0.208121475 0.558023336111 0.155969255556 0.1491456
2 0.31291331875 0.527695980556 0.109178477778 0.0994304
2 0.376763232422 0.517298029861 0.0849165930556 0.0770098195312
2 0.419167373437 0.5051670875 0.0745186416667 0.0487403921875
1 0.194474165625 0.346598345139 0.103979504167 0.0341182734375
1 0.460109303125 0.382124675694 0.0121309430556 0.01169769375
0 0.374813616797 0.422849981944 0.0277278694444 0.0165717335937
0 0.458159688281 0.434980925 0.0138639333333 0.01169769375
1 0.467907766406 0.40985254375 0.0433247930556 0.0116976953125
