1 0.570616401562 0.386903202083 0.0582434930556 0.028081684375
1 0.510942821484 0.437866256944 0.014560875 0.0117007039062
2 0.45419441875 0.477388627778 0.0228813722222 0.012870771875
2 0.460629804297 0.485709126389 0.0270416194444 0.0140408398438
2 0.469405330469 0.486749189583 0.0416024958333 0.0152109125
2 0.480520996484 0.4950696875 0.0540832444444 0.0210612632812
2 0.499827155469 0.499229938194 0.0665639930556 0.04095245625
2 0.501582259375 0.507550436806 0.0665639958333 0.02574154375
2 0.519133314062 0.520031185417 0.0832049902778 0.0374422453125
2 0.553065347656 0.53875230625 0.128967734722 0.074884490625
2 0.633800187891 0.569954179861 0.199691976389 0.131047858594
2 0.393935805469 0.488829313889 0.0457627444444 0.028081684375
2 0.371704471875 0.491949502083 0.0520031208333 0.028081684375
2 0.355323489844 0.5013100625 0.0457627444444 0.028081684375
2 0.340112578906 0.515870935417 0.0416024958333 0.0304218234375
2 0.321391454688 0.517951060417 0.0457627458333 0.0327619640625
2 0.29974515625 0.528351684028 0.0665639930556 0.04095245625
2 0.285119279688 0.536672184028 0.0665639930556 0.032761965625
2 0.202629332031 0.534592059028 0.178890729167 0.141578490625
2 0.0823010257813 0.60749820625 0.2082160375 0.164602051563
2 0.807555609375 0.667720041667 0.4035442 0.382612945312
2 0.442493717187 0.476348564583 0.0166409986111 0.0105306296875
2 0.414412032031 0.478428690972 0.0249614986111 0.0152109125
2 0.427282805859 0.474268439583 0.0249614958333 0.0152109132812
