2 0.0539534988281 0.47622430625 0.2865979875 0.106701049219
2 0.171672588672 0.483440800694 0.164948481944 0.133376310156
0 0.284752505859 0.362822224306 0.0309278402778 0.0162371164062
2 0.382755098828 0.450451105556 0.0659793916667 0.0498711429687
2 0.422767991797 0.449420175694 0.0556701125 0.0255154679688
2 0.449443252734 0.437049040972 0.0350515513889 0.0301546445312
2 0.480177795703 0.428801616667 0.0515464 0.0313144367188
2 0.524829864844 0.423646977083 0.0288659847222 0.0208762921875
2 0.545706157031 0.422616047917 0.0391752625 0.0231958796875
2 0.567742242969 0.425708831944 0.0494845444444 0.020876290625
2 0.588618534766 0.439110897222 0.059793825 0.0301546445312
2 0.619932973438 0.447358322222 0.113402080556 0.03479381875
2 0.68604123125 0.443234609028 0.204123745833 0.125257751563
2 0.847832494922 0.498904721528 0.253608290278 0.300386647656
2 0.276633946875 0.484471729861 0.0804123847222 0.071907228125
