2 0.0304740332031 0.567992480556 0.0995504416667 0.0609480664063
2 0.0636796328125 0.549782034028 0.0437050708333 0.024584103125
2 0.110799164063 0.515789198611 0.0145683583333 0.02321831875
2 0.121725431641 0.558280241667 0.0655576083333 0.0614602570312
2 0.0868979535156 0.531571588194 0.0218525347222 0.0136578351562
2 0.0752887921875 0.532785617361 0.0242805930556 0.0122920515625
1 0.0274863722656 0.485438455556 0.0267086527778 0.0259498867187
1 0.0513875820313 0.479368307639 0.0291367125 0.02731566875
1 0.21937895 0.423522936806 0.0194244763889 0.0163894015625
1 0.219378949219 0.468186102083 0.0601896152778 0.024584103125
