2 0.420271630859 0.541836977778 0.0367347111111 0.0309949117188
2 0.38927671875 0.548724736806 0.0382653208333 0.0223852140625
2 0.357134108203 0.551753574306 0.0658811347222 0.0470658289062
2 0.293278589453 0.564796173611 0.0704081944444 0.0852360085937
2 0.189962215625 0.580667554167 0.142747111111 0.107621221875
2 0.465042058984 0.538010445139 0.0535714541667 0.0378826710938
2 0.546403704297 0.542602284028 0.0474490041667 0.0215242445313
2 0.563881391406 0.539541059028 0.0780612597222 0.0275510328125
2 0.581100787109 0.553316575 0.0658163555556 0.0206632742187
2 0.513945144922 0.547194125 0.0750000333333 0.0551020664062
5 0.645845714844 0.530357380556 0.182142938889 0.117091889062
2 0.0677045082031 0.567857397917 0.235714393056 0.135172255469
2 0.943802497656 0.5315310625 0.149183319444 0.109737257813
2 0.439829603516 0.535641269444 0.0261772972222 0.0189317960938
