3 0.591485844141 0.442193783333 0.09367345 0.0165306085937
3 0.846418825391 0.442193784028 0.0422448902778 0.0185969351563
3 0.819040004688 0.455050925 0.0863265138889 0.0196300984375
3 0.757050221875 0.433928479167 0.0624489666667 0.0216964234375
3 0.614990303125 0.452295822917 0.0955101847222 0.0258290765625
3 0.213089878125 0.474336634028 0.0624489652778 0.0227295875
3 0.217222530469 0.475255001389 0.0679591694444 0.0247959125
3 0.268622391797 0.460561126389 0.078979575 0.0165306085937
3 0.741036194141 0.489030508333 0.191020366667 0.0413265210938
1 0.2365943375 0.398571344444 0.0293877472222 0.01239795625
1 0.00309948945313 0.227142809028 0.0440816236111 0.00619897890625
1 0.00568239726562 0.25836729375 0.0146938763889 0.00929846640625
1 0.0049444234375 0.433075721528 0.0532652930556 0.009888846875
0 0.773580830859 0.323724420833 0.0367346861111 0.0237627507812
0 0.744652265234 0.326479523611 0.0385714194444 0.0216964242188
2 0.397974410937 0.452755005556 0.0385714194444 0.013224490625
2 0.344146616797 0.440816233333 0.014693875 0.00723214140625
2 0.340013964453 0.441734599306 0.0165306069444 0.00723214140625
2 0.333814987109 0.442652967361 0.0183673430556 0.00929846640625
2 0.331232078516 0.446326436111 0.0183673444444 0.00826530546875
2 0.326582844531 0.446326435417 0.0293877486111 0.0092984671875
2 0.319350704688 0.444489701389 0.0293877472222 0.0154974453125
2 0.316251215234 0.4490815375 0.0275510138889 0.0134311195312
2 0.310568817969 0.450918272222 0.0312244833333 0.0144642828125
2 0.305403002734 0.4490815375 0.0275510138889 0.0103316304688
2 0.290422139062 0.451836638889 0.0404081555556 0.027895403125
2 0.400970584375 0.458265209028 0.0385714208333 0.0134311203125
2 0.409752470313 0.453673372917 0.0734693708333 0.018596934375
2 0.424216752734 0.456428475 0.0863265138889 0.0392601945313
2 0.425766497656 0.472040716667 0.0844897777778 0.027895403125
2 0.894030463672 0.4677550125 0.161632619444 0.136377522656
2 0.368580916016 0.454132555556 0.0881632472222 0.0537244789063
2 0.469830894922 0.467908063889 0.137755072222 0.0909183476563
2 0.940867151953 0.583775390278 0.486734588889 0.115714261719
