0 0.816269080078 0.144823313889 0.0455055833333 0.00975119609375
0 0.84308486875 0.25208646875 0.0260031902778 0.01706459375
1 0.826629725391 0.218499015278 0.0195023916667 0.0255968898437
1 0.842475420313 0.182744629167 0.0130015944444 0.025596890625
1 0.873557357422 0.204413954861 0.0216693263889 0.00731339765625
1 0.826020275 0.0798153368056 0.0498394486111 0.039004784375
3 0.646842044922 0.4341088 0.225360980556 0.0804473695312
2 0.478024457031 0.346348035417 0.0238362569444 0.025596890625
2 0.502402448828 0.339847235417 0.0195023930556 0.0158456945312
4 0.549330080859 0.333346440278 0.0411717166667 0.0316913882812
5 0.412203883203 0.348514965972 0.106179693056 0.0792284695312
4 0.359181753906 0.356099234028 0.0606741097222 0.0365669875
2 0.340898260547 0.383185888194 0.0325039875 0.0390047851563
2 0.320786418359 0.412439477083 0.0606741097222 0.0353480867188
3 0.349430557422 0.427608001389 0.0736757027778 0.0219401914062
2 0.370151849609 0.407022145833 0.0715087722222 0.0633827757812
2 0.298846226562 0.430858400694 0.110513556944 0.0377858859375
2 0.4664449125 0.413522940278 0.123515152778 0.168208135937
5 0.591382114844 0.376685088194 0.1841892625 0.218183017187
2 0.751057954297 0.399437881944 0.151685275 0.271814596094
3 0.925970037109 0.413522942361 0.288202020833 0.0438803835937
3 0.964974823437 0.416773342361 0.251364170833 0.0292535890625
3 0.982039416016 0.41785680625 0.353209998611 0.0341291867188
4 0.154603436328 0.431580718056 0.863161436111 0.309206872656
0 0.712779925 0.0090138625 0.0166409972222 0.0245714734375
0 0.685283276562 0.01213405 0.0228813722222 0.023401403125
1 0.743786784375 0.010053925 0.0187211222222 0.0374422453125
