0 0.636494052734 0.300209670139 0.0717482208333 0.0180550632812
0 0.750665773047 0.492797006944 0.033986 0.0212412507813
0 0.182993358594 0.506013784722 0.0377622222222 0.0201791875
0 0.650300865234 0.304929948611 0.0623076666667 0.0159309382813
0 0.617376927344 0.304929949306 0.0736363347222 0.0159309375
1 0.212200077734 0.418216617361 0.0811887791667 0.0446066257812
1 0.655080146484 0.472971840278 0.0132167777778 0.0233653757812
1 0.661452521875 0.455034784722 0.0188811111111 0.031861875
1 0.598790833203 0.522062729861 0.0660838902778 0.0361101257812
1 0.529756769922 0.559824952778 0.0207692222222 0.0127447507813
1 0.517012019531 0.566433341667 0.0151048888889 0.006372375
1 0.400185142969 0.558880897222 0.0377622222222 0.01274475
1 0.426736705859 0.570209563889 0.0188811111111 0.00849650078125
1 0.507984488281 0.568321452778 0.0226573333333 0.0053103125
1 0.4963018 0.576817952778 0.016993 0.0074344390625
2 0.47028126875 0.599475286111 0.0207692222222 0.01274475
2 0.4548813625 0.596643119444 0.0226573333333 0.0116826875
2 0.4463848625 0.600419341667 0.0264335555556 0.0074344375
2 0.437888362891 0.607027730556 0.0283216666667 0.00955856328125
2 0.426205674609 0.612692064583 0.0358741125 0.0138068132813
2 0.406026486719 0.611748009028 0.0528671125 0.0265515625
2 0.394874829297 0.619300453472 0.0528671125 0.0191171257813
2 0.374695642578 0.621188564583 0.0679720013889 0.0339860007813
2 0.344426860937 0.64101373125 0.0887412236111 0.0690340640625
2 0.488336332031 0.602307452778 0.0302097777778 0.014868875
2 0.50001901875 0.608915841667 0.0358741111111 0.0127447515625
2 0.512232738281 0.614580175694 0.0509790013889 0.0201791875
2 0.534005019922 0.62402073125 0.0736363347222 0.0276136257813
2 0.567991020313 0.642901842361 0.0962936680556 0.0743443765625
2 0.953519713281 0.637237509028 0.118951001389 0.0913373765625
