0 0.402939781641 0.295781040278 0.0281249833333 0.00922850859375
0 0.526206299609 0.305156032639 0.0328124763889 0.00791015078125
0 0.394370453516 0.293437290278 0.0234374833333 0.00791015078125
0 0.592783401562 0.370780989583 0.0187499875 0.011865225
1 0.592783401562 0.341484133333 0.0164062388889 0.011865225
1 0.58750996875 0.319218524306 0.0234374847222 0.0118652265625
1 0.712754022656 0.363749741667 0.037499975 0.0118652265625
0 0.638925948437 0.3731247375 0.0234374833333 0.01450194375
3 0.042368740625 0.422343452778 0.0421874694444 0.0105468671875
3 0.0311626941406 0.42703095 0.0515624638889 0.00659179140625
3 0.599375194922 0.410624711806 0.0374999736111 0.0118652257813
7 0.936215783984 0.498515276389 0.105468677778 0.0421874710938
7 0.875571293359 0.486796534028 0.0867186930556 0.0369140367187
2 0.169590333594 0.418827829861 0.0304687291667 0.0250488109375
2 0.194639144922 0.417655954861 0.0374999736111 0.0329589617187
2 0.317246481641 0.410624709722 0.0234374833333 0.0145019445313
2 0.378550150781 0.428202825 0.0539062138889 0.031640603125
2 0.399643886328 0.414140333333 0.0398437222222 0.0237304523437
2 0.350864623438 0.448124686111 0.0937499361111 0.06328120625
2 0.443149716406 0.402421590278 0.0117187416667 0.02636716875
2 0.499839129297 0.428202822917 0.0632812069444 0.0395507539063
2 0.524228761719 0.419999703472 0.0281249819444 0.0118652265625
2 0.614536316797 0.419999704861 0.0421874736111 0.0210937351563
5 0.136631371484 0.407109088889 0.0773436972222 0.0883300164063
2 0.262534606641 0.471562170139 0.178124876389 0.139745997656
2 0.445127252734 0.492655904167 0.168749883333 0.117333903906
2 0.540049062891 0.422343451389 0.0468749666667 0.0303222460937
2 0.696274542969 0.523124632639 0.267187315278 0.229394375
2 0.979062433203 0.58054646875 0.157031143056 0.0408691117187
