2 0.489840942578 0.42804895625 0.152503270833 0.0945563617188
2 0.437688723438 0.421116989583 0.100513520833 0.0175465421875
2 0.420629585547 0.4055200625 0.0831836027778 0.0185213492188
2 0.406982275 0.390789634722 0.0710526611111 0.0165717328125
2 0.392360157812 0.379525188194 0.0519897513889 0.01852135
2 0.380175060156 0.365661254167 0.0554557361111 0.015596925
2 0.367015153125 0.353530311806 0.0346598347222 0.0107228859375
2 0.358729288281 0.344865354167 0.0311938527778 0.009748078125
2 0.0380175058594 0.42025049375 0.129974379167 0.0721357804687
2 0.118926556641 0.377792196528 0.1178434375 0.101380016406
2 0.194474164844 0.365661254167 0.0658536861111 0.0497152
2 0.238340517969 0.356996294444 0.0415918 0.0341182734375
2 0.300240816406 0.347464840972 0.0537227430556 0.0350930828125
