4 0.484627266016 0.477419729861 0.0679591680556 0.0547576414063
2 0.513998616016 0.547346820833 0.0844897777778 0.0289285648437
2 0.531045805469 0.51979580625 0.0293877486111 0.017563771875
2 0.550159321484 0.525306011111 0.0367346861111 0.0289285648437
2 0.575471816797 0.535408049306 0.0679591680556 0.0361607070312
2 0.616281757031 0.54918355625 0.0955101819444 0.0847193703125
2 0.668973072266 0.554693759722 0.112040791667 0.0557908039062
2 0.6999679625 0.5647958 0.150612213889 0.0764540640625
2 0.844610790625 0.583163140278 0.194693836111 0.305816260938
2 0.925714088672 0.532652947917 0.0495918263889 0.0940178367187
5 0.250542038672 0.491326424306 0.165306084722 0.125012728906
2 0.0148452640625 0.499591730556 0.0367346861111 0.029690528125
2 0.0498372054687 0.499591730556 0.0367346861111 0.040293359375
2 0.103561683203 0.503265199306 0.0293877486111 0.0175637710938
2 0.433657276953 0.605203953472 0.292040754167 0.173571391406
