1 0.380350214453 0.43931580625 0.0306122597222 0.0387436398437
1 0.327400571875 0.452326016667 0.0474490027778 0.0361607296875
1 0.379058759766 0.507428082639 0.0811224847222 0.0705995210938
1 0.911667778906 0.455372293056 0.130072202778 0.147424260938
1 0.770137462891 0.547959429167 0.0275510305556 0.0103316367187
1 0.784773949609 0.527296154167 0.0413265472222 0.0378826695313
0 0.676565711719 0.558625888889 0.0168367416667 0.0086096984375
0 0.668816983594 0.560156502083 0.0198979680556 0.0086096984375
2 0.335982695313 0.577806381944 0.0229591944444 0.0249681234375
2 0.722472027344 0.577041075694 0.0214285819444 0.0137755171875
2 0.703961176953 0.57474515625 0.0137755152778 0.0163584257813
2 0.688894206641 0.574745154861 0.0198979680556 0.0120535773438
2 0.675078575391 0.582177173611 0.0274829055556 0.0258290929688
2 0.648034920312 0.565374496528 0.0275510319444 0.0230923984375
2 0.367908047656 0.573027561111 0.0244898083333 0.0266900625
2 0.739416505078 0.571496947222 0.0214285805556 0.0154974554687
