2 0.966764583984 0.529798124306 0.166412820833 0.0652095179687
2 0.942573955859 0.515774570833 0.0860111222222 0.0715201164063
2 0.27145135625 0.489275899306 0.130243743056 0.162163265625
2 0.554280908594 0.477735684028 0.0261772958333 0.0126211984375
2 0.5690056375 0.473996071528 0.0411357513889 0.0231388625
2 0.595299798828 0.483345105556 0.06731305 0.0441741898437
1 0.102021344141 0.300104020833 0.0785318944444 0.0231388601562
1 0.213666494141 0.227338834028 0.112502990278 0.0606866382813
1 0.424387754297 0.41322734375 0.0467451736111 0.0241906289062
1 0.48854550625 0.425381089583 0.0261772958333 0.015776496875
1 0.04838125625 0.0434730125 0.086946025 0.0946589796875
1 0.842464909766 0.4281858 0.0542244027778 0.0273459273437
1 0.920295625391 0.190720313194 0.0579640180556 0.0241906273437
1 0.626326908594 0.46277723125 0.0186980708333 0.0063105984375
0 0.570057404297 0.264577688889 0.0486149833333 0.0105176632812
0 0.673130515625 0.245879618056 0.0635734388889 0.0126211984375
0 0.610024529687 0.260838075 0.0523545944444 0.012621196875
0 0.513787900391 0.282340854861 0.0504847875 0.0115694304688
0 0.493804337891 0.291689890278 0.0392659472222 0.00736236484375
0 0.864552005469 0.228116453472 0.0654432458333 0.015776496875
0 0.771996558594 0.234660777083 0.0635734375 0.0094658984375
0 0.823007230078 0.427250895833 0.0186980694444 0.00631059765625
0 0.789876587891 0.235595680556 0.0691828583333 0.0178800289063
0 0.657780882422 0.2452966625 0.0612245166667 0.0137755164062
1 0.75373238125 0.442719871528 0.0145608736111 0.01053063125
