2 0.346935552344 0.685696166667 0.077356725 0.0519350609375
2 0.429049094531 0.670723895139 0.0499075652778 0.0364949078125
2 0.535375605078 0.670100049306 0.0985674430556 0.0779025914062
2 0.403322828125 0.666889854861 0.0436691208333 0.0210547546875
2 0.286118026562 0.666266006944 0.0249537833333 0.014036503125
2 0.31278738125 0.678742901389 0.0573937027778 0.03088030625
2 0.368582480859 0.660027563194 0.0499075652778 0.0203529289062
2 0.383671723047 0.651293739583 0.0299445402778 0.0126328523438
0 0.364020618359 0.586413902778 0.00998151388889 0.00421095078125
1 0.344720425391 0.645055293056 0.00748613611111 0.00631642578125
8 0.466136176563 0.666681904861 0.0374306763889 0.0343894328125
1 0.571760862891 0.566866775 0.0324399166667 0.0154401539062
7 0.800321922266 0.683525721528 0.108548956944 0.0575496617188
3 0.752129930859 0.642351979861 0.118530470833 0.0252657054688
1 0.599241694141 0.653256246528 0.0349352958333 0.0203529289062
1 0.690128050391 0.652632403472 0.0411737430556 0.0308803070312
1 0.954716130469 0.647641644444 0.0736136611111 0.046320459375
