2 0.322773232812 0.3714577625 0.144147788889 0.10915036875
2 0.543412905859 0.373536816667 0.106724805556 0.0686088023437
2 0.498193467188 0.359676453472 0.0623716402778 0.0358636921875
2 0.481041267578 0.354132306944 0.0401950555556 0.0155929101562
2 0.476753216797 0.3485881625 0.0263346916667 0.0163725554687
2 0.470516052734 0.343044015972 0.0235626180556 0.0179318460938
2 0.461550130078 0.32987666875 0.0138603625 0.0171522007813
2 0.45687225625 0.319481395833 0.00693018333333 0.0140336171875
2 0.376517229297 0.372150781944 0.084548225 0.0328481945312
2 0.388263453516 0.365913615278 0.06652975 0.0265079460938
2 0.391771857813 0.356211361111 0.0776180388889 0.0413212109375
2 0.409313881641 0.352746270139 0.0540554180556 0.0249486570312
2 0.417110337109 0.348588161111 0.0401950555556 0.0155929101562
2 0.425686437109 0.338192888194 0.0360369486111 0.0109150367188
2 0.4342625375 0.331262705556 0.0194045083333 0.0062371640625
2 0.615140291406 0.345816088194 0.0540554208333 0.0764052578125
3 0.634241606641 0.328490633333 0.0388090194444 0.0116946820313
3 0.621377455469 0.322253467361 0.0291067652778 0.009355746875
2 0.440889524609 0.326411577083 0.0207905458333 0.0116946835938
2 0.965590938672 0.618865263194 0.281365393056 0.0678291585937
