0 0.549936751562 0.591093336806 0.0281249819444 0.00791015
0 0.480063752734 0.604778869444 0.0241913972222 0.0105468679687
0 0.628207558984 0.6359155375 0.0275430166667 0.00888546640625
0 0.533457271094 0.623905813889 0.0187499861111 0.009228509375
0 0.51565943125 0.629765186806 0.0257812319444 0.00791015
1 0.621128108594 0.607499575694 0.0234374819444 0.013183584375
1 0.618491392188 0.584062090972 0.0234374819444 0.0105468671875
0 0.423066605078 0.672400789583 0.0207959013889 0.00779846328125
1 0.803061578125 0.221952965278 0.180468625 0.0870116578125
3 0.907871076172 0.686015146528 0.2367185875 0.0619628476563
3 0.830747105078 0.623905813889 0.0890624388889 0.0421874695312
3 0.366025745313 0.708280755556 0.0281249805556 0.0118652265625
3 0.973129819922 0.65320266875 0.2742185625 0.0527343382813
2 0.462925092578 0.690702643056 0.0398437222222 0.0237304523438
2 0.482041290625 0.676640153472 0.0351562263889 0.0197753765625
2 0.528843016406 0.670780781944 0.0187499861111 0.0158203015625
2 0.187388172656 0.768046340972 0.0960936847222 0.1186522625
2 0.393052094141 0.712968253472 0.0515624625 0.0421874710938
2 0.564438694922 0.689530770139 0.0562499625 0.0184570179688
2 0.578940638281 0.705937009028 0.0796874458333 0.0263671703125
2 0.541367421484 0.660233913889 0.0210937361111 0.0145019429688
2 0.55455100625 0.670780781944 0.0234374833333 0.01450194375
2 0.50774928125 0.697733888194 0.0351562263889 0.058007771875
2 0.638266769141 0.771561963889 0.229687341667 0.142382714844
2 0.069963634375 0.798515069444 0.119531169444 0.13992726875
1 0.666281162891 0.522497005556 0.0745186444444 0.0204709648438
