1 0.349468612891 0.383857667361 0.0329268430556 0.0224205804687
1 0.286106102734 0.452310841667 0.0519897527778 0.0224205804687
0 0.193499357422 0.471373749306 0.0242618847222 0.0126725023437
0 0.354830055859 0.445378872222 0.03119385 0.0116976945313
0 0.332896879297 0.437580411111 0.046790775 0.0146221179688
1 0.517622966406 0.410719039583 0.0277278652778 0.0097480796875
1 0.520547390234 0.44624536875 0.0294608569444 0.0116976945313
0 0.537606527344 0.429781948611 0.0346598361111 0.01462211875
0 0.469369977734 0.430648443056 0.0641206916667 0.0224205804688
2 0.522984409375 0.523363500694 0.0693196680556 0.039967121875
2 0.4830172875 0.541559914583 0.1022465125 0.075060203125
2 0.415268142578 0.566688294444 0.149037288889 0.132573867969
2 0.272946196875 0.612612575694 0.237419865278 0.241752345312
2 0.0974807851562 0.733055500694 0.360462279167 0.1910623375
2 0.752064253516 0.605680609028 0.708793618056 0.488378732031
