0 0.482536937109 0.329075734028 0.0208012486111 0.00936056015625
0 0.492482533203 0.38523910625 0.0166409986111 0.0105306320312
0 0.444509655859 0.38523910625 0.0166409986111 0.0105306304687
0 0.376645586328 0.317635049306 0.0228813708333 0.0105306304688
0 0.262563744531 0.385239099306 0.0208012458333 0.0117007015625
0 0.387176216797 0.300994049306 0.0187211236111 0.00819049140625
0 0.490727427734 0.31451485625 0.0166409958333 0.00702042109375
0 0.559761567969 0.406040347222 0.0208012444444 0.0117007015625
0 0.456795392969 0.410200597917 0.0166409986111 0.0093605625
1 0.334055032031 0.416024948611 0.016641 0.0128707734375
1 0.556173354688 0.280816839583 0.0416024930556 0.0187211234375
1 0.555588319531 0.331779895833 0.0270416222222 0.0152109125
1 0.564363847266 0.37650258125 0.0124807486111 0.0210612617187
1 0.555003285156 0.383783013194 0.0145608736111 0.01404084375
1 0.533356988281 0.408744511806 0.0228813708333 0.0152109109375
3 0.594395644922 0.460054265278 0.0436826194444 0.0117006992188
3 0.582109908203 0.451733765278 0.0561633722222 0.00819049140625
3 0.199496963281 0.455894017361 0.0728043652778 0.012870771875
3 0.232258928906 0.4600542625 0.0728043666667 0.0152109125
2 0.439946383594 0.442719891667 0.0395223694444 0.016380984375
2 0.418300084375 0.4510403875 0.0603236166667 0.036272175
2 0.391973505859 0.447920197222 0.0582434916667 0.0257415414063
2 0.359211541016 0.453467193056 0.0748844916667 0.0538232273438
2 0.451647085156 0.445146697222 0.0332819972222 0.01404084375
2 0.499034925781 0.444106632639 0.0436826180556 0.012870771875
2 0.507225416016 0.44826688125 0.0353621208333 0.0128707710937
2 0.512490733203 0.45346719375 0.0457627458333 0.00936056171875
2 0.741911364453 0.474509860417 0.0545660875 0.0656976867188
2 0.678640698047 0.458667506944 0.0644838666667 0.0865851929687
2 0.899761942969 0.479370681944 0.060127475 0.0709402140625
2 0.983629004297 0.507550436111 0.0457627416667 0.0327419914062
2 0.521266258203 0.455547320833 0.0332819972222 0.0245714726563
2 0.476218558984 0.46178769375 0.0790447402778 0.0561633679688
2 0.302463136719 0.485709127083 0.1227273625 0.1181770875
1 0.665652916406 0.245038681944 0.0208012472222 0.0152109109375
1 0.672178484766 0.284561054861 0.0208012458333 0.0189014867187
