1 0.703525513281 0.327421642361 0.0492187152778 0.0329589609375
1 0.371299179297 0.325077895139 0.0398437236111 0.0118652257813
3 0.236826616406 0.493827778472 0.0914061875 0.02241209375
3 0.222324673047 0.457499678472 0.145312401389 0.0276855273437
3 0.303403717969 0.478593413889 0.121874916667 0.0290038859375
3 0.361411490625 0.448124686111 0.0421874722222 0.013183584375
3 0.354819698437 0.430546572222 0.0445312194444 0.013183584375
3 0.385801122656 0.427030949306 0.0374999736111 0.009228509375
3 0.405576498828 0.424687201389 0.0328124777778 0.00922851015625
3 0.891391594922 0.409452836111 0.035156225 0.0158203007813
2 0.456333300391 0.416484082639 0.0210937347222 0.0105468679688
2 0.461606734375 0.419999704167 0.0234374833333 0.0158203015625
2 0.495224875781 0.428202822917 0.0257812319444 0.011865225
2 0.506430923047 0.428202823611 0.035156225 0.0158203039063
2 0.515000252344 0.434062194444 0.037499975 0.0171386578125
2 0.524228762109 0.43523406875 0.0398437236111 0.0171386601562
2 0.536753166016 0.436405941667 0.0468749666667 0.0237304523437
2 0.551255110547 0.439921564583 0.0539062125 0.0316406039063
2 0.567075411719 0.443437188194 0.0703124513889 0.031640603125
2 0.589487505078 0.449296558333 0.0820311916667 0.0448241882812
2 0.470176064844 0.429374697917 0.0234374847222 0.01450194375
2 0.427329414453 0.462187174306 0.0984374319444 0.0580077726563
2 0.901938462891 0.536015248611 0.255468572222 0.195117053906
2 0.7773535875 0.513749639583 0.135937406944 0.143701073438
3 0.796469785547 0.431718445833 0.0328124777778 0.0184570195313
