3 0.180137201172 0.574687097917 0.0328124763889 0.0145019429688
3 0.159043465625 0.607499575 0.0890624388889 0.027685528125
3 0.1313579375 0.606327700694 0.0445312180556 0.03032224375
2 0.433921206641 0.595780833333 0.0281249805556 0.00791015078125
2 0.426011055078 0.593437085417 0.0421874708333 0.0131835835937
2 0.412168291406 0.59929645625 0.0585937097222 0.027685528125
2 0.401621424219 0.605155827083 0.0515624652778 0.0250488109375
2 0.692978645313 0.619218317361 0.131249909722 0.0566894140625
2 0.244077587109 0.661405788194 0.239062334722 0.155566299219
1 0.676499165234 0.50906214375 0.0703124541667 0.0158203023437
2 0.458310837891 0.602812078472 0.0421874708333 0.0303222445313
5 0.339658575781 0.565312102778 0.224999844444 0.109423753125
4 0.569052950391 0.544218369444 0.379687238889 0.204345563281
2 0.102263416406 0.723515120139 0.550780870833 0.204526832813
2 0.939511679688 0.688358895139 0.302343543056 0.119970621875
