0 0.526414094531 0.432203322222 0.0122033888889 0.00943855625
3 0.545148210156 0.469576199306 0.0289830486111 0.0051483046875
1 0.5801852875 0.430169409028 0.00915254027778 0.00943855625
1 0.5471503375 0.422542293056 0.0152542361111 0.0137288109375
3 0.733919362109 0.473898222917 0.0579660930556 0.0137288101562
2 0.535137627344 0.460169413194 0.0122033875 0.005148303125
2 0.527415170312 0.457881275694 0.0137288097222 0.00858050625
2 0.561308173438 0.451779582639 0.0198305013889 0.0077224546875
2 0.550582539844 0.451779580556 0.0289830416667 0.012012709375
2 0.517118563281 0.472372801389 0.0213559305556 0.0102966078125
2 0.499957549609 0.469830426389 0.0406779583333 0.0308898242187
0 0.476761505859 0.431864205556 0.0204030333333 0.0105203132812
1 0.649868492187 0.261838927083 0.0187027791667 0.0239098046875
