2 0.310861960156 0.830421847917 0.0713746180556 0.057354603125
2 0.173210904297 0.838141944444 0.101963741667 0.0929144601563
2 0.473257416406 0.8355200375 0.0407854972222 0.025236025
2 0.502508263672 0.835520034722 0.0693353416667 0.0470307742188
2 0.533479748438 0.861010966667 0.0550604194444 0.0470307734375
2 0.42221181875 0.823284386111 0.0244712944444 0.0263831171875
4 0.399269975 0.803911259028 0.0550604180556 0.0309714859375
2 0.370019127734 0.824304025694 0.0387462180556 0.0298243945312
2 0.437124014844 0.870187708333 0.110120838889 0.0722667984375
2 0.614923287109 0.920149940278 0.148867063889 0.122738850781
2 0.229500350781 0.872226984722 0.134592136111 0.115856301562
2 0.0520421347656 0.863836811806 0.265105723611 0.104084269531
2 0.720072714844 0.838345873611 0.0469033194444 0.05506041875
