1 0.388911473047 0.577372771528 0.0335593152778 0.0137288117188
1 0.491019505078 0.597965988194 0.0228813513889 0.0120127117187
1 0.613291727344 0.584237177083 0.0289830458333 0.0128707609375
1 0.61200465 0.565169384028 0.0183050819444 0.0085805046875
1 0.0705899875 0.58848658125 0.0259321986111 0.0094385578125
1 0.384192194141 0.633050727083 0.0442372791667 0.0283156726562
1 0.356305546094 0.615508356944 0.0152542333333 0.00858050625
2 0.60471121875 0.626186322222 0.0213559277778 0.007722453125
2 0.548937925 0.629999879861 0.0228813513889 0.0111546578125
2 0.534351064062 0.624660897917 0.0305084680556 0.019735165625
2 0.521051278906 0.629999880556 0.0320338916667 0.0188771171875
2 0.504383647656 0.634194795139 0.0221186402778 0.0161742484375
1 0.510883385156 0.628474456944 0.024406775 0.0137288109375
2 0.487716010547 0.63457615 0.0366101611111 0.0343220273437
2 0.439236146875 0.631525304167 0.073220325 0.0506249890625
2 0.591111118359 0.629237169444 0.0320338944444 0.0248834710937
2 0.286074099219 0.627711745139 0.0198305041667 0.027457621875
2 0.226868603516 0.631525303472 0.0366101625 0.0411864351562
2 0.177959712109 0.630762592361 0.0259321986111 0.0463347367187
2 0.138060355469 0.629999880556 0.0274576222222 0.035180078125
2 0.0199067757813 0.637626997222 0.0518643972222 0.0398135515625
