0 0.0339145796875 0.408880745139 0.0803901125 0.02260971875
0 0.0612021707031 0.480261622222 0.0429671305556 0.0257283023437
0 0.531718223828 0.0353439298611 0.0679157847222 0.0218300742188
0 0.568751384375 0.03395789375 0.0651437125 0.0272875921875
0 0.989759949219 0.457392020139 0.0609856013889 0.0194911375
1 0.979624558203 0.320867432639 0.0346509097222 0.0382026304687
1 0.934405119531 0.3652206 0.0485112777778 0.017931846875
1 0.965129614844 0.376519152083 0.0342303847222 0.018568490625
1 0.958963952344 0.415810927778 0.0388090194444 0.0623716390625
1 0.755866302734 0.469866348611 0.0942504777778 0.0459990835938
3 0.734426051172 0.582135297917 0.0859342569444 0.0140336195312
3 0.705968991016 0.586293407639 0.0831621847222 0.0179318460938
2 0.625665504297 0.618172245833 0.105338769444 0.0787441929687
2 0.386314340234 0.608469990972 0.0859342597222 0.0740663210938
2 0.427635551953 0.594609625694 0.0609856013889 0.0382026289062
2 0.440499702344 0.581442280556 0.0762320027778 0.0514566015625
2 0.470905875781 0.575205115972 0.0498973097222 0.0187114921875
2 0.486498785547 0.573819078472 0.0415810902778 0.0171522007813
2 0.499752758594 0.57243304375 0.0304928013889 0.012474328125
2 0.585903585156 0.591144535417 0.0568274930556 0.03352475625
2 0.573429257812 0.575898136111 0.0429671305556 0.0288468828125
2 0.566412448047 0.567581917361 0.0374229847222 0.0319654648437
2 0.553548297266 0.560651734028 0.0318788375 0.0233893632813
2 0.522812053516 0.573973488889 0.0643708583333 0.0382201976562
5 0.101886987109 0.596480408333 0.148722444444 0.176014064844
2 0.00740663203125 0.609163009028 0.0817761486111 0.0148132640625
2 0.982353317578 0.695097268056 0.145533822222 0.0343044007812
5 0.223085244531 0.57129136875 0.101920523611 0.10259105625
