2 0.612711814453 0.588970989583 0.0370588486111 0.0580698929687
2 0.70949496875 0.607500414583 0.0529412125 0.0908272671875
2 0.766820376172 0.607500413194 0.0847059402778 0.0565809210937
2 0.815211953516 0.627353369444 0.0661765166667 0.0878493257812
2 0.864348016406 0.637941611806 0.0873530013889 0.072959609375
2 0.557619866797 0.578382746528 0.0264706069444 0.0402022335937
2 0.504761373828 0.563823913194 0.0291176652778 0.0297794320313
2 0.270992831641 0.533382717361 0.0370588486111 0.0446691476562
2 0.445202509375 0.571765095833 0.113823605556 0.10125006875
2 0.134751929297 0.595588641667 0.240882516667 0.209944996094
1 0.100505583594 0.423529700694 0.0555882736111 0.0610478359375
1 0.0230790597656 0.406323806944 0.0582353333333 0.0461581195312
