1 0.345547151953 0.376654048611 0.0387462194444 0.0217947492187
1 0.291633825781 0.361359486806 0.0203927458333 0.02179475
1 0.609951875391 0.379712961111 0.0326283944444 0.0183534726563
1 0.665012296484 0.381752238194 0.0163141986111 0.0206476570312
1 0.576112659766 0.416419906944 0.0244712972222 0.0103238289063
2 0.428137782031 0.44395011875 0.0387462236111 0.024088934375
2 0.505566496875 0.451087579861 0.0285498486111 0.018353471875
2 0.330634954687 0.444969760417 0.0652567930556 0.0653842484375
2 0.270986167578 0.471480331944 0.0489425944444 0.0378540382813
2 0.252632694531 0.473519606944 0.0570996916667 0.044736590625
2 0.218793478125 0.464342870139 0.0754531680556 0.0504720515625
2 0.169590333594 0.458671552083 0.119531168056 0.119970620313
2 0.103672410156 0.468046546528 0.142968651389 0.156884657812
2 0.0488698984375 0.491484029861 0.166406134722 0.097739796875
2 0.377758288281 0.475666641667 0.0632175166667 0.0585016953125
2 0.544086638281 0.470753843056 0.0815709944444 0.0539133265625
2 0.468378562109 0.485028765972 0.1182779375 0.0745609851563
2 0.775629419141 0.594462595139 0.288573779167 0.292168841406
0 0.422715159766 0.361405994444 0.0281249805556 0.0145019429687
0 0.567075411719 0.354374749306 0.0328124763889 0.013183584375
0 0.479404573438 0.405937213889 0.0281249805556 0.009228509375
