2 0.427040719531 0.335510129861 0.0293877513889 0.0185969328125
2 0.411543274609 0.338265230556 0.0348979527778 0.0206632601563
2 0.392946340234 0.332755027778 0.0606122361111 0.0371938695313
2 0.308226969531 0.351122370139 0.0863265125 0.0433928484375
2 0.274649171484 0.363061142361 0.0991836513889 0.0816198820313
2 0.465513749609 0.33585998125 0.0257142819444 0.0103316304687
2 0.641668048047 0.347377378472 0.0450756097222 0.0444260117187
2 0.668013706641 0.349635489583 0.0385714236111 0.0247959132812
2 0.5972420375 0.336683849306 0.0420558930556 0.0506249890625
2 0.512006086719 0.336778349306 0.0275510180556 0.0247959140625
2 0.555443030859 0.38545180625 0.143265273611 0.117692394531
2 0.761996489453 0.429694656944 0.249593525 0.423596849219
2 0.185181565625 0.376693975 0.135591458333 0.139477010937
2 0.935567879297 0.401770066667 0.155235175 0.126045891406
2 0.375593508984 0.3379591125 0.0440816222222 0.0330612164063
2 0.352347340234 0.343679453472 0.0555223041667 0.0423596835937
2 0.449981248047 0.341632580556 0.0293877472222 0.0227295882812
6 0.0963295433594 0.326020338889 0.0899999805556 0.0258290757812
6 0.0735999570312 0.326020336111 0.108367322222 0.0485586625
8 0.068950721875 0.383877468056 0.0624489666667 0.076454065625
2 0.0521747335938 0.469285615278 0.167142819444 0.10331630625
2 0.484610853125 0.344745697917 0.0366101625 0.029961728125
1 0.692031403906 0.142289509722 0.132244869444 0.0330612171875
1 0.264818483984 0.253411935417 0.0275510125 0.0154974460938
1 0.738007159375 0.20290174375 0.0330612180556 0.0237627515625
