2 0.08753903125 0.673124765278 0.153749947222 0.149765573437
2 0.17876946875 0.645937273611 0.136874952778 0.112851523438
2 0.369667839844 0.647812272222 0.0356249861111 0.0105468703125
2 0.497284982812 0.644999775694 0.0374999902778 0.0126562453125
2 0.509413885156 0.652499773611 0.0374999888889 0.009492184375
2 0.522597471875 0.653749779861 0.0499999625 0.01476561875
2 0.263144439453 0.65624976875 0.0787499736111 0.0706640367188
5 0.396245951953 0.623249798611 0.0562499805556 0.0242578054688
2 0.331699102734 0.6578122875 0.0881249666667 0.0748827867187
2 0.436113128516 0.666249783333 0.119999958333 0.0791015351562
2 0.545800589844 0.663437285417 0.0693749736111 0.0558984171875
1 0.630527132813 0.474374834722 0.0374999888889 0.0284765515625
1 0.602050580859 0.517499817361 0.0337499875 0.00949218359375
2 0.380214710156 0.649687275694 0.0374999902778 0.024257803125
1 0.937089515625 0.482812329167 0.0562499805556 0.025312490625
