2 0.161972030859 0.607500307639 0.0243074902778 0.0168282617188
2 0.139884935156 0.599273139583 0.0317867208333 0.0189317953125
2 0.110435474219 0.606752368056 0.0205678805556 0.0294494578125
2 0.110961358203 0.590859006944 0.0186980694444 0.0305012257812
2 0.0641577515625 0.615166496528 0.0299169097222 0.0273459265625
3 0.0473294902344 0.596468428472 0.0710526625 0.0189317960938
3 0.094658978125 0.600208042361 0.0747922791667 0.01472473125
3 0.0815118988281 0.603012752083 0.0691828597222 0.0178800289063
3 0.0699424671875 0.589924104167 0.0542244027778 0.0157764953125
2 0.285028702734 0.597403330556 0.0168282638889 0.0126211960938
2 0.455940746875 0.583379779861 0.0448753652778 0.0725718828125
1 0.33814290625 0.538504411806 0.0224376847222 0.0136729640625
1 0.353393519141 0.566551517361 0.0112188402778 0.00841412890625
1 0.353393520312 0.538504411111 0.00747922777778 0.0105176640625
2 0.331306426172 0.588054295833 0.0280471027778 0.0147247304688
3 0.332358191016 0.585249586111 0.0560942083333 0.0126211960938
0 0.377058264844 0.457167806944 0.0317867166667 0.0094658984375
2 0.380213565625 0.592728815278 0.059833825 0.0452259578125
1 0.48696785625 0.472126264583 0.0168282652778 0.010517665625
0 0.485916089453 0.504847886111 0.0448753666667 0.0126211976562
6 0.511859661719 0.602701118056 0.190720311111 0.037863590625
7 0.511859658203 0.664404749306 0.112188420833 0.0273459242187
