2 0.943002698438 0.713256040972 0.457367998611 0.110941495312
2 0.0468632171875 0.601889484722 0.312846513889 0.09181365
2 0.408789345312 0.440001127778 0.0187027805556 0.013389490625
2 0.395878050781 0.447652265278 0.0272040444444 0.0181714515625
2 0.389661501563 0.455303402778 0.0323048027778 0.013389490625
2 0.373402834375 0.452753023611 0.0510075833333 0.0382556875
2 0.365751696875 0.459554034722 0.0476070777778 0.032517334375
2 0.360969735937 0.467205172222 0.0493073305556 0.024866196875
2 0.347580245312 0.467205172222 0.0731108694444 0.024866196875
2 0.323192244531 0.468905425 0.0901133972222 0.0526015703125
2 0.312671930469 0.479957068056 0.102015166667 0.0430376484375
2 0.26054855625 0.483357573611 0.146221738889 0.1147670625
2 0.164431141406 0.534850948611 0.197229322222 0.201798751563
2 0.438437503125 0.449352518056 0.0374055611111 0.0229534125
2 0.450392405469 0.435750495833 0.0136020222222 0.0086075296875
2 0.462825503906 0.435750495833 0.0170025277778 0.0143458828125
2 0.469998445312 0.451902897222 0.0391058138889 0.013389490625
2 0.480040563281 0.455303402778 0.0493073305556 0.0143458828125
2 0.502515780078 0.451902897222 0.0867128916667 0.0516451789062
2 0.518774447266 0.477406688889 0.0663098583333 0.0497323945313
2 0.455174366406 0.458096675 0.0442065722222 0.0296481578125
2 0.582374528125 0.492951856944 0.127518958333 0.0946828265625
2 0.426004404688 0.4427944 0.0136020222222 0.009563921875
3 0.541249664062 0.4424300625 0.0357053083333 0.0105203140625
