0 0.274728552734 0.366049826389 0.0285498472222 0.0149121976562
0 0.289067203906 0.366049827083 0.0244712986111 0.0137651046875
0 0.3039794 0.365030188889 0.0183534722222 0.0160592890625
0 0.249000915625 0.361825614583 0.0244712986111 0.014912196875
1 0.339539254688 0.378285475694 0.0326283958333 0.0137651046875
1 0.336753458594 0.375663552778 0.0224320222222 0.0229418421875
2 0.307502610937 0.387316546528 0.0224320263889 0.014912196875
2 0.295458144922 0.394454009028 0.0244712986111 0.0137651054687
2 0.28111949375 0.393434370833 0.0183534722222 0.014912196875
2 0.261618928125 0.396493283333 0.02039275 0.0126180125
2 0.279398854297 0.402902438889 0.0203927472222 0.0367069460938
2 0.250148007422 0.394745339583 0.0203927486111 0.0172063804687
2 0.227206166406 0.394745339583 0.0203927486111 0.019500565625
2 0.204837870313 0.397804250694 0.0224320236111 0.0206476578125
2 0.188778582031 0.401300144444 0.0224320222222 0.020647659375
2 0.103320220703 0.411059540278 0.0285498472222 0.0286773023437
