2 0.454517241797 0.5980107375 0.0214854166667 0.00503564453125
2 0.444949519141 0.595325059722 0.0232758666667 0.00805703203125
2 0.433871101562 0.595325059722 0.0232758666667 0.012085546875
2 0.419771296484 0.600696413194 0.0232758652778 0.0241710929687
2 0.391068124609 0.606067768056 0.034018575 0.0312209945313
2 0.368407724609 0.597115511111 0.0268567694444 0.0140998054688
2 0.347761582031 0.602486865972 0.0375994791667 0.0412922828125
2 0.254602163281 0.602486865972 0.0232758652778 0.0322281234375
2 0.171514033594 0.600696415972 0.0805703097222 0.1500622
2 0.0548784390625 0.602486864583 0.0769894069444 0.1093943375
2 0.570840626172 0.603382089583 0.0716180513889 0.0443136695313
2 0.633786178906 0.614550970833 0.119022130556 0.0916487265625
2 0.736513321875 0.616810477083 0.1199602375 0.0916487265625
2 0.812551553125 0.646352922222 0.125331591667 0.124883979688
2 0.925853549609 0.675895369444 0.159350166667 0.146033685156
2 0.507895072656 0.633819763194 0.157559715278 0.10574853125
1 0.890073236328 0.468046545833 0.0398437222222 0.0237304523438
