1 0.178389836719 0.260815253472 0.0502567597222 0.009748078125
1 0.180339451563 0.305006544444 0.0346598333333 0.009748078125
1 0.409419294922 0.407253054861 0.0103979513889 0.0116976929688
0 0.167179546484 0.360462278472 0.0415918013889 0.0107228867187
0 0.191062338281 0.408986047222 0.0207959 0.0136473109375
0 0.0248575992188 0.330134922917 0.0467907763889 0.0165717328125
0 0.0233953890625 0.231354396528 0.1438383125 0.01949615625
0 0.194474165234 0.352663815278 0.046790775 0.0126725023437
3 0.158893679297 0.485237683333 0.0901155694444 0.0194961570312
3 0.187675034375 0.488703665972 0.0970475347222 0.0205200125
3 0.220306572656 0.490436659028 0.0935815541667 0.0175465421875
3 0.208608878906 0.481771701389 0.0901155694444 0.015596925
3 0.0565388554688 0.405520063889 0.0138639333333 0.0136473109375
2 0.0765224160156 0.518164527083 0.204493023611 0.153044832031
4 0.632650291797 0.360462278472 0.596149154167 0.306089663281
5 0.888537350781 0.480038706944 0.346598344444 0.22128138125
2 0.958395586328 0.586617699306 0.285943634722 0.0822028070313
5 0.410394103906 0.463575286806 0.0502567597222 0.0331434671875
2 0.464008534766 0.476572724306 0.0242618847222 0.0155969257813
2 0.432327280078 0.476572724306 0.0173299180556 0.0107228851563
5 0.436713914062 0.46444178125 0.0346598347222 0.013647309375
