2 0.49522948125 0.614999874306 0.0238775458333 0.0206632609375
2 0.512177669141 0.616591700694 0.0385714208333 0.0165306101562
2 0.539039907422 0.6165917 0.0569387638889 0.0392601945313
2 0.544205723437 0.624857005556 0.0514285583333 0.0227295875
2 0.5829493375 0.625775372222 0.09367345 0.05889029375
2 0.612911066016 0.649652917361 0.0863265125 0.0754209023437
2 0.896268942187 0.72918351875 0.411428484722 0.20249995625
1 0.318459596875 0.486367243056 0.0587755 0.0340943796875
1 0.507528435156 0.576183545833 0.0165306083333 0.0092984671875
0 0.466719388281 0.581486451389 0.0136020222222 0.005738353125
0 0.456677270313 0.578085945833 0.0170025277778 0.0066947453125
1 0.449026132812 0.576385693056 0.0102015166667 0.0105203140625
2 0.481065271094 0.615491506944 0.0204030333333 0.013389490625
2 0.464424052344 0.612091001389 0.0136020222222 0.009563921875
