2 0.524456752734 0.513625239583 0.0319904986111 0.0179946554688
2 0.507061916406 0.510426189583 0.0383885986111 0.0215935890625
2 0.490266904297 0.516824290278 0.0341232 0.0167950132812
2 0.472872069531 0.515757941667 0.0533175 0.03478966875
2 0.445280263672 0.511492540972 0.0661136986111 0.0299910945312
2 0.437151462891 0.530662403472 0.0617994263889 0.0486479835937
2 0.380499500391 0.547748443056 0.0831753027778 0.0659804070313
2 0.189156321484 0.603198640972 0.172748701389 0.235130175781
2 0.586838225391 0.507227140278 0.0405213 0.0179946554687
2 0.6036332375 0.513625240972 0.0490520986111 0.02279323125
2 0.621028073047 0.525355090972 0.0767772013889 0.0335900257812
2 0.663015604687 0.552013840278 0.1215639 0.0695793375
2 0.715200108203 0.569075440278 0.1770141 0.121164017969
2 0.844182195313 0.673577742361 0.403080301389 0.311635609375
