0 0.295276077734 0.173851278472 0.0408101597222 0.0110187429688
0 0.872907470703 0.0497883951389 0.0865175402778 0.0192827992187
2 0.295276078906 0.310623615278 0.0522370027778 0.058766628125
2 0.362306763672 0.317969445833 0.0506045972222 0.0569301726563
2 0.414645794531 0.322050461111 0.0457073777778 0.0587666296875
2 0.467903051562 0.325315275 0.0652962555556 0.0661124578125
2 0.537229309766 0.329396290972 0.0636638486111 0.0762129726562
2 0.579533422656 0.335925914583 0.0701934736111 0.0697853734375
2 0.632331566797 0.337558322222 0.083252725 0.0853952585937
2 0.709003653125 0.332661104167 0.0799879138889 0.08814994375
2 0.798990070703 0.34653655625 0.0848851319444 0.0771312007813
2 0.8537409625 0.339572406944 0.0881499444444 0.0394838296875
1 0.227261574609 0.243228550694 0.0555018180556 0.0238739445313
