1 0.655558276172 0.5051670875 0.0294608583333 0.0126725023438
5 0.607677455859 0.558889829861 0.0571887263889 0.0694418304687
2 0.718920785547 0.605680608333 0.136906347222 0.108203671094
2 0.82614965 0.675866772222 0.194095072222 0.207634071875
2 0.945563610547 0.717458574306 0.277278676389 0.107228863281
2 0.499589020703 0.581418724306 0.181964131944 0.114052517969
2 0.317051748047 0.523082311111 0.0282902472222 0.0404635335937
2 0.277332832813 0.521630509028 0.0311938513889 0.0263198125
2 0.173515796875 0.520764013889 0.0467907777778 0.0604380875
4 0.0688452191406 0.532511933333 0.178890727778 0.137690438281
2 0.583487172266 0.536672183333 0.0249614972222 0.0163809820312
