2 0.200228239844 0.372490901389 0.0270416222222 0.04095245625
2 0.225384747656 0.357930030556 0.0187211222222 0.011700703125
2 0.240010625391 0.364170406944 0.0187211222222 0.0175510523438
2 0.254636502344 0.362090279861 0.0187211236111 0.0117007015625
2 0.267507275 0.369370715278 0.0249614944444 0.0187211234375
2 0.371058483984 0.360010156944 0.0270416222222 0.0175510523437
2 0.356432607813 0.353769780556 0.0270416222222 0.0093605625
2 0.395629957422 0.35272971875 0.0291217458333 0.0152109117188
2 0.408500730078 0.364170407639 0.0561633708333 0.0269116148437
2 0.440677658594 0.388091838889 0.108166486111 0.0631837875
2 0.321915535937 0.428654273611 0.164329855556 0.108816525
