2 0.163530954688 0.665635854167 0.378694230556 0.327061909375
2 0.0371134082031 0.832989828472 0.323711393056 0.0742268164062
1 0.371134082422 0.470721727083 0.0556701125 0.0695876414062
1 0.416945944531 0.492371215278 0.0371134083333 0.019716496875
1 0.650412482031 0.4696908 0.0371134083333 0.0231958796875
1 0.663750113672 0.504742352083 0.0329896958333 0.0173969117187
1 0.562848033984 0.629484640278 0.0144329916667 0.0127577335937
1 0.991391936719 0.552165045139 0.0288659819444 0.009278353125
1 0.470412448438 0.521237205556 0.0329896972222 0.009278353125
0 0.426804194531 0.330240613194 0.0309278402778 0.0185567046875
