2 0.348897305469 0.611669238889 0.0343705888889 0.0290001859375
2 0.227526153516 0.634582969444 0.0496464138889 0.0547781304687
2 0.146970078125 0.645085094444 0.116478116667 0.0998895328125
2 0.385953098438 0.628854536111 0.0190947722222 0.0128889703125
2 0.471342540234 0.64890405 0.0668317083333 0.0633707789063
2 0.749708536719 0.72082769375 0.238684665278 0.210519876563
2 0.568546869922 0.665452848611 0.116478116667 0.141778691406
2 0.406897678906 0.637765429861 0.0458274569444 0.026852025
2 0.0564659722656 0.655359899306 0.1355728875 0.111704424219
2 0.880669700781 0.728874790972 0.313154281944 0.235223739063
3 0.721322109766 0.580617503472 0.0439179791667 0.0300742679688
