0 0.771831856641 0.417069422222 0.0626008138889 0.0260269695313
0 0.835751028906 0.388490790278 0.0843750111111 0.02679246875
0 0.897373706641 0.530023063194 0.0544354875 0.0382749539062
1 0.238103541406 0.436550474306 0.0387462208333 0.027530209375
0 0.2443306125 0.493504502778 0.0428247722222 0.01376510625
0 0.527662355078 0.480249216667 0.0367069444444 0.0103238289063
0 0.521353348047 0.482084564583 0.0407854958333 0.0103238273437
1 0.884293274219 0.2589879 0.0285498472222 0.0309714859375
1 0.870528170312 0.264086086806 0.0346676708333 0.014912196875
1 0.855615972266 0.31608759375 0.0448640458333 0.0195005648437
3 0.790537621875 0.692333796528 0.210045304167 0.0401482234375
3 0.777728436328 0.627514005556 0.0326283972222 0.0114709210937
3 0.186484396094 0.623435455556 0.0448640444444 0.0160592890625
3 0.199102410156 0.628533643056 0.0509818694444 0.0160592890625
3 0.153218725781 0.643828204167 0.0815709916667 0.0137651046875
3 0.132489134766 0.6464501125 0.101963741667 0.0217947492187
3 0.228271323047 0.649509025694 0.0999244652778 0.0252360257812
3 0.164607712891 0.644410838889 0.0897280916667 0.0195005648438
6 0.201888205469 0.641351926389 0.0815709916667 0.02982439375
7 0.200741113281 0.662764311806 0.0693353430556 0.0435894984375
3 0.528809446484 0.665143475694 0.0672960680556 0.0137651039062
1 0.348715991797 0.566918396528 0.0163141986111 0.0229418414062
2 0.0826725640625 0.637710366667 0.0938066416667 0.136503957812
2 0.275302107813 0.654024563194 0.0734138902778 0.0596487890625
2 0.494970238281 0.657083474306 0.116238659722 0.0493249578125
2 0.566663494141 0.6958297125 0.189652558333 0.0573546023437
5 0.435894989453 0.639312652083 0.212084579167 0.0745609851563
2 0.349863083984 0.703549806944 0.218202405556 0.135356864844
2 0.672769511328 0.714183184722 0.360951638889 0.214506217969
2 0.8651855125 0.799780979861 0.394848795833 0.267098639063
1 0.544868735547 0.494524138889 0.0305891222222 0.0160592898437
1 0.562648663281 0.494524140278 0.0346676694444 0.019500565625
