0 0.157725107422 0.248906072917 0.0562499625 0.0382323960938
0 0.55257346875 0.60046833125 0.0281249791667 0.0105468671875
0 0.451059866797 0.596952708333 0.0257812333333 0.0105468679688
0 0.470835243359 0.626249563889 0.0187499861111 0.00791015078125
1 0.159702645703 0.322734145833 0.0398437222222 0.0659179242188
1 0.573667204297 0.648515171528 0.0257812319444 0.00791015078125
1 0.617832212891 0.622733940278 0.0164062388889 0.0145019429688
1 0.590805863281 0.637968304861 0.0140624902778 0.013183584375
1 0.859091812109 0.591093336111 0.0281249805556 0.0276855273437
2 0.549096302344 0.6714839125 0.0234374861111 0.0197753765625
2 0.183911005859 0.641015184028 0.0749999486111 0.0540526960938
2 0.123266516797 0.652733926389 0.0609374583333 0.0329589617187
2 0.0632812058594 0.646874554861 0.0914061875 0.100195242969
2 0.371777088281 0.656249547917 0.0351562236111 0.0237304515625
2 0.323657004297 0.651562052083 0.0351562263889 0.0514159804687
2 0.410668662891 0.655077673611 0.0234374833333 0.0224120945313
2 0.512841444922 0.66257766875 0.0257812319444 0.0184570195313
2 0.495043605078 0.657890170139 0.0257812319444 0.0171386601563
2 0.444286803516 0.667265164583 0.0585937097222 0.0395507554687
2 0.566894140625 0.680858905556 0.0281249805556 0.0210937359375
2 0.603808178906 0.686718277083 0.0492187152778 0.0369140359375
2 0.739599100781 0.724050827083 0.119531168056 0.116015545312
2 0.0224722085938 0.656471797917 0.0801804319444 0.044581875
