2 0.866116382813 0.536186338889 0.144915227778 0.264279610937
5 0.749650298828 0.451271115278 0.1235593 0.101249980469
2 0.648857937891 0.543660917361 0.170847404167 0.173326238281
2 0.504533803125 0.491186346528 0.0823728652778 0.0617796484375
2 0.410748859766 0.466779573611 0.0122033861111 0.00600635546875
2 0.403455428516 0.466779572917 0.0152542347222 0.00858050703125
2 0.393158821094 0.465254149306 0.0122033875 0.0068644046875
2 0.354975569141 0.461440591667 0.0137288111111 0.0111546664063
2 0.343391887891 0.461440591667 0.0137288111111 0.0102966085937
2 0.327946975 0.462203301389 0.0122033861111 0.00858050625
2 0.43074144375 0.473643977778 0.0472881277778 0.030889825
2 0.380545478516 0.467542285417 0.0198305041667 0.0180190648437
2 0.0248834695313 0.483177875694 0.0289830458333 0.036038128125
2 0.0664989289063 0.481652452083 0.0350847375 0.0454766875
2 0.106827309375 0.479745670833 0.0259321972222 0.0265995703125
2 0.156165224219 0.477457534028 0.0244067736111 0.029173721875
0 0.370248870703 0.188008436806 0.0732203236111 0.0180190632813
0 0.701027409766 0.330635530556 0.0533898194444 0.0137288101563
0 0.382261580078 0.430550766667 0.0152542333333 0.00600635546875
0 0.33721391875 0.429025342361 0.0152542347222 0.005148303125
0 0.18705505 0.281593169444 0.0323389833333 0.0240254203125
0 0.202070935547 0.378305014583 0.0305084680556 0.00943855703125
0 0.699096794922 0.387457553472 0.0198305041667 0.0180190632812
1 0.193490428906 0.203949113889 0.0533898194444 0.0265995703125
1 0.2968855375 0.196321997917 0.0350847375 0.0772245625
0 0.347081501563 0.18106776875 0.0686440569444 0.018019065625
1 0.470383395703 0.426966034722 0.0106779638889 0.0137288101563
1 0.193919455078 0.485084653472 0.0274576208333 0.0154449132813
1 0.193490429688 0.439321951389 0.0427118583333 0.028315671875
2 0.274147192969 0.472118554861 0.0198305041667 0.0248834703125
2 0.227812456641 0.4644914375 0.0106779638889 0.0111546585938
2 0.318765828516 0.463728726389 0.0122033861111 0.00943855703125
2 0.308898246875 0.463728726389 0.0122033861111 0.00858050625
2 0.299459689062 0.463728726389 0.0122033861111 0.0068644046875
2 0.291737232422 0.461440590278 0.0106779638889 0.00686440546875
