2 0.306728151172 0.504000349306 0.0317647263889 0.0297794320312
2 0.472003998828 0.502676819444 0.0291176666667 0.0148897164062
2 0.448924938281 0.498706227778 0.0211764833333 0.0253125171875
4 0.373731873047 0.500294457639 0.121764790278 0.0774265226562
5 0.188354908594 0.477794443056 0.119117727778 0.12358464375
5 0.454880825 0.477794443056 0.0132353027778 0.01340074375
5 0.477959885156 0.476470914583 0.0158823652778 0.014889715625
2 0.165275848047 0.587647460417 0.190588365278 0.205478082031
2 0.343952440234 0.542647428472 0.0847059402778 0.0684926929687
2 0.439991109766 0.554559202083 0.1085294875 0.0818934382812
1 0.274715260547 0.455294428472 0.0423529708333 0.0372242898437
1 0.274715260937 0.513529761806 0.0264706069444 0.0223345734375
