0 0.362483701953 0.303714575694 0.0355637680556 0.0224051742187
0 0.660152437109 0.308693502083 0.0284510125 0.0160036960938
0 0.710964170703 0.375553386806 0.0256059125 0.0184042507813
1 0.367026413672 0.352792573611 0.0170706055556 0.0208048039063
1 0.367026414063 0.369863183333 0.0170706083333 0.017604065625
2 0.627144815625 0.443835820139 0.0270284625 0.023205359375
2 0.609540750391 0.450237298611 0.0227608111111 0.0152035101563
2 0.599138348828 0.4530824 0.0227608111111 0.0184042507812
2 0.575932989844 0.455927501389 0.0284510138889 0.0296068359375
2 0.529922365234 0.458061327778 0.0384088694444 0.0304070210937
2 0.501115713672 0.459483877778 0.049789275 0.0400092382813
2 0.469908508203 0.463751530556 0.049789275 0.0416096101562
2 0.435100470312 0.468019182639 0.0412539708333 0.0504116421875
2 0.203446978125 0.488646167361 0.119494259722 0.104024020312
2 0.0902208328125 0.507850602778 0.155058027778 0.141632704687
2 0.0146033726562 0.521364834028 0.142255070833 0.0272062828125
2 0.656351559375 0.486512341667 0.115226608333 0.0792182921875
2 0.689559227344 0.511406978472 0.142255070833 0.107224759375
2 0.873410013672 0.556928601389 0.450948575 0.252058203906
