2 0.351640578906 0.600395020833 0.0676870083333 0.0532895046875
2 0.44647485 0.600208042361 0.0243074902778 0.015776496875
2 0.422810102734 0.616101402778 0.0448753666667 0.0336565257813
2 0.461199578906 0.632929663889 0.0523545972222 0.017880028125
2 0.516417316406 0.627320244444 0.145844944444 0.103073109375
2 0.1027384625 0.770493273611 0.383310433333 0.202990921875
0 0.139359051953 0.551593060417 0.0243074902778 0.0178800289063
0 0.220870950391 0.566551517361 0.0168282625 0.0126211960937
0 0.419128923438 0.494875590972 0.0224376847222 0.01156943125
0 0.4913502375 0.496745399306 0.0186980680556 0.0094658984375
0 0.395113593359 0.546918544444 0.01308865 0.0126211976562
0 0.443494850391 0.547853448611 0.0149584583333 0.00841413203125
0 0.41667480625 0.570291130556 0.0149584555556 0.0094658984375
0 0.443494850391 0.571759885417 0.0178959652778 0.00841413203125
