1 0.401541260156 0.4042375625 0.0291217444444 0.0245714734375
1 0.354153419141 0.390716753472 0.0270416208333 0.0304218242187
1 0.35122824375 0.344954009028 0.0603236152778 0.0409524546875
1 0.471160435547 0.370955568056 0.0166409972222 0.0117007007813
2 0.368194261328 0.447920183333 0.0124807472222 0.0163809820313
2 0.355323490234 0.446880119444 0.0187211222222 0.0140408429688
2 0.344207822656 0.448960245833 0.018721125 0.0128707734375
2 0.331337051953 0.451040370139 0.0270416236111 0.0198911929688
2 0.313785999609 0.448960245139 0.0228813736111 0.0175510539063
2 0.297990050781 0.452080431944 0.0291217472222 0.0210612625
2 0.241826682813 0.46040093125 0.0374422430556 0.0304218234375
2 0.207309614453 0.456240681944 0.0124807472222 0.0175510523437
2 0.0202873070313 0.472881679861 0.0624037402778 0.0405746140625
2 0.0150219914062 0.497843177083 0.0665639902778 0.0300439828125
2 0.0914726667969 0.471841616667 0.0644838666667 0.0666939992187
2 0.166357158203 0.47704193125 0.0832049902778 0.0760545617187
2 0.275173683594 0.456240681944 0.0499229944444 0.0432925953125
2 0.506847576172 0.389676690972 0.0124807486111 0.0128707710938
2 0.520303383203 0.388636628472 0.0187211236111 0.0140408429687
