1 0.341182745312 0.492169650694 0.0311938513889 0.0233953875
0 0.171078778125 0.525096493056 0.0242618833333 0.00682365625
0 0.150120408594 0.528562476389 0.0207959 0.007798465625
0 0.464495939062 0.277278676389 0.0589217194444 0.012672503125
2 0.207146667188 0.567554790278 0.0675866777778 0.059463278125
2 0.154019639844 0.565821798611 0.0571887277778 0.0487403921875
2 0.260761098438 0.565821798611 0.0675866777778 0.047765584375
2 0.344107169531 0.55369085625 0.0225288930556 0.015596925
2 0.363603326172 0.558889831944 0.0225288916667 0.0175465398437
2 0.386998714453 0.559756325694 0.0277278680556 0.0233953882813
2 0.409906699609 0.57188726875 0.0415918013889 0.0302190445312
2 0.429890260547 0.558889831944 0.0225288916667 0.0175465414062
2 0.451570214453 0.555423847917 0.0329268430556 0.0209774085938
2 0.463521130078 0.562355813194 0.0329268430556 0.0204709648437
2 0.491303154688 0.562355815972 0.0537227458333 0.0389923125
2 0.503975657031 0.56928778125 0.0502567625 0.0253450046875
2 0.540530950391 0.573620261806 0.0762516375 0.0692113570313
0 0.667255971094 0.43064844375 0.0329268430556 0.0107228859375
0 0.686264722656 0.431514939583 0.0311938513889 0.017546540625
2 0.0867578984375 0.681065749306 0.471373751389 0.173515796875
1 0.290005333984 0.500834608333 0.0415918 0.0165717335938
