2 0.110799164063 0.469656070139 0.432194593056 0.219891139063
2 0.381224291797 0.498792784722 0.310791616667 0.184380769531
2 0.228256542969 0.467228011111 0.126259097222 0.0833127921875
2 0.493901428906 0.44051935625 0.1311152125 0.109262678125
2 0.737010886328 0.453873682639 0.0704137263889 0.0327788023437
2 0.704914975391 0.441733384722 0.0461331305556 0.0696549570313
0 0.184551471484 0.314260259722 0.0291367111111 0.00682891640625
0 0.527363123437 0.265699070833 0.0388489527778 0.009560484375
0 0.190014604688 0.32275846875 0.0315647736111 0.0095604828125
0 0.518485530859 0.270555190278 0.0339928333333 0.00819470078125
0 0.598383864063 0.313046229861 0.0607014875 0.009560484375
0 0.612724591016 0.310618172222 0.0364208944444 0.00819470078125
0 0.689891357031 0.333684736111 0.0388489527778 0.0204867515625
0 0.708329433984 0.334898765278 0.0412770111111 0.0191209679687
2 0.646186285937 0.453873683333 0.0364208944444 0.047802421875
1 0.648917852734 0.238990415972 0.0825540236111 0.0478024210937
1 0.650283634766 0.322758468056 0.070413725 0.0341445867187
1 0.700134731641 0.224422059028 0.0485611902778 0.0273156664063
3 0.568336627734 0.444161444444 0.0898382027778 0.0204867523437
3 0.556727468359 0.446589503472 0.0898382013889 0.0163894023437
1 0.711743892578 0.28755160625 0.0242805958333 0.0177551851562
1 0.121725431641 0.288765634722 0.0364208944444 0.0232183195312
2 0.601943844922 0.450577849306 0.0415918013889 0.0555640476563
2 0.274895812109 0.483504691667 0.0242618833333 0.0155969242188
2 0.291467546094 0.486104179167 0.00866495833333 0.009748078125
