2 0.561976723047 0.452310839583 0.0450577847222 0.0282694273438
2 0.436713915234 0.458376311806 0.0294608597222 0.0253450039062
2 0.415268142578 0.46964075625 0.0450577847222 0.0311938507813
5 0.257349271094 0.431514938194 0.447111865278 0.288543121875
2 0.0857839355469 0.5870857625 0.234890005556 0.171567871094
5 0.519572582031 0.418517502778 0.0537227416667 0.0370426984375
2 0.46352113125 0.454910327083 0.0155969263889 0.0224205796875
2 0.486429115234 0.445378875 0.0173299166667 0.0214457726563
2 0.635574716016 0.474839733333 0.142105319444 0.0896823226562
2 0.489353539063 0.572753765278 0.244351833333 0.175465410938
2 0.707710497266 0.454043831944 0.138639338889 0.0701861664063
2 0.805191281641 0.4687742625 0.1681002 0.148170792969
3 0.585372111328 0.452310839583 0.0450577847222 0.0107228867188
7 0.933865916406 0.504300593056 0.0935815555556 0.0467907765625
3 0.933865915234 0.434980923611 0.0831836027778 0.0233953882813
1 0.553203452734 0.390789634722 0.015596925 0.0185213492187
2 0.988614629297 0.580552227083 0.152503273611 0.0217647210937
3 0.887562542969 0.454910328472 0.109178479167 0.024370196875
