2 0.809253 0.638896292361 0.308472529167 0.3090140875
2 0.52249700625 0.585173546528 0.0519897513889 0.0370426984375
2 0.457022413281 0.595571497917 0.124775404167 0.07571008125
2 0.397396669531 0.594705002778 0.0225288916667 0.0233953875
0 0.436713915234 0.51279226875 0.0225288930556 0.00779846328125
0 0.482529883984 0.501527822222 0.0242618861111 0.00779846328125
0 0.292344882813 0.520764014583 0.0190629097222 0.0068236546875
1 0.391872753906 0.532028461806 0.00693196805556 0.009748078125
1 0.457867241797 0.520937322917 0.0138639347222 0.00487403828125
1 0.421116989062 0.521197260417 0.0155969263889 0.005848846875
