2 0.899418165625 0.657577671528 0.255867254167 0.199025903125
2 0.712937368359 0.626430931944 0.158456525 0.167736211719
2 0.577836025391 0.595862547222 0.094824375 0.0786044164063
2 0.366206507812 0.575808545139 0.0723659708333 0.0511747640625
2 0.537071696875 0.57892776875 0.0736136625 0.0449168125
2 0.507244126563 0.586413903472 0.0336876097222 0.014738328125
2 0.492154887109 0.587037749306 0.0249537847222 0.0168438039062
2 0.406181305078 0.578303924306 0.0424214291667 0.0259675304688
2 0.423726934375 0.583294678472 0.0199630263889 0.009123728125
2 0.462327317969 0.584542370139 0.0149722708333 0.0119310265625
2 0.474609257422 0.58579005625 0.0199630263889 0.0126328523438
2 0.308978522266 0.576432389583 0.0237060930556 0.0252657054688
1 0.348631642969 0.527148669444 0.0249537833333 0.009123725
1 0.427937885547 0.548983229167 0.0187153388889 0.00912372734375
2 0.281870513672 0.559588595139 0.0162199597222 0.0140365023438
2 0.223268114844 0.563331663194 0.0286968513889 0.0217565796875
