0 0.491597771094 0.111753802778 0.0844897777778 0.0144642828125
0 0.1553032 0.122774206944 0.0697959027778 0.0196300984375
0 0.0726657964844 0.330918296528 0.0495918263889 0.0144642820313
0 0.320280544531 0.356326453472 0.0275510152778 0.008265303125
0 0.409132567187 0.376530530556 0.0202040777778 0.0082653046875
0 0.134389467578 0.118933772222 0.0661224333333 0.0180647148438
0 0.476616907031 0.113423570139 0.0697959041667 0.01136479375
0 0.204394084766 0.372244821528 0.0257142791667 0.0113647929687
0 0.189413220703 0.373163188889 0.0275510138889 0.0165306085937
0 0.130768921484 0.392405164583 0.0202040763889 0.0103316304688
1 0.123020199219 0.343994095139 0.0146938763889 0.021696425
1 0.572200128906 0.317448902083 0.0459183597222 0.01136479375
1 0.568067476172 0.378061136111 0.0128571416667 0.0134311195313
1 0.572200128906 0.393673377083 0.0146938763889 0.0196300984375
0 0.583048340234 0.416938688194 0.0293877486111 0.0165306085937
1 0.727691166797 0.29204075625 0.0293877486111 0.0185969351563
1 0.736473053125 0.335204009722 0.0312244805556 0.0196300984375
0 0.719425862891 0.393367263194 0.0275510152778 0.0144642820312
3 0.2051566625 0.454066959722 0.0642857 0.01239795625
3 0.222720434375 0.439373088194 0.0459183569444 0.01239795625
3 0.215488292188 0.441209822222 0.0606122333333 0.01239795625
3 0.166413047266 0.445801655556 0.0440816222222 0.0134311195313
3 0.132835249219 0.458658798611 0.0844897777778 0.0103316296875
3 0.082210259375 0.454023229167 0.0570262277778 0.01239795625
3 0.544993507422 0.471734593056 0.0569387638889 0.0113647929687
3 0.53311213125 0.471734589583 0.0422448875 0.01239795625
3 0.774134318359 0.52228851875 0.112040793056 0.0206632617187
3 0.752954475781 0.514023215278 0.1285714 0.017563771875
1 0.430140209766 0.423673379167 0.0146938722222 0.00826530546875
3 0.0705994695313 0.460408065972 0.0771428402778 0.018596934375
3 0.0478698824219 0.459183575694 0.0771428402778 0.0165306085937
3 0.0313392734375 0.453673375 0.0844897777778 0.0144642828125
3 0.48841491875 0.475714183333 0.0734693722222 0.0144642828125
3 0.469817983594 0.468367248611 0.0661224333333 0.0144642828125
3 0.457420027344 0.454591740278 0.0569387638889 0.01239795625
3 0.588115151953 0.485816222917 0.0716326375 0.0134311195313
3 0.705895739453 0.491326425 0.0569387638889 0.0113647929687
3 0.692981201562 0.483979488889 0.0716326361111 0.01239795625
3 0.894719197656 0.550101923611 0.170816291667 0.0278954015625
0 0.914349294922 0.359999922917 0.0624489680556 0.0382270320313
1 0.880254915234 0.241530561806 0.0422448875 0.0361607070313
4 0.363747189453 0.43071419375 0.185510165278 0.0774872289062
2 0.402662385938 0.443020307639 0.0330612152778 0.01239795625
2 0.419623785937 0.453673372222 0.02938775 0.02186800625
2 0.281265727734 0.54183661875 0.367346859722 0.215931075781
1 0.266556065234 0.397652975694 0.0165306069444 0.0103316304688
1 0.273788207812 0.416020318056 0.0202040777778 0.0082653046875
2 0.0102273761719 0.655676909722 0.172058941667 0.0204547523438
