2 0.0490305269531 0.720177364583 0.0276378013889 0.0526181242188
2 0.0263090625 0.733996266667 0.0425196972222 0.0239173296875
2 0.0185359300781 0.742500204861 0.0552756069444 0.0298966617188
2 0.00777313203125 0.753130129861 0.0595275763889 0.0155462640625
2 0.0926796503906 0.713799411806 0.0106299263889 0.0131545304687
1 0.0843085863281 0.694665547222 0.0148818944444 0.0107627976562
2 0.117792847656 0.7169883875 0.0170078777778 0.0227214625
2 0.129751512891 0.726555320139 0.0361417430556 0.0179379976562
2 0.147689510156 0.735059259028 0.0701574986111 0.0418553265625
2 0.161441974219 0.753130130556 0.0892913638889 0.045442925
2 0.210554713281 0.769234463889 0.130003972222 0.095504890625
2 0.276245155469 0.711673425 0.0276378027778 0.0239173296875
2 0.261894757422 0.730807289583 0.0488976513889 0.0430511929687
