2 0.0339215347656 0.591344002778 0.118530469444 0.0673752148438
2 0.0633981914062 0.585105557639 0.0711182819444 0.0477241109375
2 0.104454963281 0.575747888889 0.07486135 0.0736916421875
2 0.155688198828 0.556408704861 0.0810997902778 0.0638660882812
2 0.204465045313 0.548922572917 0.0586413902778 0.0393022078125
2 0.232888964453 0.548298729861 0.0399260541667 0.0217565789063
2 0.271138435156 0.547674883333 0.0536506333333 0.0491277625
2 0.388694147656 0.545179506944 0.113539713889 0.0793062421875
2 0.438874645312 0.535821835417 0.0573937013889 0.0393022078125
2 0.4574730125 0.517106497917 0.0349352958333 0.017545628125
2 0.469404041016 0.505253452083 0.0212107152778 0.0105273773438
2 0.489406056641 0.514611120139 0.0474121875 0.0266693554688
2 0.521690012891 0.514611120139 0.0324399180556 0.0280730039062
2 0.505898948047 0.505253453472 0.0187153375 0.00631642734375
2 0.558535832813 0.525840322917 0.0873382430556 0.027371178125
2 0.610119982422 0.516482655556 0.145979633333 0.0954482195313
2 0.636789338281 0.549546416667 0.13225505 0.0645679140625
2 0.733290296484 0.56514253125 0.265757790278 0.191598264844
2 0.877866277344 0.610059341667 0.570193944444 0.242129676563
1 0.905588371875 0.2681925125 0.133502738889 0.07158616875
1 0.519935450391 0.426649034028 0.0112292041667 0.0245638789062
0 0.435014608203 0.4696943125 0.0124768916667 0.0133346789063
0 0.486247843359 0.430392101389 0.0187153388889 0.0119310273437
0 0.470105864844 0.478428134722 0.0124768916667 0.0077200765625
0 0.307984255078 0.429768259028 0.0224584069444 0.00631642578125
0 0.298509615234 0.431015947222 0.0174676472222 0.00701825078125
1 0.260260145703 0.43288748125 0.0112292041667 0.0343894335938
1 0.361673879297 0.480299668056 0.0162199583333 0.0126328523438
