1 0.697431982422 0.111480354861 0.172658601389 0.0841200851563
1 0.692461249609 0.255589106944 0.101963738889 0.0604135179687
1 0.264978270312 0.0210725041667 0.0407854944444 0.1881231
1 0.490751121875 0.0516176819444 0.103235363889 0.249709915625
1 0.4951614125 0.424848915972 0.0135951652778 0.00764728125
1 0.487896495312 0.428247709028 0.0122356486111 0.0068825515625
1 0.472984299609 0.367749222917 0.0108761347222 0.0107061929688
1 0.471837207031 0.382024144444 0.0176737138889 0.0099414640625
1 0.47145484375 0.395619309028 0.00951661527778 0.0091767375
1 0.471072479297 0.407175202083 0.0135951652778 0.00841200859375
1 0.368216558203 0.413972786111 0.0108761333333 0.00764728046875
1 0.360569275 0.413972784722 0.0135951666667 0.006117825
1 0.341451073828 0.415332299306 0.0108761319444 0.00611782421875
1 0.460748650781 0.386782455556 0.00815710277778 0.0091767375
1 0.456925009766 0.418051333333 0.0108761305556 0.0168240164063
2 0.212976762891 0.417371574306 0.0122356486111 0.0252360257812
2 0.359039819922 0.426888190278 0.0176737138889 0.0305891210938
2 0.3854229375 0.430286983333 0.0217522666667 0.0099414625
2 0.417923880078 0.432326257639 0.0258308152778 0.00764728046875
2 0.427865344922 0.436404810417 0.0231117819444 0.0198829304687
2 0.466866475391 0.437764323611 0.0231117805556 0.0168240164062
2 0.285243563281 0.439803599306 0.111480354167 0.105532470312
2 0.401482227344 0.437084565972 0.0462235625 0.03594221875
2 0.448130637891 0.436404807639 0.0421450125 0.0252360257813
