1 0.30049631875 0.345368734028 0.0255198597222 0.037322790625
1 0.294754350391 0.284121075 0.0204158861111 0.0344518070313
1 0.291165621484 0.398322436806 0.0242438652778 0.00717746015625
1 0.456964942969 0.433412243056 0.0229678722222 0.0157904109375
1 0.05215620625 0.358553997222 0.0689036138889 0.0272743484375
1 0.724444958594 0.487216620139 0.0395557763889 0.0172259046875
1 0.688557658594 0.470628718056 0.0165879083333 0.011483934375
3 0.831269493359 0.582916086806 0.116115348611 0.0437825054688
3 0.508642652734 0.529324386806 0.0803875486111 0.0172259023438
2 0.573239811328 0.505505847222 0.0267958472222 0.0114839367187
2 0.594054444922 0.505505846528 0.0114839347222 0.0100484445313
2 0.590824587109 0.51507579375 0.0255198597222 0.0136371742187
2 0.601231903906 0.5118858125 0.0140359222222 0.0100484453125
2 0.607691617969 0.513161804861 0.0165879069444 0.014354921875
2 0.617022316016 0.52145575625 0.0204158847222 0.0129194273438
2 0.626711886719 0.517627778472 0.0280718402778 0.0165081578125
2 0.650756377344 0.516989785417 0.0395557791667 0.0344518078125
2 0.639990187109 0.537405669444 0.0446597527778 0.0473712351562
2 0.690232407031 0.545699621528 0.0689036152778 0.0559841875
2 0.72396646875 0.561011535417 0.0637996458333 0.0401937765625
2 0.767748973438 0.578947200694 0.122638840278 0.0875650109375
2 0.499670846875 0.49721189375 0.0255198569444 0.015072665625
2 0.515820130859 0.499125883333 0.0191398916667 0.00861295078125
2 0.477420722656 0.508057834028 0.0497637236111 0.0351695546875
2 0.465577913281 0.520817763194 0.0497637236111 0.031580825
2 0.4365092 0.521455759028 0.0765595736111 0.039476028125
2 0.391650076172 0.478072 0.0102079444444 0.0416292679687
2 0.384831489453 0.533577693056 0.100803441667 0.0882827570313
5 0.54704208125 0.491469927778 0.0650756361111 0.0409115203125
5 0.538309491016 0.543572963194 0.0842155263889 0.0588551710937
4 0.937951947656 0.523284675 0.606607011111 0.122211215625
1 0.302119793359 0.386625840972 0.0484877291667 0.0222501273438
