2 0.0916482132812 0.360354429861 0.146692951389 0.147091576562
2 0.191503063281 0.350787498611 0.0935433333333 0.0526181234375
2 0.237543922656 0.340157574306 0.0765354541667 0.0394635921875
2 0.272821983984 0.328464657639 0.0531496208333 0.0334842617187
2 0.304512445312 0.317834733333 0.0659055305556 0.03946359375
2 0.335604973828 0.317834734028 0.0446456819444 0.0346801273438
2 0.360120236719 0.311456779861 0.0488976513889 0.0287007953125
2 0.388223098828 0.310393786806 0.0425196958333 0.0251131960938
2 0.410346628516 0.304015831944 0.0382677277778 0.0167421304688
2 0.426490825781 0.296574885417 0.0403937125 0.0227214625
2 0.440243290234 0.298700870833 0.0233858333333 0.00956693203125
2 0.452201955078 0.293385908333 0.0340157583333 0.0143503976563
2 0.468944085547 0.291259922917 0.0297637875 0.0143503976563
2 0.833683360156 0.350787499306 0.0807874236111 0.0550098578125
2 0.962836938672 0.358228445833 0.0701575 0.0693602554687
2 0.660282721484 0.338031589583 0.0807874236111 0.0430511929688
