0 0.504104776563 0.522457527778 0.0167796583333 0.0077224546875
0 0.568887603906 0.523220240278 0.0122033888889 0.00686440625
2 0.518691639063 0.578135483333 0.0213559277778 0.0094385578125
2 0.51011113125 0.58042361875 0.0198305041667 0.00772245625
2 0.501530625391 0.580423618056 0.0289830416667 0.0111546585938
2 0.492092067578 0.584237176389 0.0366101583333 0.0163029632813
2 0.481795458984 0.587288022917 0.0488135513889 0.0197351648438
2 0.476218130859 0.588813447222 0.0518644 0.0188771148438
2 0.467637623047 0.590338871528 0.0701694819444 0.0205932164063
2 0.447902457422 0.592627005556 0.0899999833333 0.0394703320312
2 0.448331481641 0.60483039375 0.0961016763889 0.0283156726562
2 0.435031696875 0.608643950694 0.112881331944 0.0257415203125
2 0.405428947656 0.613220222222 0.125084722222 0.05748939375
2 0.346652476562 0.626949034028 0.189152506944 0.120127095312
2 0.172210769922 0.690050726389 0.396508413889 0.340302907031
2 0.0433315597656 0.83669475625 0.266949101389 0.0866631195312
2 0.534994602344 0.587796515278 0.0518643972222 0.033463978125
2 0.558304996094 0.580169396528 0.0274576208333 0.0102966078125
2 0.568172579297 0.587033802778 0.0411864333333 0.0128707601563
2 0.584046516797 0.594660919444 0.0564406666667 0.0240254195313
2 0.59477215 0.602288035417 0.0503389708333 0.0300317734375
2 0.599920455078 0.606864306944 0.0594915138889 0.0214512679688
2 0.616652442187 0.614491425694 0.0777965986111 0.036038128125
2 0.628236126563 0.622118540278 0.0838982888889 0.0300317734375
2 0.680891826172 0.632898186806 0.172372848611 0.0769957257812
2 0.736121676953 0.648152422222 0.199830469444 0.138146160156
2 0.876956407813 0.721576150694 0.328372848611 0.240883404688
2 0.971885426172 0.827542215278 0.331016888889 0.0531991429688
