1 0.487835316016 0.565135728472 0.0183107291667 0.0149815070313
1 0.47332198125 0.565135729861 0.0216399541667 0.0140451625
2 0.492048865234 0.598427967361 0.0149815069444 0.00842709765625
2 0.448508860156 0.595931048611 0.0233045638889 0.0131088171875
2 0.359087992187 0.596763355556 0.0116522833333 0.012172475
2 0.317420675781 0.59509874375 0.0149815069444 0.0168541953125
2 0.220977225781 0.600092578472 0.00832305694444 0.020599571875
2 0.120320227344 0.601757189583 0.0116522791667 0.0290266703125
2 0.0187268839844 0.600924884722 0.0199753416667 0.0374537679688
2 0.429313805078 0.600092579167 0.0183107305556 0.0159178507813
2 0.4681720875 0.60924794375 0.0632552486111 0.04119914375
2 0.378283046875 0.604254108333 0.0432799083333 0.033708390625
5 0.279966908594 0.605086415972 0.0982121041667 0.0655440921875
1 0.213954644141 0.585111071528 0.0183107291667 0.0121724742188
