1 0.480474651953 0.277400146528 0.0246677541667 0.0163984523437
1 0.478582523438 0.332341969444 0.00897009444444 0.0126141953125
1 0.522101492578 0.314401783333 0.00897009444444 0.0138756148437
1 0.443262781641 0.350282155556 0.0179401833333 0.0100913554687
1 0.147586067188 0.143895247917 0.109883643056 0.030274065625
0 0.352945145312 0.339069531944 0.0224252361111 0.005045678125
0 0.390787726563 0.342433314583 0.0201827125 0.005045678125
2 0.408321448047 0.376743923611 0.0224252361111 0.0138756132812
2 0.423458480078 0.383471493056 0.035880375 0.0239669679688
2 0.449317578125 0.396926633333 0.0583056083333 0.0479339375
2 0.320022092578 0.385714015278 0.0403654194444 0.0290126445313
