2 0.432485663672 0.315054430556 0.0212212833333 0.0110187429687
2 0.382442205469 0.323216461806 0.0571342236111 0.037647371875
2 0.415039320312 0.330562290278 0.0555018138889 0.0330562296875
2 0.562415008594 0.339540526389 0.0669286611111 0.052339028125
2 0.471051265234 0.369740044444 0.143651761111 0.101005146094
2 0.174681512891 0.374637265278 0.288935930556 0.267204517969
2 0.292214773047 0.320767852083 0.0734582847222 0.0486661148437
2 0.345713062109 0.351783572917 0.104474006944 0.0853952554688
1 0.466001006641 0.245677159722 0.01305925 0.0229557148438
1 0.503368144531 0.220407656944 0.0246537111111 0.0172197578125
