1 0.560119439063 0.461971003472 0.0424425680556 0.0247921734375
0 0.390553233203 0.486729175694 0.0179564680556 0.00550937109375
0 0.417640977344 0.498972222917 0.0163240625 0.0064276
0 0.446565179297 0.516112488889 0.0146916583333 0.00367291484375
0 0.470439119922 0.515296284722 0.01305925 0.00550936953125
0 0.445187835937 0.478839220139 0.0163240625 0.0045911421875
0 0.465847978906 0.479655422917 0.0179564680556 0.005509371875
0 0.567771351172 0.507406329861 0.0179564680556 0.00550937109375
1 0.8582158125 0.473164647222 0.0489721888889 0.0247921703125
2 0.208437889453 0.534885188889 0.0228536888889 0.0440749726563
2 0.287405547266 0.529987970139 0.0228536902778 0.0293833148437
2 0.343876605078 0.538966205556 0.0342805333333 0.0358109148437
2 0.452533664453 0.543591321528 0.0195888763889 0.0101005148437
2 0.440137577734 0.550120947917 0.0326481291667 0.0238739445313
2 0.556293494141 0.562363995139 0.0408101597222 0.0229557164063
2 0.587513266797 0.559099183333 0.0473397888889 0.0394838289063
2 0.622865067969 0.560731591667 0.0440749722222 0.0459114296875
2 0.650564952344 0.586850092361 0.0718258791667 0.061521315625
2 0.409070834766 0.556650574306 0.0636638486111 0.0431567445313
2 0.471510377734 0.553385761806 0.0538694125 0.0321379992187
2 0.897619442578 0.637301636111 0.259552608333 0.202010286719
