5 0.280984234375 0.408880745833 0.0249486555556 0.0343044015625
5 0.316847927344 0.413731872222 0.0457392 0.0280672375
2 0.303204130859 0.423434127083 0.0263346902778 0.0194911367188
5 0.3495930375 0.415810927083 0.0415810902778 0.0498973109375
2 0.413134146094 0.424127146528 0.0221765819444 0.031965465625
2 0.270848843359 0.419969036806 0.0277207291667 0.0389822742188
1 0.194269785156 0.190580009028 0.0900923680556 0.035084046875
1 0.4488240375 0.401950563889 0.0110882916667 0.0062371640625
0 0.207133935547 0.0388090201389 0.0776180402778 0.0155929101563
0 0.469094820312 0.121278186806 0.0568274930556 0.012474328125
0 0.0816110121094 0.0388090201389 0.0776180402778 0.0171522007813
0 0.0192393726562 0.0762320034722 0.0637576763889 0.015592909375
0 0.576296075 0.4033366 0.0110882916667 0.00545751875
3 0.468956761719 0.422741110417 0.0194045097222 0.0054575171875
3 0.475583748438 0.425513181944 0.0194045083333 0.0062371640625
3 0.480261621484 0.424820164583 0.0180184736111 0.00467787265625
3 0.485329317188 0.424820164583 0.0152464013889 0.00545751875
3 0.461160307031 0.424127146528 0.0194045097222 0.007016809375
3 0.501701872656 0.417889983333 0.0291067666667 0.007016809375
3 0.507159391016 0.4262062 0.0207905444444 0.00545751796875
3 0.511057618359 0.424820164583 0.0235626180556 0.00545751796875
3 0.517684605078 0.425513183333 0.0249486555556 0.00779645546875
3 0.557056702734 0.423434127778 0.0235626194444 0.00701681015625
3 0.550429715625 0.426899219444 0.0138603638889 0.0062371640625
3 0.544192551563 0.425513182639 0.0221765819444 0.0062371640625
3 0.537565564844 0.424127146528 0.0221765819444 0.007016809375
3 0.532108046484 0.424820164583 0.0207905458333 0.00545751796875
3 0.123183987109 0.409804771528 0.0304928013889 0.00935574609375
3 0.111099482031 0.408418735417 0.0194045097222 0.007016809375
3 0.107980900391 0.411883825694 0.0207905458333 0.00857610078125
3 0.0970658632812 0.408418735417 0.0221765819444 0.0085761
6 0.0700219046875 0.480063622917 0.383932090278 0.140043809375
8 0.0700219046875 0.596490683333 0.322946488889 0.140043809375
0 0.871856294531 0.0644073805556 0.0720738944444 0.0187114921875
2 0.857043030078 0.433093070139 0.0665297486111 0.106031786719
