2 0.353283671875 0.678457485417 0.0687736458333 0.0515802359375
2 0.408445867578 0.686099000694 0.114622748611 0.0902654101562
2 0.502293239844 0.702655621528 0.224151143056 0.157606273438
2 0.190339802734 0.693594442361 0.1607639875 0.0495017507812
2 0.749347607813 0.754382233333 0.462018977778 0.496974304688
2 0.0885256007813 0.634528811806 0.4368199125 0.177051201563
0 0.239991371875 0.556557102778 0.0356604083333 0.015760628125
0 0.337420704297 0.576934479861 0.0254717208333 0.0100294914063
0 0.425536939063 0.566745795139 0.0356604097222 0.0200589796875
1 0.63042509375 0.459764565278 0.0356604083333 0.022924546875
1 0.395448468359 0.582028825694 0.0254717208333 0.0229245492187
1 0.543025252734 0.585849583333 0.0433019277778 0.0401179585938
1 0.293720782422 0.561651447222 0.0152830305556 0.0200589804687
1 0.246438899609 0.589670342361 0.0356604097222 0.0114622742188
1 0.334555137109 0.604953372917 0.0203773791667 0.0157606273438
0 0.437715604688 0.6036797875 0.0280188944444 0.0243573328125
2 0.280667104297 0.679663227083 0.0862694319444 0.0629533695313
