1 0.0175465414062 0.418517501389 0.0225288944444 0.0350930828125
1 0.866116770703 0.353530313194 0.0519897513889 0.0731105882812
1 0.595120190625 0.453177336806 0.0155969263889 0.0224205796875
1 0.605355673047 0.372593220139 0.0103979486111 0.0155969257813
0 0.275383216406 0.295475088194 0.0537227430556 0.0087732703125
0 0.453773052344 0.3353339 0.0433247944444 0.0087732703125
0 0.294391969531 0.296341584028 0.0554557347222 0.017546540625
0 0.465470746094 0.339666378472 0.0485237680556 0.0087732703125
0 0.611204519141 0.483504692361 0.0173299180556 0.0136473101563
0 0.208121475391 0.497368625694 0.0242618847222 0.0146221164063
0 0.913394950781 0.370860228472 0.0693196680556 0.070186165625
3 0.605843076563 0.548491880556 0.0606547083333 0.01462211875
3 0.811040128516 0.576219748611 0.0814506111111 0.0389923132812
3 0.80129205 0.575353251389 0.103979502778 0.0311938515625
2 0.121850980859 0.667201813194 0.322336459722 0.243701961719
2 0.872940426172 0.749518921528 0.480038706944 0.252475232031
2 0.552228644922 0.616945054167 0.207959005556 0.125750213281
2 0.408931891797 0.591816675694 0.157702248611 0.0965059757813
2 0.29585418125 0.559756328472 0.0589217208333 0.0497152
2 0.366040345703 0.557156839583 0.0537227430556 0.0185213476563
2 0.331711251953 0.553690856944 0.0467907777778 0.0219989414063
2 0.479605460547 0.558889831944 0.0814506111111 0.0506900070312
