2 0.549457103906 0.567938031944 0.0203927472222 0.00802964375
2 0.563795755078 0.564879120139 0.0224320236111 0.0160592882812
2 0.572398946094 0.586291503472 0.0448640458333 0.028677303125
2 0.641224469922 0.595468243056 0.0672960694444 0.0286773023438
2 0.660725035937 0.605664615972 0.0428247708333 0.01720638125
2 0.669901772266 0.607703891667 0.0428247722222 0.0263831179688
5 0.369637503516 0.536329271528 0.0265105736111 0.0487772476563
5 0.281611104688 0.525113259722 0.0530211444444 0.0504720515625
2 0.941762603125 0.662909984028 0.0591389680556 0.0780022609375
2 0.983057917969 0.713891854861 0.0999244652778 0.032118578125
2 0.606238170703 0.599692465972 0.0836102680556 0.0562075117187
2 0.696076338672 0.609424529167 0.0570996944444 0.0412953148437
3 0.758227870703 0.617026301389 0.0570996944444 0.0160592882812
3 0.773140067969 0.622124488889 0.0469033194444 0.0137651046875
3 0.862613249219 0.624163763194 0.0387462208333 0.0160592890625
0 0.856304242969 0.512003648611 0.0550604194444 0.014912196875
0 0.722940445312 0.465362504167 0.0367069472222 0.00802964375
0 0.732117183203 0.464342865972 0.0346676708333 0.0103238289063
0 0.485492386328 0.453126858333 0.0326283972222 0.0103238289063
2 0.531167342578 0.584388022222 0.0551020666667 0.0355598539063
1 0.311671058203 0.419847131944 0.0168367416667 0.0241071539062
