2 0.0216249820313 0.533565367361 0.0436691208333 0.0432499640625
2 0.0593919425781 0.525455388194 0.0424214291667 0.0350912570313
2 0.0846576480469 0.526703077083 0.0349352958333 0.0182474539062
2 0.247130169531 0.526703079167 0.07486135 0.0568478359375
2 0.398022576953 0.521088478472 0.0661275263889 0.0301784804688
2 0.381529685938 0.512978497917 0.0449168097222 0.02526570625
2 0.366791357422 0.515473874306 0.0299445402778 0.0126328523438
2 0.355211242969 0.506116206944 0.0237060944444 0.0119310265625
2 0.307487132422 0.506740052778 0.0224584027778 0.0147383289062
2 0.333454664062 0.51921694375 0.0673752125 0.042811334375
2 0.1569456375 0.541051504167 0.133502741667 0.130539478125
0 0.339771090625 0.48392515625 0.0099815125 0.0063164265625
0 0.342578390625 0.40906380625 0.0274491625 0.0063164265625
0 0.246077432812 0.452109084028 0.0137245819444 0.0084219015625
0 0.309592607813 0.491411289583 0.0099815125 0.004912775
1 0.112379741016 0.443197013889 0.0237060944444 0.0175456273437
1 0.232040929297 0.444444702778 0.0237060944444 0.00982555234375
1 0.233444580078 0.469398486111 0.0162199583333 0.0112292039062
1 0.247481082813 0.46752695 0.0174676472222 0.0098255515625
1 0.436973872266 0.424481676389 0.0112292027778 0.0112292023437
1 0.418375505859 0.433839343056 0.00998150833333 0.0119310273438
0 0.350298467578 0.410400604167 0.0262014722222 0.00631642734375
0 0.454519500781 0.460040815972 0.0174676486111 0.0084219015625
1 0.485048895703 0.371454886806 0.0249537847222 0.0105273773438
3 0.560495099219 0.515295628472 0.0973197541667 0.014036503125
1 0.488908935156 0.488915914583 0.0349352958333 0.0070182515625
0 0.427850146875 0.470913527083 0.0149722708333 0.0056146015625
1 0.111677917188 0.407637871528 0.0324399180556 0.0091237265625
1 0.285028728125 0.484370752083 0.0112292013889 0.0049127765625
2 0.885717046875 0.527796879167 0.13225505 0.224584046875
1 0.728859125 0.434220195139 0.0673752125 0.0231602296875
2 0.432462055469 0.53235896875 0.0967925402778 0.06447529375
