1 0.308526683203 0.345731849306 0.0294608597222 0.0165717335937
1 0.576111437891 0.333600906944 0.036392825 0.0175465414062
1 0.649222025 0.313671502778 0.0381258166667 0.01949615625
0 0.502026040625 0.150770279861 0.0693196680556 0.017546540625
1 0.503488252344 0.0996470243056 0.0259948763889 0.0146221171875
1 0.522009601172 0.310205520139 0.0242618847222 0.00877327109375
0 0.522009601172 0.343998856944 0.0433247944444 0.0107228867187
0 0.654319349219 0.3769257 0.0467907777778 0.0101946484375
0 0.818838590625 0.194095073611 0.0658536861111 0.017546540625
3 0.651659044141 0.444512378472 0.0675866763889 0.0204709648438
3 0.676516644922 0.449711352778 0.0710526611111 0.0136473101562
2 0.113565114062 0.566359108333 0.406178436111 0.227130228125
2 0.300240817188 0.474839734028 0.162901223611 0.138422714062
2 0.377738040625 0.440179899306 0.0970475375 0.0614128953125
2 0.487891326953 0.518164525694 0.3639282625 0.238827922656
2 0.591220958594 0.450577849306 0.0485237680556 0.034118275
2 0.948975438672 0.491303152778 0.0641206944444 0.0984555945312
2 0.876552192578 0.482701090278 0.0597156 0.0671800507813
2 0.81657000625 0.465639490278 0.0597156 0.0743779125
