2 0.275142701172 0.431472288889 0.0351648166667 0.0178021882812
2 0.26010974375 0.443553913194 0.0417456597222 0.0336263546875
2 0.332307504688 0.427503686111 0.0316483333333 0.019780209375
2 0.319450369922 0.425745445833 0.0210988888889 0.0118681257812
2 0.340714092969 0.438053130556 0.0386812972222 0.0148351546875
2 0.355054744922 0.440690490972 0.0580219430556 0.0296703117188
2 0.372362427734 0.452119056944 0.0632966694444 0.0346153648437
2 0.419340423047 0.455635538194 0.116043890278 0.0771428148438
2 0.814379464062 0.617066522917 0.473568295833 0.36791188125
3 0.295621384375 0.454963110417 0.184615279167 0.0296703125
8 0.238846019531 0.457142599306 0.0597801847222 0.0563735953125
8 0.215604273828 0.457142599306 0.0808790736111 0.0652746882813
1 0.469060676172 0.419565198611 0.0281318527778 0.0118681257812
1 0.661423204687 0.263960892361 0.0334065736111 0.0187912
