2 0.241715578125 0.660258744444 0.0558453722222 0.0427368875
2 0.373029590234 0.671185009722 0.0291367138889 0.0177551835937
2 0.493901427344 0.710033961806 0.106834618056 0.084678575
2 0.276058963672 0.662686799306 0.0169964180556 0.0177551851562
2 0.297911500391 0.665114859028 0.0218525375 0.00956048515625
2 0.306319913672 0.663900831944 0.0145683583333 0.00998791015625
2 0.325227169141 0.656616653472 0.0194244736111 0.00956048515625
2 0.593603621484 0.744026796528 0.160251929167 0.166625583594
1 0.0882637363281 0.519431286806 0.0169964180556 0.0218525335938
2 0.346396813672 0.666328891667 0.0194244777778 0.0136578367188
2 0.901938462891 0.780936955556 0.1453124 0.195117053906
2 0.217710417578 0.6625776625 0.0398437222222 0.0131835851563
1 0.498520771484 0.575858972222 0.0164062388889 0.0210937351563
