0 0.469190657812 0.282058414583 0.0180184736111 0.0077964546875
0 0.540918042969 0.288988597222 0.0180184777778 0.0062371640625
0 0.4641229625 0.2820584125 0.0263346916667 0.0085761
0 0.537019815625 0.288988594444 0.0263346916667 0.0062371640625
0 0.380700894922 0.339578924306 0.0166324375 0.0116946820313
0 0.584968013281 0.342350996528 0.0194045097222 0.0085761
0 0.604459151953 0.334727796528 0.0180184736111 0.0101353945313
1 0.383429642969 0.31463026875 0.0138603652778 0.0109150375
1 0.585357823828 0.315323286806 0.00970225416667 0.00935574609375
1 0.580290128906 0.323639505556 0.0124743277778 0.01169468125
2 0.490275193359 0.371457761806 0.0277207291667 0.0116946820313
2 0.483648208203 0.3790809625 0.0291067638889 0.0140336210937
2 0.449733627344 0.377001906944 0.0277207277778 0.016372553125
2 0.535884454297 0.374922852778 0.0263346916667 0.0202707820312
2 0.554985769141 0.376308889583 0.0263346930556 0.0179318460938
2 0.439078471094 0.382546052083 0.0277207291667 0.021050428125
2 0.470654114063 0.383239072222 0.0374229833333 0.0280672375
2 0.405943538672 0.389476236111 0.0471252388889 0.0389822742188
2 0.359944453516 0.393634344444 0.0720738944444 0.0576937632813
2 0.575906256641 0.383239070833 0.0512833472222 0.0280672398438
2 0.600075265234 0.394327363194 0.0706878569444 0.0452194382813
2 0.622684984766 0.380466998611 0.0346509111111 0.0171522007812
2 0.701429178906 0.410266782639 0.171868518056 0.1403361875
2 0.643345590234 0.375615870139 0.0471252319444 0.0304061742187
2 0.272234338672 0.4109598 0.11226895 0.0818627789063
2 0.170620542188 0.428978273611 0.159394188889 0.159827325
2 0.875809888281 0.456467997222 0.435215438889 0.247927265625
