2 0.289654830078 0.437973956944 0.0153061305556 0.0378826710937
2 0.326246046094 0.43644334375 0.0122449041667 0.023246184375
2 0.347339804688 0.437208650694 0.0137755180556 0.024107153125
2 0.372738413281 0.437973957639 0.0122449041667 0.0249681234375
2 0.395984596094 0.438739264583 0.0107142902778 0.018080365625
2 0.413634477734 0.440269877778 0.0137755166667 0.0206632757813
2 0.436019691406 0.443331102083 0.0107142902778 0.01549745625
2 0.467875573438 0.442565797917 0.0122449041667 0.0086096984375
2 0.482081575391 0.444861715972 0.0107142902778 0.0111926070312
2 0.549237217187 0.439504570833 0.0122449027778 0.0077487265625
2 0.562951241016 0.436989986111 0.0107142888889 0.00688775859375
2 0.540996511719 0.447704276389 0.0137755166667 0.00947066875
2 0.528573942969 0.447704277083 0.0198979680556 0.012914546875
2 0.207001730859 0.42168385625 0.0505102263889 0.0964286148438
2 0.111003601562 0.430867534028 0.0382653236111 0.102455403125
2 0.0279200195312 0.439285905556 0.0306122583333 0.055102065625
1 0.613748458203 0.36013135625 0.0244898069444 0.0361607304688
1 0.706733192188 0.387354404861 0.0260204208333 0.0413265484375
1 0.897868482422 0.122121044444 0.206632747222 0.0774872789062
1 0.502314366406 0.438301940278 0.0107142888889 0.0120535765625
1 0.486386423828 0.414796103472 0.0183673541667 0.0215242445312
