2 0.608422433203 0.428068892361 0.0210937347222 0.0171386601563
2 0.641381394922 0.435937165278 0.037499975 0.0276855273437
2 0.622924376562 0.425390297222 0.0210937361111 0.009228509375
4 0.644677291016 0.406640310417 0.0210937347222 0.0131835851562
2 0.682909686719 0.420702800694 0.0257812319444 0.01845701875
2 0.669726102344 0.425390297917 0.0164062402778 0.0158203015625
2 0.701366705469 0.434765290972 0.0398437236111 0.0210937359375
2 0.719164544531 0.442968409722 0.0562499611111 0.0303222453125
2 0.749486789453 0.446484033333 0.0726562 0.0487792632812
2 0.782445751172 0.437109039583 0.0351562263889 0.0197753773438
2 0.837157627734 0.481640258333 0.161718638889 0.123925696094
