2 0.385298076172 0.508293490278 0.0341232 0.0203939445312
2 0.364304310156 0.508293490278 0.0255924 0.0119964375
2 0.356506625781 0.509359840278 0.0277251 0.0203939453125
2 0.34331054375 0.514691590278 0.0383886 0.02279323125
2 0.325915709766 0.520023340278 0.0405213 0.0191943007812
2 0.271931741406 0.526421439583 0.0789098986111 0.0551836140625
2 0.244339935156 0.539217641667 0.0959715027778 0.0479857515625
2 0.125768898047 0.561610990972 0.405213001389 0.251537796094
2 0.435683113281 0.510426189583 0.106634998611 0.01799465625
2 0.468073494531 0.506160790972 0.132227401389 0.06598040625
2 0.486068151562 0.520023340972 0.151421701389 0.0563832578125
2 0.512460314063 0.527487790972 0.174881401389 0.0539839703125
2 0.705003135937 0.507227139583 0.454265101389 0.393483151562
2 0.860899074219 0.563743690972 0.409478401389 0.278201851563
1 0.859157358594 0.0774880888889 0.0682464 0.0563832578125
