2 0.230204295703 0.375236326389 0.0191338666667 0.0131545304688
2 0.243358827344 0.384803255556 0.0170078777778 0.0155462640625
2 0.229606363281 0.397559165278 0.0212598472222 0.0191338640625
2 0.211668365625 0.410315074306 0.0212598486111 0.014350396875
2 0.201503500781 0.410315074306 0.0255118180556 0.017937996875
2 0.171606838672 0.416693028472 0.0297637875 0.0275049289063
2 0.142308109375 0.417756020833 0.0233858333333 0.0239173296875
2 0.118390781641 0.412441060417 0.0255118208333 0.0215255960937
2 0.0962672515625 0.411378067361 0.0276378041667 0.0227214640625
2 0.0448449921875 0.412441058333 0.0297637861111 0.0394635921875
2 0.00956693164062 0.41456704375 0.0255118180556 0.0191338632812
1 0.679252156641 0.383740263889 0.0446456805556 0.0191338632813
1 0.656929328906 0.268937081944 0.0744094722222 0.0645767890625
1 0.571424875781 0.25511818125 0.0807874236111 0.0657726578125
1 0.568235910547 0.39968515 0.02125985 0.0107627976563
2 0.502263918359 0.426259961806 0.0531496236111 0.0382677257812
2 0.551493761719 0.428385945833 0.0403937138889 0.0370718609375
2 0.630420947266 0.446456816667 0.080787425 0.0681643882812
2 0.454827894922 0.420944998611 0.0297637888889 0.0119586632813
2 0.384471071875 0.416693029167 0.0170078805556 0.0227214640625
2 0.295379019141 0.412441059722 0.0340157583333 0.0310925273437
2 0.334244680078 0.409252080556 0.0361417388889 0.0298966632813
2 0.363543407031 0.411378067361 0.0276378041667 0.021525596875
2 0.421144316016 0.437952877778 0.0552756055556 0.0490305257813
