1 0.44775903125 0.290177401389 0.0270416222222 0.01638098125
2 0.433718190234 0.374422453472 0.0249614958333 0.0210612648438
6 0.444833858594 0.376502577778 0.0166409972222 0.0128707734375
8 0.441323646484 0.388983325694 0.0166409958333 0.0105306320312
2 0.453024348438 0.393143576389 0.0249614972222 0.012870771875
2 0.302670330859 0.409784573611 0.0457627444444 0.0163809804688
2 0.234221226953 0.409784573611 0.0499229944444 0.0666939992187
2 0.272248509375 0.396263763889 0.0312018722222 0.0210612625
3 0.286874384375 0.404584261111 0.0436826166667 0.0035102109375
3 0.294479841016 0.413944823611 0.0499229944444 0.00936056015625
6 0.191513666016 0.413944822917 0.124807484722 0.0327619648437
7 0.190928632422 0.472188315972 0.0956857375 0.0339320320312
3 0.118593046484 0.378939678472 0.0391752625 0.0179685867187
8 0.112533930469 0.442026507639 0.122727359722 0.059673578125
2 0.491636664453 0.404584263194 0.1227273625 0.0760545601562
2 0.360588805469 0.446186758333 0.210092602778 0.129877789063
1 0.776548749609 0.0696841798611 0.131047859722 0.0538232289063
0 0.912861923437 0.0405624326389 0.0811248652778 0.0409524546875
3 0.976630748828 0.396263763889 0.405624322222 0.0444626664063
1 0.228955913281 0.345300707639 0.0208012458333 0.0093605609375
1 0.472915541797 0.312018711806 0.0166409986111 0.00585034921875
0 0.462384909375 0.353621204861 0.0166409986111 0.01053063125
