0 0.480896762891 0.350963579861 0.00853530416667 0.00880203203125
0 0.508103045703 0.345984654167 0.0128029555556 0.00720166328125
0 0.454090573438 0.359498886111 0.0170706083333 0.0080018484375
0 0.426484198437 0.361632713889 0.0128029583333 0.0088020328125
0 0.425283920313 0.385816072222 0.00995785277778 0.0064014765625
0 0.410080410547 0.386527347222 0.0113804027778 0.00640147890625
1 0.560915239063 0.306458056944 0.0113804027778 0.015203509375
1 0.553313485156 0.317838465278 0.0142255083333 0.0144033265625
1 0.55611413125 0.328507594444 0.0128029555556 0.008802034375
1 0.509303322266 0.365493915972 0.0184931625 0.00960221640625
1 0.436086416016 0.362648813194 0.00995785416667 0.0104024023437
1 0.390475883594 0.383275795139 0.0113804041667 0.0152035109375
2 0.403773240625 0.408272052083 0.0341412180556 0.014403325
2 0.395771392188 0.407560775694 0.0298735652778 0.0096022171875
2 0.385769083984 0.411117152778 0.0369863194444 0.0200046195312
2 0.368165018359 0.413962253472 0.0426765208333 0.0248057289062
2 0.344559567578 0.423208836111 0.0469441722222 0.0400092382812
2 0.242936096875 0.453793675694 0.0938883486111 0.0768177359375
2 0.497314835938 0.392979633333 0.0341412166667 0.012002771875
2 0.501715852344 0.395824733333 0.0369863166667 0.01280295625
2 0.520120102344 0.406493865278 0.0497892777778 0.0416096078125
2 0.548126569141 0.443598743056 0.0896206916667 0.0336077601563
2 0.563730173047 0.438619817361 0.119494259722 0.0376086851563
2 0.594937378516 0.454030775 0.152212927778 0.0648149664063
2 0.717965787109 0.5299001375 0.260326775 0.194444900781
2 0.870209275 0.635168890278 0.615964455556 0.256859310937
2 0.0277480703125 0.485089789583 0.133719765278 0.054412565625
2 0.130571812891 0.43885689375 0.0782402875 0.0792182914063
