1 0.356745635547 0.475151028472 0.0339879125 0.0535309632812
1 0.356745635156 0.504380634722 0.0299093638889 0.056589875
1 0.803346817188 0.374546805556 0.0285498472222 0.06117824375
1 0.795317173047 0.4656344125 0.0203927472222 0.0114709210938
1 0.795699536719 0.487386678472 0.0258308152778 0.01070619375
1 0.795699536719 0.513217490972 0.0258308152778 0.0122356484375
1 0.79761135625 0.532930481944 0.0135951666667 0.0114709203125
0 0.446887954687 0.310649528472 0.0802114736111 0.013573921875
0 0.543339280469 0.375226563194 0.0625377597222 0.0137651046875
2 0.311371775391 0.55354984375 0.0258308152778 0.0344127617188
2 0.292635937891 0.556948634028 0.0271903291667 0.0198829289063
2 0.277723741406 0.557628391667 0.0312688805556 0.013000378125
2 0.244840434375 0.561027184722 0.0326283972222 0.0221771125
2 0.218457316406 0.563746217361 0.0380664625 0.029059665625
2 0.182260187109 0.554909360417 0.0203927486111 0.0152945601562
2 0.161612528906 0.556268876389 0.0231117805556 0.032118578125
2 0.125670311328 0.561027184028 0.0435045291667 0.0412953148438
2 0.0768551695313 0.563746217361 0.0489425958333 0.0558251484375
2 0.0256183898437 0.565105734028 0.0489425958333 0.0512367796875
3 0.196152744922 0.5798338 0.112839872222 0.0191182007813
3 0.263448813672 0.573036219444 0.107401805556 0.0252360257813
3 0.848338348828 0.609063406944 0.0516616277778 0.0122356476563
2 0.416394423437 0.541314194444 0.0203927472222 0.0221771140625
2 0.413717875781 0.58345920625 0.0693353458333 0.036706946875
2 0.800415375391 0.624471276389 0.0543806611111 0.0336480335938
2 0.634851752734 0.593202394444 0.0435045277778 0.0237065695313
1 0.285498467578 0.500302084722 0.0135951666667 0.0214123851563
1 0.307293218359 0.499622326389 0.0176737138889 0.0206476570313
1 0.280145372656 0.514803600694 0.0108761319444 0.00764728125
2 0.365794914062 0.597734109722 0.108761322222 0.0932968234375
2 0.497455597266 0.585725053472 0.246072493056 0.138415775781
2 0.705843991016 0.64282475 0.218882161111 0.169769625781
4 0.594495404297 0.576461564583 0.146827784722 0.0680607960937
0 0.185828916406 0.4198867 0.0346676722222 0.0183534734375
0 0.157151614453 0.416827788194 0.0407854958333 0.0206476570312
