2 0.0721304292969 0.604413373611 0.337500272222 0.144260858594
2 0.837395973047 0.621409788194 0.410342056944 0.323690683594
2 0.663258579688 0.588630986806 0.121402976389 0.14204148125
2 0.245328836719 0.554638152778 0.06312955 0.0546313390625
2 0.290399690625 0.560708299306 0.0412770125 0.0300472359375
2 0.341616571094 0.563136359722 0.104406558333 0.06965495625
2 0.407174177344 0.563136359028 0.0607014875 0.0505339875
2 0.475463351172 0.559494271528 0.131115215278 0.0723865242188
2 0.433806955859 0.54613994375 0.0461331319444 0.0218525367187
2 0.382590075 0.538855765972 0.0412770125 0.0204867515625
1 0.189331713281 0.429593088194 0.0121402986111 0.0163894015625
1 0.191380389063 0.455087711806 0.0291367125 0.0150236171875
1 0.225524975 0.463585919444 0.0364208944444 0.02321831875
1 0.200940872266 0.51093308125 0.0242805930556 0.0122920507813
1 0.523265773437 0.496364723611 0.0339928333333 0.0150236171875
0 0.158601584375 0.338020570833 0.0412770111111 0.009560484375
0 0.319081143359 0.32882861875 0.0388489513889 0.00819470078125
0 0.587457595703 0.332470709028 0.0461331319444 0.00956048359375
0 0.575165545703 0.3336847375 0.0485611888889 0.0122920507813
0 0.738983670313 0.476940247222 0.0291367138889 0.0121402671875
0 0.0117798621094 0.41294354375 0.0412770125 0.0136578335938
0 0.381224292187 0.490294574306 0.0218525347222 0.0068289171875
0 0.407174176562 0.506076961806 0.0242805958333 0.009560484375
3 0.174990987109 0.570420539583 0.0946943236111 0.0232183195312
3 0.198209305469 0.554638152778 0.06312955 0.0150236171875
1 0.755600672656 0.41273409375 0.0210937347222 0.013183584375
1 0.754941493359 0.468984052778 0.035156225 0.0145019429688
