2 0.950304168359 0.614676861111 0.251695094444 0.0971158226563
2 0.836222328516 0.498189874306 0.214252848611 0.236354174219
2 0.698739083203 0.450347006944 0.160169602778 0.118177086719
2 0.637310399609 0.44930694375 0.0915254875 0.0327619648437
2 0.556575558203 0.407704447917 0.0249614930556 0.0140408414063
2 0.562425910547 0.411864697917 0.0332819930556 0.0117007023438
2 0.570616400391 0.416024947222 0.0332819944444 0.0187211226562
2 0.574711645703 0.426425571528 0.0374422458333 0.0128707710938
2 0.59863713125 0.422116731944 0.0769646166667 0.04680280625
2 0.499502954688 0.412904760417 0.0228813736111 0.017551053125
2 0.483121973047 0.420185197917 0.00832049861111 0.0105306320312
2 0.472591341016 0.419145134722 0.0270416194444 0.0105306320312
2 0.440414410938 0.421225259028 0.0145608708333 0.0117007015625
2 0.425788533594 0.421225260417 0.0312018708333 0.019891190625
2 0.409992586328 0.421225259028 0.0353621180556 0.0210612648437
2 0.392441533594 0.429545758333 0.0353621222222 0.023401403125
2 0.380740832422 0.428505695139 0.0249614930556 0.0163809820312
2 0.358509499219 0.431625882639 0.0436826180556 0.0374422453125
2 0.333938024609 0.437866257639 0.0436826180556 0.0304218242187
2 0.312291726953 0.445146695139 0.0499229958333 0.0292517523437
2 0.532264918359 0.440986443056 0.0915254833333 0.0643538585937
2 0.457965464062 0.418105072222 0.0416024944444 0.02574154375
5 0.184169043359 0.471148255556 0.235054097222 0.234014033594
