0 0.522251223828 0.478593414583 0.0281249819444 0.00527343359375
0 0.545981676172 0.507890269444 0.0257812333333 0.00791015078125
0 0.348227905469 0.494999652778 0.0281249805556 0.00791015
0 0.343613651172 0.492655904167 0.0328124777778 0.00659179140625
0 0.352842160937 0.493827778472 0.0351562263889 0.0065917921875
0 0.518296149219 0.478593414583 0.0281249819444 0.0079101515625
0 0.530161374609 0.478593414583 0.0281249819444 0.00791015078125
0 0.627719901562 0.54304649375 0.0210937375 0.0158203015625
0 0.211126266406 0.548620643056 0.0193204333333 0.01056215
1 0.210459446094 0.502030897222 0.0187499888889 0.017138659375
1 0.321860737109 0.505546520139 0.0210937347222 0.0263671695313
1 0.294175208984 0.534843375 0.0281249805556 0.0131835851563
1 0.830747105469 0.439921566667 0.0867186916667 0.0369140375
1 0.575644742188 0.480937161806 0.0234374819444 0.0092285078125
2 0.400962244922 0.598124581944 0.0187499861111 0.0158203023438
2 0.389756198437 0.598124582639 0.0234374819444 0.01450194375
2 0.378550150781 0.605155828472 0.0187499875 0.013183584375
2 0.368003282813 0.594608958333 0.0210937333333 0.01845701875
2 0.355478877734 0.601640205556 0.0257812333333 0.0224120945312
2 0.341636114062 0.602812079167 0.032812475 0.0158203015625
2 0.466220989844 0.591093336806 0.0187499875 0.009228509375
2 0.474131140234 0.594608959722 0.0164062361111 0.0145019429687
2 0.483359648828 0.595780832639 0.0234374819444 0.0145019429687
2 0.566416232422 0.606327701389 0.0585937111111 0.0329589617187
2 0.596738478125 0.605155827083 0.0749999486111 0.0487792640625
2 0.623105647266 0.615702695833 0.0820311944444 0.0487792632812
2 0.680454239453 0.612187072222 0.117187419444 0.100195242969
2 0.772080153516 0.6262495625 0.159374891667 0.151611224219
3 0.212436983594 0.601640204167 0.0773436972222 0.013183584375
2 0.308677151953 0.612187072222 0.0749999472222 0.0553710554688
2 0.499839130078 0.598124581944 0.0281249805556 0.0210937351563
2 0.443149716016 0.592265211111 0.0164062388889 0.0105468679688
2 0.429306951953 0.594608959722 0.0164062361111 0.0118652257812
2 0.0403005683594 0.656718291667 0.149999897222 0.0806011367187
2 0.904575179688 0.659062039583 0.248437329167 0.18984361875
0 0.222743592969 0.54849188125 0.0190629097222 0.0048740390625
