0 0.252500922266 0.119698070833 0.0549152444444 0.0120127101563
0 0.235768934766 0.119698070833 0.0549152444444 0.0111546601562
0 0.221611098047 0.1151218 0.0518643972222 0.0102966085937
1 0.0392753273437 0.1158845125 0.0381355861111 0.0780826125
0 0.742447862891 0.250121775 0.0320338944444 0.0188771148438
0 0.528793241016 0.201308225 0.0381355861111 0.00858050390625
0 0.518496635547 0.205884495139 0.0442372791667 0.0120127117187
0 0.510774178516 0.20664720625 0.0396610097222 0.00858050703125
0 0.448994528906 0.353850568056 0.0167796583333 0.00858050625
0 0.189005170703 0.337070909722 0.0167796555556 0.00686440546875
0 0.409953222656 0.352325144444 0.0137288111111 0.0060063546875
0 0.600440475391 0.3225793875 0.0213559277778 0.0111546585938
2 0.265800707812 0.415630218056 0.04881355 0.03861228125
2 0.301838836328 0.40190140625 0.0610169375 0.0420444835937
2 0.346886497656 0.391986154167 0.0350847388889 0.0257415203125
2 0.328009382422 0.399613272222 0.0381355861111 0.0154449117188
2 0.448994527344 0.382833613194 0.0259321986111 0.015444909375
2 0.727002950781 0.469020036806 0.225762665278 0.175042339062
2 0.464010415234 0.390460730556 0.0381355861111 0.0163029632813
2 0.487177785937 0.391223443056 0.04881355 0.0334639796875
1 0.887887453906 0.550630192361 0.340169426389 0.220519025
2 0.422823982812 0.379782767361 0.0198305069444 0.0163029609375
1 0.596579246875 0.244020080556 0.0137288111111 0.0154449125
2 0.372198992969 0.388935306944 0.0350847388889 0.0214512671875
2 0.386356829688 0.385121748611 0.024406775 0.0120127109375
2 0.401801741406 0.381308190278 0.0137288111111 0.0137288109375
2 0.435694743359 0.37825734375 0.0198305041667 0.00943855703125
