2 0.493155289453 0.514698542361 0.0173299180556 0.00877327109375
2 0.482432403125 0.514698543056 0.0242618861111 0.0146221171875
2 0.427355759766 0.519031022222 0.015596925 0.0136473101562
2 0.419557296875 0.520764013889 0.0190629083333 0.017546540625
2 0.403960371484 0.520764013889 0.0190629083333 0.0116976945313
2 0.386413830078 0.523363501389 0.0242618833333 0.0155969257813
2 0.363993249609 0.523363500694 0.0346598347222 0.0175465414062
2 0.4556251875 0.537227434722 0.0866495861111 0.05653885625
2 0.0564413742188 0.593549665972 0.1022465125 0.0984555921875
2 0.0101380019531 0.600481632639 0.119576429167 0.0194961570312
3 0.161720621484 0.54589239375 0.0658536847222 0.0146221179687
3 0.144174080469 0.54849188125 0.0710526597222 0.0165717328125
3 0.118341672656 0.558023335417 0.0554557347222 0.013647309375
3 0.0998203234375 0.552824360417 0.0450577847222 0.013647309375
2 0.164915142969 0.521630509028 0.0450577847222 0.047765584375
1 0.921510169531 0.174712354167 0.120912041667 0.071756859375
