2 0.443159898828 0.625037724306 0.0795317152778 0.126180127344
2 0.530721264844 0.606344370833 0.0543806611111 0.0573546015625
1 0.471646023828 0.364350424306 0.0407854958333 0.0309714867188
2 0.663783946484 0.601586070833 0.0570996944444 0.0458836835938
2 0.746374576172 0.604644977083 0.0591389680556 0.0412953164062
2 0.781934432422 0.611782438194 0.0652567958333 0.0481778679687
2 0.607060466016 0.600308970833 0.0317867194444 0.0294494601562
2 0.699615912109 0.590959935417 0.0317867180556 0.0252423929687
1 0.131662040234 0.184276916667 0.0785318944444 0.0504847882812
1 0.883149153906 0.481576226389 0.033656525 0.036811825
1 0.877890321094 0.3404058 0.0280471055556 0.030501225
1 0.881571504297 0.4105235625 0.0186980722222 0.0399671242187
