1 0.0930941492187 0.42025049375 0.0294608597222 0.051664815625
0 0.18716310625 0.40985254375 0.0467907763889 0.01169769375
0 0.175465412109 0.408119552083 0.0467907791667 0.0116976945313
0 0.165717333594 0.411585535417 0.0398588097222 0.0077984625
1 0.269534369141 0.451444345139 0.0363928263889 0.0165717335937
0 0.262710714453 0.487837170139 0.0294608569444 0.00877327109375
0 0.269534369531 0.486970674306 0.0277278652778 0.0068236546875
0 0.720382998047 0.437580410417 0.0363928263889 0.00974807890625
0 0.636062119531 0.43324793125 0.0277278680556 0.0068236546875
0 0.629725868359 0.43324793125 0.0346598347222 0.00974807890625
0 0.622902213672 0.440179897917 0.0415918013889 0.00974807890625
1 0.724282229297 0.467907766667 0.0138639361111 0.0175465414063
1 0.673592221484 0.436713915278 0.0207959 0.0331434664062
1 0.602431248828 0.512099054861 0.0294608597222 0.0116976945312
2 0.713559343359 0.564088806944 0.0571887277778 0.0272946195313
3 0.590733554297 0.5866177 0.0953145472222 0.0233953882813
2 0.583909899609 0.577952740972 0.0467907763889 0.0331434664062
2 0.758400503906 0.586617698611 0.154236261111 0.083833475
4 0.36262851875 0.550224872917 0.0537227430556 0.0370426984375
5 0.293417161328 0.529428972222 0.0641206944444 0.107228861719
2 0.334359091016 0.622144029861 0.131707370833 0.0799342429687
6 0.0121850980469 0.621277533333 0.0710526611111 0.0185213492188
7 0.0155969253906 0.640340442361 0.0502567597222 0.0272946195312
2 0.657995296094 0.590083682639 0.199294048611 0.124775404688
2 0.88756254375 0.581418724306 0.272079701389 0.219331765625
2 0.989917367578 0.68453173125 0.1282413875 0.0185213492187
2 0.00828586679688 0.678466261806 0.0745186458333 0.0146221179688
2 0.172053585156 0.67413378125 0.346598345833 0.324611014063
2 0.472294401563 0.682798740278 0.332734411111 0.273921004687
2 0.511774119141 0.503434095833 0.147304294444 0.115027325781
