2 0.186675702344 0.475706228472 0.206226015278 0.2407775375
2 0.217382149609 0.364794758333 0.0467907777778 0.0701861648437
2 0.241264941797 0.365661254167 0.0485237694444 0.0692113570312
2 0.322661396875 0.438446906944 0.131707372222 0.09553116875
2 0.369939577344 0.411585534722 0.123042411111 0.0809090515625
2 0.421604393359 0.403787072917 0.0589217208333 0.0341182742187
2 0.448411608984 0.394255616667 0.036392825 0.0175465414062
2 0.466445554687 0.390789633333 0.025994875 0.01852135
2 0.482529883594 0.389923138194 0.0138639347222 0.0077984625
2 0.617053366406 0.42284998125 0.1178434375 0.08773270625
2 0.569287782031 0.417651004861 0.0831836013889 0.0272946203125
2 0.555640472266 0.41245203125 0.0415918013889 0.0233953882813
2 0.547842009375 0.401187584028 0.0433247930556 0.0253450046875
2 0.530782871875 0.398588097917 0.0173299180556 0.0146221171875
2 0.520059985938 0.392522625694 0.0155969263889 0.0107228859375
2 0.511774119141 0.386457154861 0.0173299180556 0.00779846328125
2 0.926067453516 0.477439220139 0.1334403625 0.146221177344
1 0.268587871094 0.26611899375 0.0498973125 0.021050428125
1 0.735985342188 0.303541977083 0.0665297486111 0.029626528125
