0 0.483657178125 0.381121197222 0.0247422722222 0.0081185578125
0 0.492355632812 0.400708827778 0.0268041277778 0.011597940625
0 0.458721605859 0.378028411806 0.0268041263889 0.0115979398437
1 0.0939663921875 0.324420155556 0.0185567027778 0.0220360859375
1 0.0974457726562 0.355347996528 0.0350515513889 0.017396909375
1 0.687780922656 0.284213963194 0.0247422736111 0.0405927890625
1 0.691260303906 0.231636634722 0.0680412472222 0.0313144390625
2 0.0516339097656 0.425451102083 0.0639175375 0.0695876398438
2 0.483077280859 0.456378941667 0.0556701138889 0.0440721726562
2 0.519610792187 0.490399566667 0.0907216638889 0.0753866109375
2 0.884945903906 0.554317101389 0.164948480556 0.22615983125
