1 0.323148800781 0.37987178125 0.0242618847222 0.0126725015625
1 0.487891326953 0.385070755556 0.0173299166667 0.00877327109375
0 0.343132361328 0.384204260417 0.0294608597222 0.00779846171875
0 0.467907766016 0.38507075625 0.0277278680556 0.00779846328125
1 0.584397303516 0.353876904167 0.0207959 0.0126725023438
3 0.256861867969 0.488183765278 0.136906347222 0.0341182734375
3 0.2251806125 0.489916755556 0.136906347222 0.0370426984375
2 0.488378730469 0.469987350694 0.0242618847222 0.013647309375
2 0.472294401172 0.472586838194 0.0294608597222 0.0204709648437
2 0.456697475781 0.476919317361 0.0277278680556 0.0165717328125
2 0.442562762109 0.476919317361 0.0277278680556 0.0155969257813
2 0.425503624219 0.477785813194 0.0398588097222 0.0282694265625
2 0.401133428516 0.476052821528 0.0329268430556 0.0282694273437
2 0.370426981641 0.486450772222 0.036392825 0.0311938507812
3 0.313400722266 0.498581714583 0.0502567597222 0.0165717335937
4 0.517622965625 0.458722904167 0.175032163889 0.0565388546875
2 0.624851828516 0.571367367361 0.400321090278 0.270996580469
