1 0.798471142969 0.202569523611 0.135971333333 0.0409735046875
1 0.467951541406 0.317902349306 0.0169964152778 0.013657834375
1 0.0759716851562 0.135797886111 0.0704137277778 0.01092626875
1 0.580628678125 0.360393391667 0.0291367138889 0.009560484375
1 0.488438294922 0.367677571528 0.0194244763889 0.00819470078125
2 0.505510587891 0.376175778472 0.0169964152778 0.0177551851562
2 0.523265773047 0.389530105556 0.0242805944444 0.00956048359375
2 0.495267211328 0.383459955556 0.0218525361111 0.00819470078125
2 0.490486969922 0.401670402778 0.019424475 0.0122920507813
2 0.532826256641 0.406526522222 0.0291367138889 0.0177551851563
2 0.538972283203 0.410168611806 0.0412770097222 0.0245841023437
2 0.550581442578 0.411382639583 0.0582734291667 0.0204867523437
2 0.5737997625 0.408954579167 0.0728417833333 0.05326555625
2 0.573799761719 0.415024730556 0.0752698444444 0.0423392875
2 0.584726029297 0.427165026389 0.0898382027778 0.0532655554687
2 0.612041698828 0.432021147222 0.114118797222 0.0696549570312
2 0.670770387891 0.455087711111 0.169964163889 0.116091594531
2 0.840127539453 0.315474289583 0.624011295833 0.312764416406
2 0.930952139844 0.533999646528 0.662860245833 0.136578346875
2 0.476146242188 0.401670402778 0.019424475 0.013657834375
2 0.508242155469 0.411382639583 0.0485611902778 0.0314130203125
3 0.451562139453 0.393172194444 0.0364208916667 0.00546313359375
3 0.446781898438 0.395600254167 0.0412770111111 0.009560484375
3 0.226207867187 0.372533689583 0.179676401389 0.0355103703125
3 0.400345260156 0.402884431944 0.123831033333 0.0314130203125
3 0.250791969531 0.377389809028 0.2136692375 0.0382419375
3 0.289716798828 0.390744134028 0.201528940278 0.0423392882812
3 0.104653138281 0.334898763889 0.1918167 0.035510371875
1 0.470683108984 0.3725336875 0.019424475 0.0109262679687
