2 0.467792066406 0.444967108333 0.0657236861111 0.036969571875
2 0.403844696875 0.436973686806 0.0213157902778 0.018984375
2 0.382362378516 0.433421055556 0.0248684222222 0.0179851976562
2 0.333902263281 0.433421054167 0.0213157888889 0.018984375
2 0.294434746875 0.429868422222 0.0248684222222 0.0179851984375
2 0.27445119375 0.430756579861 0.0230921013889 0.0219819078125
2 0.239479977344 0.436085528472 0.0479605263889 0.071940790625
2 0.0970451132813 0.4244125875 0.0301973666667 0.018984375
2 0.0810582714844 0.418195481944 0.0284210527778 0.0249794429688
2 0.06607060625 0.417307324306 0.0266447375 0.018984375
2 0.0540804753906 0.419971797222 0.0319736833333 0.0249794429687
2 0.0333757316406 0.424412588194 0.0941447402778 0.0663889226562
2 0.147003994922 0.434182323611 0.0710526305556 0.108910363281
