3 0.975107357813 0.694218265972 0.178124876389 0.0382323953125
3 0.948740189063 0.689530768056 0.135937405556 0.035595678125
3 0.1274028625 0.633280808333 0.0749999472222 0.02241209375
2 0.387119480078 0.612187072917 0.0281249819444 0.0118652257812
2 0.267808039453 0.641483927083 0.0585937097222 0.0316406039063
2 0.466880167969 0.625077689583 0.0398437236111 0.01845701875
2 0.479404573828 0.611015198611 0.0257812333333 0.0171386601562
2 0.482700469922 0.625077688194 0.0351562263889 0.0105468679687
2 0.493906516797 0.627421436806 0.0492187152778 0.0224120945313
2 0.509067639062 0.632108933333 0.0445312194444 0.031640603125
2 0.531479732812 0.634452681944 0.0726562 0.0263671703125
2 0.553891827344 0.643827676389 0.0960936833333 0.050097621875
2 0.607285345313 0.661405788194 0.121874915278 0.090966734375
2 0.364707386719 0.6262495625 0.0515624638889 0.0382323953125
2 0.192002427344 0.690702643056 0.175781127778 0.156884657812
5 0.363389027734 0.592265211111 0.0257812333333 0.0250488101563
5 0.427329414453 0.623905813889 0.149999897222 0.0791015085938
5 0.783945379687 0.686015145833 0.330468522222 0.283447070313
