2 0.045231965625 0.518556788889 0.265979425 0.0881443453125
2 0.0858247570313 0.50824750625 0.187628895833 0.106701048438
2 0.140335074609 0.506529303472 0.107216515278 0.0603092882813
2 0.187886628516 0.518900441667 0.0453608333333 0.0324742320312
2 0.222680449609 0.485773275 0.0577319694444 0.0324742320313
2 0.249355711328 0.483505236111 0.0474226888889 0.0185567054688
2 0.265592827734 0.477319667361 0.0350515513889 0.0115979414063
2 0.278350561328 0.474226882639 0.0329896958333 0.0139175289062
2 0.416945944922 0.5263918375 0.200000033333 0.135695897656
2 0.353737171484 0.518144416667 0.117525791667 0.0417525835937
2 0.334600570313 0.500618645833 0.0824742416667 0.0313144375
2 0.321842835938 0.488247509722 0.0494845444444 0.0173969109375
2 0.308505205469 0.476907302083 0.0474226902778 0.0185567046875
2 0.297487160937 0.475876372917 0.0288659819444 0.0104381453125
1 0.380412433594 0.391752640278 0.0268041305556 0.0208762921875
