0 0.2685153875 0.33782221875 0.0164948430556 0.009278353125
0 0.309108180078 0.369780988889 0.0185567055556 0.00695876328125
0 0.288811783203 0.368750060417 0.0164948486111 0.00579896953125
1 0.363618496094 0.352255213889 0.024742275 0.0115979390625
1 0.469716572266 0.296170879861 0.0350515513889 0.0185567039063
1 0.252835092969 0.336288713194 0.0103092763889 0.0162371171875
2 0.2684923125 0.38762893125 0.0350515513889 0.0173969109375
2 0.255154680859 0.388659857639 0.0494845458333 0.0301546429688
2 0.336340261328 0.396907280556 0.0371134055556 0.0185567054687
2 0.356636657422 0.403092849306 0.0536082541667 0.0313144382812
2 0.376353155078 0.416494914583 0.0845360986111 0.0382732039063
2 0.419265533984 0.425478704861 0.125773215278 0.0939433148437
2 0.474935644922 0.468777685417 0.154639201389 0.0869845523438
2 0.217461377344 0.387334372222 0.094845375 0.0637886703125
2 0.174548999219 0.413230302778 0.115807588889 0.045231965625
2 0.638489677344 0.474935645833 0.364948513889 0.317783557813
2 0.122938164844 0.421305901389 0.131958786111 0.092783521875
2 0.102061873437 0.460481164583 0.136082495833 0.0881443453125
2 0.0388530992188 0.376975995139 0.0680412513889 0.075386609375
2 0.165850543359 0.414089404861 0.109278368056 0.0463917601562
2 0.0301546433594 0.479037868056 0.181443330556 0.0603092867188
2 0.882626314844 0.67390475 0.32577325 0.230799007813
