0 0.437482579297 0.153807653472 0.0563654791667 0.0119964367188
0 0.606632347656 0.278292904861 0.0334611680556 0.014395725
0 0.262934412891 0.307819689583 0.0255924013889 0.0107967960938
0 0.277330138672 0.354739089583 0.0255924013889 0.0131960820313
0 0.795576238281 0.276895538889 0.0277251 0.01799465625
0 0.768584256641 0.271563789583 0.0298578013889 0.0215935867188
0 0.646220591797 0.144668140972 0.0490521041667 0.0119964367187
1 0.388340957812 0.179857691667 0.042654 0.0143081796875
1 0.667814178906 0.144668138889 0.0447867027778 0.0119964375
1 0.785979090234 0.0614928388889 0.0575829 0.0299910945313
1 0.783579803125 0.187322142361 0.0191943013889 0.02279323125
1 0.791977308984 0.209715490278 0.0170616 0.0275918054688
3 0.699604739062 0.390994989583 0.0981042013889 0.02279323125
3 0.681010262109 0.366468940278 0.0575829 0.0143957257812
3 0.340911255859 0.403791188889 0.0895734 0.0203939445313
3 0.321845079687 0.398459441667 0.0917061 0.015851615625
3 0.256336372266 0.414454689583 0.110900401389 0.0239928773438
3 0.228144744531 0.412321988889 0.106635 0.02039394375
3 0.195154541016 0.433974449306 0.128612915278 0.0311907367187
3 0.176560061719 0.411255640278 0.1087677 0.01799465625
3 0.210150087109 0.414454690972 0.0938388013889 0.0179946554688
2 0.130373777734 0.412321990972 0.0383885986111 0.0623814757813
2 0.469273138281 0.491231889583 0.341231998611 0.21713551875
1 0.0685921246094 0.167061492361 0.0597156013889 0.0179946554687
3 0.0931255421875 0.395155978472 0.0374999736111 0.0118652265625
0 0.272422294141 0.202968610417 0.0374999736111 0.0145019429688
1 0.699570437891 0.147890524306 0.0492187152778 0.0276855273438
0 0.215073700781 0.23484358125 0.0468749680556 0.013183584375
0 0.304722076562 0.251249820139 0.0421874708333 0.013183584375
0 0.197935040625 0.236015455556 0.0445312194444 0.0158203015625
0 0.292856850391 0.248906071528 0.0374999736111 0.0105468679688
