0 0.418885120313 0.357989465278 0.0228813722222 0.014040840625
0 0.480313803906 0.364229838194 0.0187211236111 0.0152109125
0 0.449306944531 0.381910898611 0.01248075 0.0093605625
0 0.532966960938 0.377750650694 0.0249614986111 0.0128707734375
0 0.487919260156 0.385031085417 0.0145608736111 0.0093605609375
0 0.470953242188 0.396471772222 0.0166409972222 0.01053063125
0 0.209442561328 0.316386976389 0.0145608694444 0.0117007007813
0 0.365061891797 0.391271459722 0.0187211222222 0.00468028203125
0 0.628912714063 0.256063352083 0.0270416236111 0.017551053125
0 0.5123737375 0.397511835417 0.0187211236111 0.012870771875
1 0.412449734375 0.402504136806 0.0145608708333 0.01053063125
1 0.587960257813 0.375462516667 0.0228813722222 0.012870771875
1 0.53998738125 0.354661269444 0.010400625 0.01053063125
1 0.617797048438 0.380662828472 0.0249614986111 0.0187211234375
2 0.431170857031 0.431625884722 0.018721125 0.012870771875
2 0.507225416406 0.429545758333 0.0228813694444 0.012870771875
2 0.486749189453 0.429545758333 0.0228813694444 0.0163809804688
2 0.470953242188 0.427465634722 0.0187211222222 0.012870771875
2 0.349265945313 0.430585820833 0.0624037416667 0.036272175
2 0.304218243359 0.44826688125 0.0811248652778 0.0608436492188
2 0.457204917969 0.429545759722 0.02080125 0.0128707734375
2 0.547885356641 0.434746070139 0.0270416236111 0.00936056171875
2 0.269408655469 0.423305384722 0.01248075 0.014040840625
2 0.561048644922 0.43942635 0.0436826166667 0.0152109132812
2 0.582109908203 0.442546536806 0.0582434930556 0.0222313335938
2 0.592640539063 0.445666725 0.0603236194444 0.022231334375
2 0.609606557422 0.445666724306 0.0644838680556 0.0257415445312
2 0.6353481 0.445666725 0.0769646166667 0.044462665625
2 0.677470626953 0.457107410417 0.0873652402778 0.0631837898437
2 0.730708819141 0.475828534028 0.0915254902778 0.0994559648437
2 0.827532125781 0.499749968056 0.139368358333 0.140408420312
2 0.935178580469 0.525751527778 0.174730480556 0.126367578125
1 0.705058347266 0.314062390278 0.0318749888889 0.0284765523437
