0 0.288544875 0.343749954167 0.0343749944444 0.0079101546875
0 0.651533110937 0.324999959028 0.0437499930556 0.00615234375
0 0.298212842187 0.34687495625 0.0343749930556 0.00791015625
0 0.645998569141 0.325781213889 0.0421874944444 0.0109035695312
0 0.698994041797 0.389843701389 0.0390624944444 0.00966796640625
0 0.782050673438 0.419531195833 0.0265624972222 0.015820309375
0 0.701630760156 0.428906196528 0.0265624930556 0.0079101546875
0 0.194941370703 0.256249969444 0.0437499944444 0.0175781226562
0 0.123749973438 0.264062465972 0.0468749930556 0.014062496875
0 0.108808568359 0.268749966667 0.0437499944444 0.0140624976563
1 0.149238250391 0.264843715278 0.0265624972222 0.0140624992188
1 0.192304652344 0.303124964583 0.0187499958333 0.0316406203125
1 0.0195995964844 0.421874947917 0.0249999986111 0.0184570289062
1 0.774174799219 0.282812464583 0.0468749930556 0.0299513703125
1 0.786445204688 0.344531206944 0.0171874972222 0.024609371875
1 0.772822157422 0.381249952083 0.0437499958333 0.0184570289063
1 0.800947154297 0.374218701389 0.0171874972222 0.0131835914063
2 0.306122997656 0.478124939583 0.0999999875 0.0395507765625
2 0.2133984 0.492187438194 0.262499965278 0.186328101563
4 0.921315828125 0.489687288194 0.0668746902778 0.0957178328125
2 0.767109267578 0.560156179167 0.264062466667 0.232031219531
2 0.0706640488281 0.653906167361 0.401562448611 0.141328097656
1 0.0323437351562 0.474218690278 0.0171875 0.014062496875
2 0.484980398047 0.4898436875 0.639062419444 0.335742146094
2 0.984335867187 0.498515275694 0.0632812069444 0.0303222453125
2 0.0535747882812 0.473905917361 0.0374999736111 0.054052696875
