1 0.0294451460938 0.449999904167 0.0183673444444 0.0134311203125
1 0.0211798433594 0.465612146528 0.0165306097222 0.0196300976563
1 0.256327758594 0.462857045139 0.0220408125 0.017563771875
1 0.328132589844 0.468367246528 0.0146938736111 0.0330612171875
1 0.593758814844 0.46010194375 0.0202040791667 0.017563771875
1 0.253124946484 0.513367236806 0.0128571402778 0.0165306085937
1 0.252608364844 0.536326416667 0.0257142805556 0.0154974453125
2 0.0821364621094 0.631836601389 0.227755055556 0.163239761719
1 0.484553468359 0.451836638194 0.0220408125 0.00619897734375
5 0.139255619141 0.56518938125 0.0440816236111 0.0526913164063
2 0.230739741016 0.591734568056 0.0899999805556 0.0392601960937
2 0.181147916016 0.579795795139 0.0220408125 0.0413265210938
2 0.385197616797 0.593571304167 0.0238775472222 0.00929846796875
2 0.400178481641 0.592652936806 0.0293877513889 0.0247959132812
2 0.424457812891 0.5880611 0.049591825 0.0423596851563
2 0.60216185625 0.614081506944 0.0771428416667 0.0485586640625
4 0.593082551953 0.558142848611 0.1230612 0.0733545757812
4 0.501647622266 0.560897951389 0.213061180556 0.115714261719
4 0.807980464844 0.454367361806 0.517959073611 0.383303490625
2 0.305863225 0.628105734028 0.225918318056 0.160140271875
