2 0.965663065625 0.604285588194 0.0918367152778 0.066122434375
2 0.981543636328 0.6228366 0.0899999805556 0.0340943804687
2 0.172267026562 0.563772479167 0.0722098805556 0.092984675
3 0.0579309273438 0.56637015 0.0732069888889 0.019630096875
3 0.158664323828 0.554300184028 0.0238775458333 0.0103316304687
3 0.150653966797 0.552632651389 0.0312244833333 0.0123979585937
3 0.194579035547 0.574591720833 0.0642857 0.0144642820313
3 0.221957856641 0.574591718056 0.0826530444444 0.0237627507812
3 0.241071373047 0.574591719444 0.0716326388889 0.0123979570313
3 0.404827714844 0.594795797222 0.119387727778 0.019630096875
3 0.417742254297 0.598469265972 0.115714259722 0.0351275445312
3 0.775388866016 0.584999876389 0.0440816222222 0.0113647929687
3 0.764024071875 0.591428445139 0.0642857013889 0.01343111875
3 0.753175860937 0.590510076389 0.0771428388889 0.0185969359375
3 0.431862153125 0.564795797917 0.0330612152778 0.0113647921875
2 0.507209260937 0.587361404861 0.0863265125 0.12914538125
2 0.637904384766 0.575422629167 0.0404081555556 0.0247959132812
2 0.587279395703 0.575422629167 0.0514285611111 0.0289285632812
2 0.606392911719 0.571749161111 0.0404081555556 0.019630096875
2 0.627439921484 0.564428455556 0.020204075 0.0154974445312
2 0.652235834375 0.563510091667 0.0330612166667 0.017563771875
2 0.660707768359 0.573979468056 0.0238775444444 0.00929846796875
2 0.668456490625 0.575816201389 0.0312244833333 0.018596934375
2 0.675688631641 0.577652940278 0.0385714194444 0.0185969351563
2 0.695835311719 0.578571304861 0.0514285597222 0.03409438125
2 0.707200105469 0.584081510417 0.0514285597222 0.03409438125
2 0.711849338281 0.589591710417 0.0551020291667 0.0268622390625
2 0.728896529297 0.593265179167 0.0624489666667 0.0423596851563
0 0.874985776172 0.516122340972 0.0330612180556 0.0216964242187
0 0.853392675391 0.471122350694 0.0459183569444 0.0154974460938
0 0.156007619531 0.330612174306 0.0477550902778 0.01343111875
0 0.141026755859 0.327857073611 0.049591825 0.0165306085937
0 0.618864665625 0.379285634028 0.0422448902778 0.01343111875
0 0.632812366406 0.379285634028 0.0422448902778 0.01239795625
0 0.753175860156 0.429795825694 0.0440816236111 0.01136479375
0 0.419808579297 0.422755006944 0.03489795 0.0103316304687
1 0.420325161328 0.464693778472 0.0367346875 0.0216964257813
1 0.750937337109 0.496530506944 0.0183673416667 0.0237627507813
1 0.306160642969 0.411122365278 0.0642857 0.0475255
0 0.295829013672 0.457959088889 0.0440816222222 0.0351275429688
1 0.432707478516 0.429738429861 0.0165306069444 0.0185969367188
0 0.418775416797 0.502959079167 0.0275510138889 0.0227295867188
0 0.0416552640625 0.496779230556 0.0257142777778 0.017563771875
2 0.373240311328 0.564708045139 0.0382075819444 0.0272229023437
2 0.353897723437 0.568019379167 0.0305660638889 0.0257901171875
2 0.338137096484 0.569292965278 0.0280188916667 0.0200589804688
2 0.308048625 0.566745793056 0.0382075805556 0.0487146671875
2 0.250737252734 0.5718401375 0.043301925 0.0315212554687
1 0.307023075 0.226939586111 0.0768103222222 0.027494603125
