2 0.644453647266 0.423770121528 0.270000043056 0.176240000781
2 0.376032814844 0.420160495139 0.135721945833 0.0942112453125
2 0.282227652344 0.426657822917 0.0996256847222 0.093399078125
2 0.53643558125 0.347246045833 0.0303208611111 0.0154311515625
2 0.553491066406 0.357352997917 0.0476470625 0.0121824890625
0 0.446285166016 0.301042829861 0.0274331597222 0.00568516171875
0 0.529532171484 0.290935876389 0.0245454583333 0.00324866328125
0 0.526283508203 0.289492027778 0.0245454638889 0.00487299609375
2 0.509228024219 0.353021450694 0.0332085680556 0.0129946546875
3 0.462122401562 0.374679205556 0.0360962638889 0.009745990625
5 0.0568516136719 0.438930551389 0.306096302778 0.110454563281
6 0.156341937109 0.453369056944 0.0664171222222 0.0300501382813
7 0.157560185547 0.488021469444 0.0490909166667 0.0373596304687
2 0.328927192187 0.385508084722 0.0346524138889 0.0276136421875
