2 0.77886710625 0.591256782639 0.180481318056 0.233903782812
2 0.610084841016 0.529158445139 0.119814068056 0.0896347382812
2 0.561612725 0.513288853472 0.0678609736111 0.0414204609375
2 0.531968669531 0.498280094444 0.0457392 0.025989309375
2 0.510040189844 0.498850349306 0.0360962625 0.01786765
2 0.493390789844 0.495240722222 0.0317647111111 0.0138068203125
2 0.482426549219 0.492353020833 0.0231016055556 0.009745990625
2 0.471868391406 0.489465319444 0.0144385027778 0.0081216578125
2 0.463340650781 0.48585569375 0.0129946541667 0.00730949375
2 0.401209958984 0.516176554861 0.0678609736111 0.0519786179688
2 0.430041848047 0.493074947222 0.0245454583333 0.00893382578125
2 0.438163506641 0.493796872222 0.0231016083333 0.0105581554687
2 0.443442584766 0.477192590278 0.00721925 0.00649732734375
2 0.240999358203 0.56046515 0.3142571 0.227834286719
2 0.113638186328 0.644268545833 0.695313497222 0.221039208594
1 0.862114110156 0.303208604861 0.0346524097222 0.0284258046875
1 0.410143783203 0.451925206944 0.0231016083333 0.0113703226562
1 0.521972655078 0.458085040972 0.0207905486111 0.0116946820313
2 0.661529198047 0.555800606944 0.0609856027778 0.0163725554687
2 0.944588802734 0.499968113194 0.268613718056 0.105279247656
