1 0.783745507812 0.146437800694 0.0641206930556 0.058488471875
1 0.787644739453 0.220956444444 0.0814506111111 0.0584884710937
1 0.789106951172 0.283344146528 0.0363928236111 0.0302190429688
0 0.413318526563 0.456643320139 0.0155969263889 0.01169769375
2 0.44646199375 0.528562476389 0.0207959 0.0077984640625
2 0.459134494922 0.53029546875 0.0346598347222 0.0155969242188
2 0.461084111328 0.534627947917 0.0329268430556 0.0136473101562
2 0.465958150391 0.534627947917 0.0329268430556 0.0116976945313
2 0.473756613281 0.532894956944 0.0398588111111 0.0155969265625
2 0.482529883203 0.533761452083 0.0485237680556 0.0136473085938
2 0.492277962109 0.538960427083 0.0519897513889 0.0175465414063
2 0.497639405469 0.538960427083 0.0519897513889 0.016571734375
2 0.505925272266 0.540693418056 0.0623877 0.0194961570312
2 0.512261523047 0.542426409722 0.0727856527778 0.0185213492187
2 0.533707295313 0.542426410417 0.0935815541667 0.032168659375
2 0.556127876172 0.551091368056 0.110911469444 0.0380175054688
2 0.617540770312 0.536360939583 0.175032165278 0.116002134375
2 0.648247217188 0.56408880625 0.209691998611 0.089682321875
2 0.818838590625 0.575353252083 0.360462279167 0.315837742188
2 0.437688722656 0.53289495625 0.0225288902778 0.013647309375
2 0.424041412891 0.539826922222 0.046790775 0.0194961570312
2 0.359704095313 0.541559915972 0.0190629097222 0.005848846875
2 0.345081977344 0.545025897222 0.00866496111111 0.0077984625
2 0.323148800391 0.549358377083 0.0207959013889 0.0146221164063
2 0.30219043125 0.554557352083 0.0207959013889 0.0077984625
2 0.282206871875 0.54849188125 0.0398588097222 0.02242058125
2 0.273921004297 0.557156839583 0.0259948763889 0.0155969242187
2 0.244676769141 0.562355814583 0.0363928263889 0.0175465414062
2 0.224693208203 0.564088806944 0.0398588111111 0.0224205804688
2 0.202272628516 0.571887270833 0.0485237694444 0.0419167367188
2 0.136473098437 0.575353252778 0.0623877027778 0.0370426984375
2 0.0901697257813 0.589217186806 0.0623877013889 0.0575136625
2 0.0428915453125 0.559756327778 0.0173299166667 0.0409419296875
2 0.0331434664063 0.598748641667 0.0745186444444 0.0623877015625
2 0.00243701953125 0.622144029861 0.0623877013889 0.0048740390625
2 0.399183814063 0.548491880556 0.067586675 0.0477655859375
2 0.974807845312 0.668934804861 0.277278676389 0.0487403921875
0 0.537606526562 0.442779384722 0.046790775 0.0204709640625
