1 0.582876537109 0.460714493056 0.0306122583333 0.0111926070313
1 0.565226657031 0.450000202778 0.0489796138889 0.020663275
1 0.510829030078 0.463727888194 0.0168367430556 0.00947066953125
0 0.481556057422 0.484321586806 0.0212894291667 0.00947066796875
0 0.420357733203 0.439285913889 0.0336734861111 0.0111926085938
0 0.387210397266 0.439285911111 0.0397959361111 0.0120535773438
2 0.631795282031 0.577619397222 0.0765306444444 0.08954085625
2 0.363172713672 0.521752028472 0.0137755180556 0.0154974554688
0 0.105716983984 0.391500270833 0.0291176666667 0.0119117726562
2 0.185376964844 0.505323898611 0.0450000305556 0.0580698921875
