5 0.140219499219 0.442026506944 0.484669066667 0.280438998438
4 0.306150066406 0.478280115972 0.0668611430556 0.063244740625
5 0.469405330859 0.446186758333 0.0270416222222 0.0152109117187
2 0.277513823828 0.4971498125 0.0665639916667 0.0269116148437
2 0.535453342578 0.466690853472 0.0561633680556 0.0374422460937
2 0.519072360156 0.461490541667 0.0540832444444 0.0187211234375
2 0.507956692969 0.460450480556 0.0312018722222 0.012870771875
2 0.501521306641 0.457330292361 0.0208012486111 0.0117007023438
2 0.498011096094 0.457330292361 0.0249614958333 0.0093605609375
2 0.483970254687 0.45629023125 0.0228813736111 0.0093605609375
2 0.462323957031 0.461490540972 0.0208012486111 0.01053063125
2 0.400310237891 0.471891165278 0.0208012472222 0.0105306320312
2 0.407915693359 0.466690852778 0.0270416222222 0.00702042109375
2 0.389194571484 0.477091477083 0.0145608736111 0.00936056171875
2 0.426636817187 0.458370353472 0.0104006236111 0.011700703125
2 0.579916008984 0.472931227083 0.0936056125 0.0631837898437
2 0.474609694141 0.475011352778 0.0270416222222 0.0234014039063
0 0.37237483125 0.411864698611 0.0187211222222 0.00468028125
0 0.377055111328 0.416024948611 0.0228813722222 0.00702042109375
0 0.471830794922 0.401464075 0.0187211222222 0.00468028046875
0 0.477096110547 0.402504138889 0.02080125 0.00585035078125
1 0.641344692578 0.27234775 0.0187211222222 0.0175510523437
1 0.643099797656 0.291068871528 0.0145608708333 0.014040840625
1 0.730270025 0.234905505556 0.0187211222222 0.0269116140625
1 0.719739393359 0.212024130556 0.0270416222222 0.0152109117187
0 0.370534402344 0.416371638194 0.0270416236111 0.007020421875
