2 0.505731924219 0.487063142361 0.0191338625 0.01315453125
2 0.482890885156 0.489401720139 0.0374173125 0.0200905796875
2 0.440557200391 0.486637949306 0.0233858319444 0.00956693046875
5 0.486239315234 0.465059184028 0.0350787486111 0.0229606507813
2 0.520799848828 0.488338710417 0.0233858319444 0.0179379960937
2 0.460408592969 0.496842651389 0.0488976527778 0.0382677265625
2 0.364141340625 0.481960755556 0.0276378027778 0.0203297296875
2 0.0518208785156 0.484724542361 0.119055151389 0.102047274219
2 0.759136058984 0.517677308333 0.0403937138889 0.0263090617188
2 0.789989416797 0.520866286111 0.0340157583333 0.0363543320313
2 0.821799455078 0.521504088194 0.0369921208333 0.0267874382812
2 0.855283717187 0.535322989583 0.0348661375 0.0363543703125
2 0.892594764453 0.5321340125 0.0327401527778 0.0382677273437
2 0.949398422266 0.530645829861 0.0255118180556 0.0227214632813
2 0.719672464844 0.509173370833 0.0361417416667 0.0287007953125
2 0.693961336328 0.507047384722 0.0361417416667 0.0251131960937
0 0.626514437891 0.473563122222 0.0138189027778 0.0107627976563
0 0.669087290625 0.482067061806 0.00956693194444 0.00956693125
0 0.431024441797 0.457997874306 0.0212598486111 0.00956693203125
0 0.447766572266 0.450556925694 0.0191338625 0.00956693203125
2 0.673153229297 0.505984392361 0.0212598513889 0.0155462632813
0 0.519603983203 0.448582800694 0.0170078763889 0.00837106640625
1 0.533356446484 0.467716664583 0.00850394027778 0.00956693046875
2 0.651569303516 0.502978078472 0.0317867180556 0.0178800289063
2 0.0946589785156 0.473061167361 0.0448753708333 0.0210353289063
2 0.415658096875 0.481475297917 0.0130886486111 0.0105176640625
2 0.429541403516 0.482410202083 0.0224376847222 0.0126211976563
2 0.382737797266 0.481475299306 0.0168282652778 0.0199835601563
2 0.401669592969 0.482410202083 0.0224376847222 0.0136729640625
2 0.340667155469 0.476800780556 0.0336565277778 0.0220870953125
2 0.125055028125 0.472126263194 0.0317867180556 0.02839769375
2 0.202412448828 0.473528618056 0.0327216222222 0.0335513476562
2 0.57773531875 0.495498850694 0.0186980680556 0.015776496875
2 0.318685228125 0.480540395833 0.0280471027778 0.0199835625
