2 0.313757526172 0.543254890972 0.128087726389 0.0784190460937
5 0.438028848438 0.53796845625 0.100944918056 0.064893159375
2 0.355040480469 0.53963238125 0.0510270986111 0.031198634375
2 0.381559320313 0.531867388889 0.0332785444444 0.0268308265625
2 0.470163443359 0.530203461111 0.0521363833333 0.0155993179688
2 0.264876426953 0.494706348611 0.0122021333333 0.0243349351562
5 0.140393874219 0.451998885417 0.0599013791667 0.0811164484375
2 0.00655173242188 0.448671029861 0.0155299875 0.0131034273438
5 0.208829357422 0.481614475694 0.0210764125 0.0237109632812
5 0.192918053516 0.477731978472 0.0177485541667 0.00935958984375
1 0.368878352344 0.448705695833 0.0299506888889 0.03182260625
1 0.453738638672 0.467563538194 0.0232949819444 0.00935958984375
1 0.375430066406 0.430957138889 0.00776499444444 0.016223290625
