1 0.129169387109 0.281365394444 0.0277207277778 0.0280672367187
1 0.131508322656 0.308393104861 0.0235626125 0.038982275
1 0.131898144922 0.3458160875 0.0429671277778 0.0163725523437
1 0.303809976172 0.404722636111 0.033264875 0.0155929101562
1 0.570318795312 0.309779140972 0.0180184736111 0.0413212109375
1 0.5933183375 0.378387945139 0.0360369458333 0.012474328125
1 0.633859902734 0.325718560417 0.0138603652778 0.0218300726563
1 0.643995292969 0.358290418056 0.0152464027778 0.015592909375
1 0.912843048438 0.0318788361111 0.0554414555556 0.0787441921875
1 0.914012519141 0.103952732639 0.0914784041667 0.0545751835937
1 0.922588617578 0.169789461111 0.0568274916667 0.0389822742188
0 0.914012516016 0.235626190278 0.06652975 0.0311858195312
0 0.962740359375 0.234933174306 0.0706878569444 0.044439790625
0 0.645814467578 0.3867041625 0.0249486555556 0.0155929085938
0 0.303030331641 0.35274626875 0.0124743263889 0.00779645390625
0 0.453112087109 0.347895141667 0.0194045111111 0.00701680859375
0 0.252743195313 0.357597397917 0.0277207263889 0.00545751875
0 0.28159008125 0.364527579167 0.0249486555556 0.00545751875
0 0.365401972266 0.37838794375 0.0194045097222 0.00467787578125
0 0.407113003125 0.364527579167 0.0194045111111 0.0070168078125
0 0.401225048438 0.381061006944 0.018018475 0.004677871875
0 0.412140085156 0.401851552778 0.0235626194444 0.0046778734375
0 0.509595772266 0.290968640278 0.0207905444444 0.00623716484375
0 0.244126482031 0.41175181875 0.0180184736111 0.010135390625
1 0.244516305469 0.400465515278 0.0124743305556 0.0109150375
1 0.269854782813 0.417790975 0.0110882944444 0.0179318453125
1 0.60900059375 0.387991188889 0.00970225555556 0.0070168109375
3 0.899418538281 0.496993056944 0.202361316667 0.03118581875
3 0.880707048047 0.499072111806 0.0762320041667 0.0265079460937
3 0.83821636875 0.461649128472 0.0845482236111 0.0194911390625
3 0.819504876172 0.482439674306 0.142761748611 0.0257282976563
3 0.814827003516 0.420761052778 0.0304928027778 0.0116946820312
3 0.796895157422 0.457491019444 0.0984085861111 0.0226097179687
3 0.784420830859 0.445709710417 0.0831621847222 0.0179318460938
3 0.770387211328 0.445709710417 0.0720738930556 0.0148132648437
3 0.754404477344 0.442992978472 0.102456009722 0.029626528125
3 0.721269544531 0.451253855556 0.0803901111111 0.0132539734375
3 0.693592132812 0.456797997917 0.0609855986111 0.0109150375
3 0.646423578125 0.445709709028 0.0415810930556 0.0070168078125
3 0.706066457812 0.455906971528 0.0845482180556 0.0171522
3 0.652270921094 0.460758102778 0.0803901166667 0.0140336203125
3 0.6277120875 0.464916211111 0.0776180388889 0.021050428125
3 0.356061311719 0.474618465972 0.0693018208333 0.0132539734375
3 0.341192347266 0.463530172917 0.0637576763889 0.00935574921875
3 0.331446776172 0.470460354167 0.06652975 0.0101353898437
3 0.296362728906 0.466302248611 0.0471252388889 0.0116946828125
3 0.249194176563 0.464223196528 0.0568274986111 0.018711490625
3 0.276481770312 0.455906971528 0.0346509097222 0.014033621875
2 0.311175994922 0.455213953472 0.0360369486111 0.0288468820312
2 0.020514415625 0.411751815972 0.0928644402778 0.04102883125
2 0.154223617578 0.591144557639 0.478182565278 0.308447235156
2 0.616574282812 0.4400665875 0.0291067666667 0.0179318453125
2 0.962569825781 0.446996770139 0.106724806944 0.073286675
2 0.513883832422 0.541247223611 0.486498783333 0.247147619531
