2 0.0291473785156 0.395663443056 0.0321428722222 0.0249681226563
2 0.007623134375 0.400255281944 0.0321428722222 0.0129145453125
2 0.338408941406 0.407541634028 0.0397959375 0.0301339421875
2 0.418909615625 0.408306939583 0.0566326791667 0.017219396875
2 0.588520660547 0.424548443056 0.0489796138889 0.0482143070312
2 0.470137316797 0.426079054861 0.0765306458333 0.0490752773438
2 0.386192764062 0.438153891667 0.125510261111 0.080931159375
2 0.894260597266 0.692235638194 0.3091838125 0.204910807031
0 0.416852856641 0.270551776389 0.0352041 0.0129145460938
0 0.291486088672 0.284327292361 0.0382653236111 0.00860969765625
0 0.48003846875 0.338664050694 0.0306122569444 0.0051658171875
1 0.552790414844 0.271317081944 0.0122449027778 0.0198023046875
2 0.145121227344 0.404480406944 0.0183673555556 0.017219396875
