1 0.109608754688 0.193451600694 0.0499229930556 0.02574154375
1 0.114289035156 0.291217463889 0.0166409972222 0.023401403125
1 0.569446330078 0.295377713194 0.0166409986111 0.00936056171875
1 0.567106189062 0.317219023611 0.014560875 0.0163809828125
1 0.542534716406 0.315138897917 0.0104006236111 0.0093605609375
0 0.178057859375 0.275616527083 0.0187211208333 0.008190490625
0 0.252942349219 0.220493221528 0.0416024930556 0.01053063125
0 0.413241962891 0.265215905556 0.0270416222222 0.00819049140625
0 0.240656613281 0.216332972917 0.0332819958333 0.0093605609375
0 0.40271133125 0.264175842361 0.0291217458333 0.008190490625
0 0.543119751562 0.342180520833 0.0228813722222 0.01053063125
1 0.179227929297 0.304738274306 0.0104006236111 0.0175510523437
1 0.485201278125 0.318259085417 0.0124807486111 0.0140408421875
3 0.490466593359 0.399383950694 0.0374422458333 0.0105306304687
3 0.509772751562 0.400424011806 0.0312018708333 0.0117007015625
3 0.551310242969 0.3983438875 0.0187211222222 0.0081904921875
2 0.40563650625 0.436826195833 0.174730477778 0.138068279688
2 0.337772437891 0.403544199306 0.0707242402778 0.0397823851562
2 0.312030892969 0.397303825 0.0457627444444 0.0210612640625
2 0.289214525 0.385863139583 0.0187211236111 0.01053063125
2 0.274588647656 0.384823076389 0.0208012472222 0.0117007015625
