1 0.501428460156 0.422142772917 0.0606122319444 0.0454591734375
1 0.556186101172 0.423061139583 0.0551020291667 0.0599234570313
1 0.677066177734 0.431326443056 0.0495918277778 0.0454591726562
1 0.645107000781 0.51942846875 0.0146938763889 0.0289285640625
1 0.622274119922 0.429428485417 0.0587754958333 0.0671555992187
1 0.666700132031 0.521265201389 0.0183673416667 0.0196300984375
1 0.511725675781 0.515754999306 0.0146938736111 0.0361607078125
1 0.312325192578 0.522183569444 0.0128571416667 0.00929846796875
2 0.227812451953 0.538163152778 0.0257142805556 0.0340943789063
2 0.275854533203 0.537244781944 0.020204075 0.0309948914063
2 0.430415724219 0.550101923611 0.0312244805556 0.0227295875
2 0.454178471875 0.545510086111 0.025714275 0.020663259375
2 0.470192500781 0.541836619444 0.0183673416667 0.01343111875
2 0.552570046875 0.531428477778 0.014693875 0.00929846875
2 0.535522857422 0.537857047222 0.00918367222222 0.00826530390625
2 0.542238414453 0.538775414583 0.0146938763889 0.00929846796875
2 0.530357041016 0.545203984722 0.0128571388889 0.00826530390625
2 0.526224388672 0.552550922917 0.0165306097222 0.0144642820312
2 0.542238414844 0.547040716667 0.0128571388889 0.0113647921875
2 0.377104513281 0.579489672222 0.134081602778 0.1198469125
2 0.590280496875 0.545203983333 0.0202040777778 0.01446428125
2 0.567550910547 0.550408056944 0.0477550944444 0.0309948914063
2 0.508144034766 0.550408056944 0.0367346833333 0.0278954023437
