2 0.388915748437 0.478124670833 0.0281249805556 0.01845701875
2 0.371777088281 0.483984040972 0.0304687291667 0.01845701875
2 0.348705814453 0.4910152875 0.035156225 0.0303222445313
2 0.317724391016 0.49921840625 0.0421874708333 0.0369140367188
2 0.0578102507812 0.543558105556 0.0605544166667 0.102436917188
2 0.493066067969 0.442968445833 0.0234374833333 0.01845701875
2 0.644677291406 0.615233952083 0.461718431944 0.373095446875
0 0.191821157422 0.420702836111 0.0164062388889 0.0118652257812
0 0.435058294922 0.267187317361 0.0281249819444 0.0131835835937
0 0.576781829688 0.362109125694 0.0257812319444 0.009228509375
0 0.191161978516 0.442968445833 0.0187499888889 0.0105468679687
0 0.561620707812 0.366796622917 0.0210937347222 0.013183584375
1 0.264330872656 0.356249754861 0.0234374847222 0.035595678125
1 0.634130423438 0.253124827083 0.0281249819444 0.0369140375
1 0.481860019922 0.421405956944 0.0187499888889 0.0118652257812
1 0.417787810547 0.383905993056 0.0234374833333 0.00922850859375
3 0.248510571875 0.480468419444 0.0515624638889 0.0118652265625
