1 0.514777490234 0.434250327083 0.0354971125 0.0237109632812
1 0.515089475391 0.460873163194 0.0133114180556 0.0143513726563
1 0.456228046094 0.464420569444 0.0155299888889 0.01185548125
1 0.456228044531 0.478841271528 0.00887427916667 0.009359590625
1 0.286195487109 0.477177344444 0.0255135472222 0.00998356328125
1 0.420661601172 0.483278411111 0.0110928472222 0.00436781015625
2 0.414629854297 0.502875780556 0.0110928472222 0.00436780859375
2 0.418997661719 0.504539707639 0.0122021319444 0.005615753125
2 0.424925404297 0.507312920833 0.0177485583333 0.0112315085937
2 0.442708624609 0.513968628472 0.0332785430556 0.0118554804688
2 0.463923696094 0.515632554167 0.0476992444444 0.0393102796875
2 0.628028533203 0.496924917361 0.0654478013889 0.0455500070313
