1 0.588076047656 0.280237622917 0.0294986958333 0.012688778125
2 0.527072307813 0.3114715375 0.0121465222222 0.01171271875
2 0.538296996484 0.314074363889 0.017352175 0.00878453828125
2 0.545129415625 0.319280013889 0.0208226111111 0.00683241875
2 0.552449862891 0.321015232639 0.0242930486111 0.00780847734375
2 0.558794251953 0.325353275 0.0329691333333 0.0107366570313
2 0.571483028906 0.325353275694 0.0503213041667 0.0165930171875
2 0.590028166797 0.326220886111 0.0589973972222 0.0400184507812
5 0.650055845703 0.330558929167 0.137082180556 0.107366580469
2 0.510967319922 0.31580958125 0.0173521763889 0.00683241953125
2 0.504134902344 0.317544796528 0.0173521763889 0.0087845390625
2 0.496326423047 0.317544797917 0.0277634791667 0.0107366585937
2 0.491446123828 0.321015234028 0.0312339152778 0.0146408976562
2 0.482661586328 0.321015232639 0.0381747847222 0.0146408976563
2 0.475829166406 0.327088494444 0.0329691305556 0.0165930171875
2 0.458260089844 0.334029364583 0.0364395652778 0.0302578546875
2 0.376759094141 0.342705451389 0.112789136111 0.0937017445313
2 0.421657846484 0.348778711806 0.0624678291667 0.0195211976562
3 0.180083038672 0.346175884722 0.137082180556 0.0400184539063
1 0.0112246878906 0.0451156541667 0.0277634805556 0.0224493757812
1 0.0253775554688 0.10498065625 0.0329691319444 0.046850871875
1 0.03660224375 0.148361093056 0.0329691305556 0.036114215625
