0 0.588296534375 0.506900078472 0.0329268430556 0.0107228859375
0 0.364578135156 0.518164525694 0.0277278680556 0.0077984625
1 0.300240815625 0.451444345833 0.0190629083333 0.01169769375
1 0.583422496094 0.467041270139 0.0121309458333 0.0341182734375
1 0.639961350391 0.519897517361 0.00693196527778 0.0146221164063
0 0.640936158984 0.537227435417 0.0138639347222 0.00877327109375
0 0.647272409766 0.501701103472 0.0190629097222 0.0155969257813
0 0.634599907031 0.426315964583 0.0554557347222 0.0136473078125
2 0.23054205625 0.5892171875 0.0450577861111 0.034118275
3 0.225668016016 0.6048141125 0.0831836027778 0.0204709648437
7 0.0268072152344 0.706194129861 0.1334403625 0.0497151992187
6 0.0214457730469 0.649005401389 0.206226019444 0.0409419304687
3 0.306577067969 0.592683169444 0.0415918 0.012672503125
2 0.529320661328 0.595282659028 0.0329268430556 0.0155969273438
2 0.540530951172 0.597015650694 0.0294608625 0.0165717335937
4 0.477168440625 0.563222311806 0.218356959722 0.100405207813
2 0.403570448828 0.679332756944 0.356996297222 0.214457725781
2 0.594632785547 0.5996151375 0.0693196694444 0.0389923132813
2 0.647759813672 0.6074136 0.0953145444444 0.0887075148437
2 0.839796959375 0.579555016667 0.372854652778 0.285618696875
1 0.979194480469 0.336200395833 0.124775402778 0.036067890625
