0 0.380412433984 0.519587715278 0.0185567027778 0.00463917578125
2 0.433994923438 0.557319686111 0.0226804166667 0.0185567046875
2 0.49024493125 0.553195972917 0.0268041263889 0.0081185578125
2 0.50938153125 0.561443397917 0.0432989763889 0.03247423125
2 0.526198546484 0.5408248375 0.0185567027778 0.0104381460937
2 0.530257823437 0.553195974306 0.0432989763889 0.009278353125
2 0.54359545625 0.551134117361 0.0432989763889 0.0266752625
2 0.552873807031 0.556288757639 0.0453608319444 0.0266752625
2 0.559832572656 0.557319685417 0.0474226875 0.0220360859375
2 0.5859279375 0.559381540972 0.0597938236111 0.0463917609375
4 0.402448519922 0.5449190875 0.0453608361111 0.0301546445313
2 0.407087696094 0.561119384722 0.0247422722222 0.0208762921875
2 0.46797688125 0.571428663889 0.0783505305556 0.05682990625
2 0.637886703516 0.5703977375 0.0845360972222 0.0742268164062
2 0.381151799219 0.561237204861 0.0412371208333 0.024355675
2 0.755048975781 0.588337725694 0.134020640278 0.133376310937
2 0.359559219531 0.573904734028 0.0969072319444 0.0359536140625
2 0.896543844531 0.607925358333 0.210309313889 0.202963951563
4 0.118020578125 0.495554205556 0.472165027778 0.23604115625
