1 0.537978528125 0.397894925694 0.0224376819444 0.0326047578125
1 0.663138733203 0.473622109028 0.0430055597222 0.0178800289063
1 0.574790353516 0.445575002778 0.046745175 0.0262941601563
1 0.574264470313 0.484840947917 0.0243074902778 0.0147247296875
1 0.537452646094 0.4352910625 0.0560942083333 0.069416584375
1 0.616335126563 0.506343730556 0.0186980694444 0.012621196875
1 0.382317096094 0.445575002083 0.0504847875 0.02839769375
1 0.382842980078 0.484840947917 0.0243074902778 0.0126211976562
1 0.519572616797 0.534390835417 0.0149584569444 0.0126211976562
1 0.506951418359 0.534390835417 0.0149584569444 0.0126211960937
2 0.251372176953 0.578237809722 0.0243074888889 0.0378635929687
2 0.344979389063 0.57075858125 0.0392659458333 0.0378635921875
2 0.417551272656 0.565149161111 0.0205678805556 0.0168282640625
2 0.433327769531 0.573563290278 0.0373961388889 0.0273459265625
2 0.519572615625 0.558604836111 0.0186980722222 0.010517665625
2 0.508003184766 0.555800127778 0.0280471055556 0.0126211960937
2 0.494856104687 0.565149160417 0.0504847875 0.0262941609375
2 0.468561944922 0.573563293056 0.0785318944444 0.0452259585938
