2 0.115385562109 0.613636418056 0.294545477778 0.230771124219
2 0.278108791797 0.551396152083 0.1630519625 0.0966477367187
2 0.398918459766 0.525974071528 0.136753259722 0.105523546094
2 0.463514650391 0.514577965972 0.0648701319444 0.0433928585938
2 0.498031699609 0.510194850694 0.0561039013889 0.0295860398438
2 0.513810922266 0.507564981944 0.0368181861111 0.0177516273437
2 0.639058498437 0.514577969444 0.05785715 0.0394480546875
2 0.692313373437 0.512824720833 0.106948058333 0.0710065
2 0.79537141875 0.562792259028 0.164805209722 0.170612839062
2 0.929494806641 0.652207849306 0.280519504167 0.137081992969
2 0.545369367187 0.5031818625 0.0666233833333 0.04931006875
