2 0.456333300391 0.424687201389 0.0234374833333 0.0105468679688
2 0.484678007031 0.450468433333 0.0468749694444 0.017138659375
2 0.508408460156 0.446952809722 0.0773436972222 0.0435058296875
2 0.538071526563 0.464530921528 0.0749999458333 0.0685546421875
2 0.609262882812 0.498515275 0.157031141667 0.105468678125
2 0.745712984375 0.545390244444 0.278906061111 0.275536920312
2 0.442490536719 0.422343452778 0.0187499861111 0.0118652265625
2 0.426670234766 0.434062194444 0.0234374833333 0.0145019445312
2 0.466880168359 0.432890319444 0.0304687277778 0.0210937351563
2 0.895346670703 0.625077688889 0.452343441667 0.208300638281
