0 0.468914053125 0.377467106944 0.0230921055556 0.00699424375
0 0.418955171484 0.376578949306 0.0213157902778 0.00899259765625
0 0.786152952734 0.280657895139 0.0568421041667 0.0379687507812
1 0.751681325 0.229144736806 0.0355263152778 0.056953125
1 0.773163642187 0.171414474306 0.0266447375 0.0419654609375
3 0.731697771875 0.460953948611 0.119013158333 0.02098273125
3 0.713212985547 0.412105265972 0.0355263180556 0.0219819085937
2 0.666251635547 0.466282897917 0.0515131597222 0.0199835539063
2 0.83011676875 0.449407897222 0.142105263889 0.147878290625
2 0.231609363672 0.487598686111 0.10125 0.0499588804687
2 0.183648836719 0.510690791667 0.108355263889 0.095921053125
2 0.083331409375 0.545686463194 0.1676887125 0.16666281875
2 0.469913230469 0.453848685417 0.0230921041667 0.0229810859375
2 0.485400483984 0.449407896528 0.0284210513889 0.00999177578125
2 0.498889382031 0.44763158125 0.0461842097222 0.018984375
2 0.511379102734 0.459177632639 0.0515131541667 0.0219819085937
5 0.568831816016 0.42098684375 0.195394740278 0.106912008594
2 0.598307557031 0.499144740278 0.138552630556 0.105912829688
5 0.434442424219 0.4343092125 0.0657236861111 0.02997533125
5 0.332526305469 0.410328949306 0.294868420833 0.175855264063
