0 0.356119648438 0.157255138194 0.0555018152778 0.0192828
0 0.612764538281 0.203778722917 0.0506045958333 0.0220374859375
0 0.816764327344 0.388784786806 0.0212212819444 0.0137734296875
0 0.7970224125 0.38932891875 0.0195888763889 0.0064275984375
1 0.348008634375 0.387696515278 0.0228536888889 0.0091822859375
1 0.802531783203 0.346886353472 0.0163240652778 0.0238739445313
1 0.813550526172 0.314238226389 0.00979443611111 0.0165281148438
1 0.792890383984 0.36647523125 0.0163240625 0.0119369726562
3 0.343876605859 0.479927475694 0.101209195833 0.0211192570312
3 0.633730767578 0.481287829167 0.06366385 0.0131612867188
3 0.451156321094 0.482104033333 0.0848851305556 0.018364571875
3 0.458808235156 0.482920235417 0.0865175347222 0.0128552
2 0.445953036328 0.461698952778 0.0342805333333 0.0146916585937
2 0.436311634375 0.466596170139 0.0408101569444 0.0137734296875
2 0.420242635156 0.46088275 0.0489721916667 0.0404020578125
2 0.417028835156 0.474758205556 0.0538694111111 0.04315674375
2 0.466613178125 0.460066549306 0.0146916569444 0.011936971875
2 0.473499892188 0.464963765972 0.0179564708333 0.0073458296875
2 0.479009264453 0.466596171528 0.0244860958333 0.00734582890625
2 0.483600407422 0.469860984722 0.0277509083333 0.00918228515625
2 0.495996494141 0.468228577083 0.0277509069444 0.0137734289063
2 0.632812551563 0.474486129167 0.0620314416667 0.0394838296875
2 0.892824298047 0.534885163889 0.297097961111 0.150589488281
2 0.942233728906 0.610753189583 0.533097276389 0.11386034375
2 0.166920839453 0.534263298611 0.4808603 0.333841678906
1 0.0110843304687 0.252206785417 0.0310157208333 0.0211192578125
5 0.521160310547 0.459638998611 0.0685610666667 0.0312197726562
2 0.39536299375 0.486806902083 0.0669286625 0.0459114296875
2 0.575794910547 0.477012464583 0.0799879152778 0.0523390304688
