2 0.271922955469 0.331632804861 0.0857143263889 0.148373785938
2 0.441103515625 0.320153207639 0.0841837097222 0.142346998437
2 0.0916932804687 0.340816481944 0.0918367777778 0.133450315625
2 0.0852360078125 0.528826766667 0.411734875 0.170472015625
2 0.0111926070312 0.323214436806 0.0198979680556 0.0223852140625
2 0.606696718359 0.308418505556 0.0903061611111 0.127423525781
2 0.750048185156 0.308418506944 0.0750000333333 0.126562554687
2 0.869722984375 0.289285845833 0.0367347111111 0.0886798875
2 0.963999175391 0.280867472222 0.04132655 0.0688775820313
2 0.832270799609 0.557908422222 0.522959430556 0.328890453906
3 0.635539205859 0.395153246528 0.169898034722 0.0473533367188
3 0.595504111328 0.379592006944 0.17142865 0.0533801257812
1 0.793579328125 0.188843720139 0.104081679167 0.060267884375
1 0.7983146625 0.106955929167 0.047449 0.033577821875
1 0.869775153125 0.0518538638889 0.04132655 0.0198023046875
1 0.893021337109 0.0855273486111 0.0321428722222 0.0370217007812
1 0.895604245313 0.114608995139 0.0290816458333 0.040465578125
1 0.465119359375 0.204149849306 0.0306122569444 0.0284120046875
1 0.174542059375 0.12073144375 0.0229591902778 0.029272971875
1 0.199940667578 0.180425347917 0.0229591902778 0.0163584242187
1 0.882924503906 0.172959263194 0.0153061291667 0.012053578125
1 0.628507935547 0.1775511 0.00918367777778 0.00947066640625
1 0.616023873437 0.179081713194 0.00918367916667 0.0103316375
2 0.967730000781 0.798326247222 0.269387875 0.061989825
