0 0.193986761328 0.155969255556 0.0623877027778 0.0136473101562
0 0.887562544141 0.144704807639 0.0190629097222 0.00682365546875
0 0.195448973047 0.389923139583 0.0173299180556 0.0107228867187
0 0.176927624609 0.157702247917 0.0519897541667 0.0165717335938
0 0.203734840234 0.16116823125 0.0485237680556 0.00584884765625
0 0.514211139062 0.190629089583 0.0450577847222 0.0146221171875
0 0.820788205859 0.200160543056 0.0953145444444 0.0311938507812
0 0.870503406641 0.194961570139 0.0918485625 0.0331434679687
0 0.570262590234 0.35439680625 0.0225288930556 0.0136473101563
1 0.196911184375 0.334467402083 0.0103979513889 0.0155969265625
1 0.206659263281 0.352663815278 0.015596925 0.01949615625
1 0.844183594531 0.116110446528 0.0589217208333 0.08773270625
0 0.526396236719 0.188896097917 0.0519897513889 0.01169769375
1 0.737855926562 0.3561298 0.0363928277778 0.023542615625
1 0.934840723828 0.336200395833 0.0207959027778 0.0136473101562
2 0.122825789063 0.520764013889 0.2512838 0.183263875
2 0.034605678125 0.483504690972 0.100513520833 0.067261740625
2 0.452310840234 0.555423847917 0.455776823611 0.347031592969
2 0.801292049609 0.474839734028 0.166367204167 0.292442353906
2 0.627776253516 0.461842295833 0.0953145472222 0.0740853960937
2 0.635574715234 0.408119552778 0.0329268416667 0.0350930820313
5 0.276358023437 0.440179897917 0.103979501389 0.0575136625
2 0.802754261328 0.390789634722 0.0294608611111 0.0633625101563
2 0.972370826562 0.435847417361 0.0641206930556 0.0536144328125
2 0.963597556641 0.421116990278 0.0589217166667 0.0692113570313
2 0.929479280859 0.424582972222 0.0415918027778 0.0321686585938
2 0.913394952344 0.421983485417 0.0433247930556 0.01169769375
2 0.901697257031 0.420250495139 0.0294608597222 0.009748078125
2 0.891949179688 0.412452032639 0.0277278680556 0.009748078125
2 0.884150716797 0.412452032639 0.0277278680556 0.0136473101563
2 0.874890042187 0.411585534722 0.0225288916667 0.008773271875
2 0.867578982422 0.415051517361 0.0225288930556 0.00584884765625
2 0.860267923047 0.406386559028 0.0225288902778 0.0165717335938
1 0.884150717188 0.369127238194 0.0103979513889 0.009748078125
