2 0.40396750625 0.596842108333 0.0213157888889 0.0089925984375
2 0.389479430859 0.601282897917 0.0408552625 0.0259786179688
2 0.348013558594 0.599506581944 0.0976973694444 0.06894325625
2 0.333525483594 0.620822371528 0.0763815791667 0.03796875
2 0.293058788672 0.631480266667 0.115460527778 0.0689432570312
2 0.217620877344 0.630592108333 0.174078947222 0.133889803125
2 0.453926387891 0.594177634028 0.0266447347222 0.0109909539062
2 0.462918986719 0.596842108333 0.0284210527778 0.012989309375
2 0.472910763281 0.606611845833 0.0479605277778 0.0329728625
2 0.494393083203 0.607500004167 0.0639473694444 0.0319736851562
2 0.506383214062 0.61904605625 0.0763815791667 0.031973684375
2 0.531362655078 0.627927634722 0.10125 0.0559539476563
2 0.701722442578 0.702532898611 0.278881580556 0.210826480469
3 0.607799744141 0.60927631875 0.0817105263889 0.0209827304687
3 0.810133215625 0.570197371528 0.0568421069444 0.0279769734375
2 0.108710514453 0.708750003472 0.273552631944 0.215822369531
2 0.85859333125 0.670559213889 0.495592108333 0.280768915625
2 0.561837573047 0.643026319444 0.113684211111 0.0829317445313
2 0.430445713672 0.597730266667 0.0301973694444 0.0199835523437
3 0.569287782031 0.583151715972 0.0190629097222 0.009748078125
3 0.585859515234 0.588350690972 0.0225288930556 0.0116976945313
