0 0.353322760156 0.529786676389 0.0294265611111 0.0078901390625
1 0.896752806641 0.37327339375 0.0514039819444 0.0411575101562
1 0.233492044922 0.569389370139 0.0192211652778 0.0193144710938
0 0.383560099609 0.604654155556 0.0149584555556 0.00946589765625
2 0.528933330078 0.660976770139 0.0841413125 0.0536400882812
2 0.567619225391 0.662788143056 0.108448805556 0.0599506882813
2 0.263132842187 0.661853242361 0.0504847902778 0.02524239375
2 0.228950434375 0.657178724306 0.0710526652778 0.0473294890625
2 0.186729915234 0.664501648611 0.104396586111 0.0722721601563
2 0.136394989453 0.665592854861 0.102839384722 0.0851930804688
2 0.347800041797 0.654374013194 0.0280471069444 0.0178800289063
2 0.0522536738281 0.673072082639 0.106578998611 0.104124874219
3 0.948884553906 0.664657952083 0.186980698611 0.044174190625
3 0.694882962109 0.663723049306 0.125277068056 0.0262941601562
3 0.903132715625 0.797414247222 0.00747922777778 0.041018890625
7 0.88735621875 0.72262196875 0.134626104167 0.0872966140625
4 0.454554333594 0.634741039583 0.127146873611 0.0567953859375
2 0.378827150781 0.661853241667 0.0617036305556 0.0420706578125
2 0.626518145703 0.683271034722 0.146014916667 0.110435475781
2 0.321505880078 0.657008750694 0.0373961402778 0.0241906273437
0 0.357612863281 0.532199957639 0.0299999986111 0.00590625
0 0.438870503125 0.552321386806 0.0224999986111 0.003375
1 0.874908426953 0.313071405556 0.0689999944444 0.0413437460937
1 0.860564678125 0.361821401389 0.0254999972222 0.0261562484375
1 0.731812449219 0.474249969444 0.0344999972222 0.0269999984375
1 0.24723551875 0.581203078472 0.0149999986111 0.0126562484375
1 0.245109355078 0.593249952083 0.0134999986111 0.0143437476563
0 0.291515601953 0.617999951389 0.018 0.00759374921875
0 0.442968714453 0.555249963194 0.0254999986111 0.00506249921875
