2 0.0263912761719 0.596338747917 0.108425226389 0.0527825523437
2 0.0341644089844 0.774921475694 0.244488256944 0.0683288179687
0 0.0994213445312 0.516614316667 0.02125985 0.0119586625
0 0.242327387891 0.456874146528 0.0276378013889 0.00837106484375
0 0.422903226172 0.42923634375 0.0318897736111 0.00837106484375
2 0.902445682422 0.612071039583 0.372047348611 0.192534502344
2 0.280629996094 0.588189132639 0.0680315180556 0.047834659375
2 0.309330791016 0.569055270833 0.0382677277778 0.0263090617187
2 0.349990251563 0.605905679167 0.114803180556 0.0789271875
2 0.383474512891 0.564448975694 0.0403937152778 0.0239173273438
2 0.400814577344 0.564094635417 0.0255118180556 0.0107628
2 0.41935050625 0.581102511111 0.0680315138889 0.045442925
5 0.552091685937 0.565866291667 0.167952802778 0.090885853125
0 0.589761478906 0.4999607625 0.0233858333333 0.0203297296875
3 0.604709810156 0.584645831944 0.0977953055556 0.0263090625
3 0.757182786328 0.57649621875 0.112677198611 0.0298966632812
0 0.540730954687 0.4191733375 0.0361417388889 0.0107628
2 0.243558133984 0.584645832639 0.0297637875 0.0215255960938
0 0.378691048047 0.522283604167 0.0127559083333 0.00956693203125
1 0.471370698438 0.450000120833 0.0255118194444 0.0155462640625
5 0.184078015234 0.568700938194 0.116929168056 0.0777313226563
3 0.12428469375 0.590871927083 0.0446456819444 0.00837106875
