1 0.549555136328 0.0540832430556 0.108166486111 0.0561633679687
1 0.769528328516 0.0447226819444 0.0894453638889 0.0678640710938
1 0.770113362891 0.118567109722 0.0582434916667 0.0339320335937
1 0.0470100007812 0.262095718056 0.0540832444444 0.0292517546875
1 0.0446698605469 0.185131102083 0.0956857375 0.0690341398438
1 0.578221856641 0.317219021528 0.0145608736111 0.0128707726563
1 0.589337522656 0.35570133125 0.0124807486111 0.0117007015625
1 0.584072207422 0.368182078472 0.0124807458333 0.0105306320312
2 0.445418892578 0.433706009028 0.0270416236111 0.0210612632813
2 0.555405487109 0.429545759722 0.0894453638889 0.0538232273438
2 0.600453189844 0.443066570139 0.128967731944 0.07137428125
2 0.674752645703 0.472188318056 0.199691972222 0.152109121094
2 0.845582889453 0.556433366667 0.376502575 0.306558383594
2 0.489296523047 0.432665945833 0.0249614972222 0.0175510539063
2 0.345962929297 0.428505696528 0.0915254847222 0.0468028070312
2 0.297405016797 0.442026507639 0.1102466125 0.0783947007812
2 0.237146402734 0.456587380556 0.114406861111 0.100626032031
2 0.123064561719 0.473228377083 0.214252848611 0.211782698437
2 0.0347242640625 0.551233058333 0.208012475 0.0678640703125
2 0.467650225 0.430585821528 0.0291217458333 0.0187211234375
