2 0.644421126172 0.533885892361 0.0426540013889 0.0107967945313
2 0.681010260938 0.527487790278 0.0127962 0.00959715
2 0.665414891797 0.527487788889 0.0170616 0.0143957257813
2 0.709801710937 0.534952240278 0.0277251 0.0167950125
2 0.719998683203 0.537084940972 0.0277250986111 0.0107967945313
2 0.736793695312 0.543483040278 0.0447867 0.03239038125
2 0.781180513281 0.550947490972 0.0725118013889 0.06598040625
2 0.860956823047 0.568009090972 0.127962001389 0.110367225781
2 0.603633239062 0.540283990972 0.149289001389 0.0827754203125
2 0.517858710547 0.569075440278 0.1642179 0.129561525781
3 0.39849415625 0.560779010417 0.0793786402778 0.02279323125
1 0.170236978516 0.26260311875 0.0588558597222 0.0474358367187
1 0.967125296484 0.380331489583 0.0298578013889 0.0251925179688
