2 0.252646917578 0.423515326389 0.0679687027778 0.0619628492188
2 0.192661607031 0.419999704167 0.0796874444444 0.0843749421875
2 0.656723788281 0.444609063194 0.0351562263889 0.0210937359375
2 0.755600673047 0.448124683333 0.0328124777778 0.0210937351563
2 0.737143654297 0.446952811111 0.0257812333333 0.0184570179687
2 0.932260707422 0.526640255556 0.0210937361111 0.0395507539062
2 0.887436519922 0.520780884028 0.0374999763889 0.0448241882813
2 0.973788999219 0.552421488194 0.0351562263889 0.0435058296875
2 0.708139767969 0.443437186806 0.0421874708333 0.0290038859375
2 0.62837908125 0.458671552778 0.0632812055556 0.0461425453125
2 0.55059593125 0.449296559028 0.0632812069444 0.05932613125
2 0.112241740234 0.496171526389 0.335156019444 0.224120939844
