2 0.411819957031 0.363730577778 0.0163212444444 0.010492228125
2 0.399360435938 0.370725396528 0.0256476680556 0.0144268140625
2 0.488544375391 0.363730577083 0.0209844569444 0.00655764296875
2 0.497725075 0.364896380556 0.0326424888889 0.0091807
2 0.632812512891 0.3952072625 0.065284975 0.0432804414062
2 0.672814133203 0.394041459028 0.0862694319444 0.0655764257813
2 0.724619509766 0.4045336875 0.107253888889 0.100987696094
2 0.424935242188 0.363730577778 0.0163212444444 0.010492228125
2 0.440673584375 0.363730577778 0.0349740944444 0.02098445625
2 0.377720214844 0.377720215278 0.0443005194444 0.031476684375
2 0.520021060156 0.376554411806 0.0466321263889 0.0354112703125
2 0.563957265625 0.385880836806 0.0886010375 0.0655764265625
2 0.803311221484 0.437176175 0.135233163889 0.152137308594
2 0.296405446484 0.39753886875 0.121243526389 0.0931185257812
2 0.106889574609 0.505958559722 0.408031097222 0.213779149219
5 0.461658041016 0.357901561806 0.0326424875 0.0131152867187
1 0.521988352734 0.298445602083 0.0163212430556 0.0183613992188
1 0.495757782422 0.318264254861 0.0139896375 0.0131152851562
1 0.393458557422 0.317098452083 0.0116580319444 0.0131152851563
1 0.335095537891 0.279792752083 0.0163212430556 0.0222959851562
0 0.497069310547 0.292616586111 0.01865285 0.00786917109375
0 0.434115941797 0.305440420833 0.0209844555556 0.00786917109375
0 0.3580472875 0.282124358333 0.0209844555556 0.0052461140625
0 0.981440653906 0.259901236111 0.0373057 0.019672928125
1 0.986031003516 0.135160300694 0.0303108819444 0.0236075132813
