2 0.244299803906 0.578807086111 0.0685610694444 0.0596848578125
2 0.293592115625 0.572321669444 0.0652962555556 0.0514208
2 0.330780372656 0.569056860417 0.0555018152778 0.0449932015625
2 0.427653488281 0.552732797917 0.0359129402778 0.0183645703125
2 0.47081023125 0.548651780556 0.0408101583333 0.031219771875
2 0.569978919922 0.565792045833 0.0652962555556 0.0495843445313
2 0.695150039453 0.584248429861 0.0718258791667 0.0394838289063
2 0.737388554687 0.587513243056 0.111003633333 0.0927410875
2 0.837475470703 0.606285917361 0.168137859722 0.168035830469
2 0.937103271875 0.687906236806 0.223639673611 0.123042629688
2 0.496353550391 0.571461255556 0.0930471638889 0.0661124585937
2 0.393971063281 0.569828851389 0.0963119777778 0.0707036
2 0.632251382422 0.599212164583 0.125695290278 0.0973322304687
2 0.139162631641 0.670221841667 0.385247902778 0.277305033594
0 0.620328996875 0.455674597222 0.0228536888889 0.007345828125
0 0.4160231375 0.469200235417 0.0163240625 0.00459114375
0 0.345319535547 0.511642802083 0.0195888763889 0.00642760078125
0 0.572121996484 0.46185440625 0.0212212819444 0.00642759921875
