2 0.288203819531 0.467504085417 0.0276378041667 0.0215255953125
2 0.180575837109 0.453897764583 0.0403937152778 0.0526181257813
2 0.0209276632813 0.486850529167 0.0552756055556 0.0418553265625
2 0.455625126562 0.457086740972 0.0212598486111 0.0143503984375
2 0.438285062891 0.467716663194 0.0255118180556 0.0227214648438
0 0.502263919922 0.412441059722 0.02125985 0.00956693203125
0 0.475954856641 0.402874127778 0.0191338638889 0.00717519921875
0 0.52319158125 0.430511930556 0.0233858333333 0.005979334375
0 0.540531644922 0.429448938194 0.0212598486111 0.00717519765625
2 0.497480452734 0.457086741667 0.0170078777778 0.0167421304688
2 0.582386973047 0.500669429861 0.0892913652778 0.0801230554687
2 0.663107959766 0.487913520833 0.0382677277778 0.0550098570313
1 0.942342780859 0.276378027083 0.0659055319444 0.0203297304687
