0 0.530858412109 0.155026478472 0.0840397319444 0.0201158929687
0 0.505713544531 0.150556281944 0.0786754944444 0.016092715625
0 0.727994165625 0.405357595139 0.0339735097222 0.0241390734375
1 0.704357992578 0.396417198611 0.0232450333333 0.0251448679687
1 0.767723055469 0.398205277083 0.0232450347222 0.0150869203125
1 0.194922993359 0.391947 0.0321854305556 0.0422433773438
1 0.247727213281 0.455423818056 0.0268211916667 0.009052153125
0 0.177824483984 0.447377460417 0.0429139069444 0.0281622492188
0 0.441845584375 0.458999975694 0.0232450319444 0.0070405625
0 0.505210648438 0.444695341667 0.0232450305556 0.0050289734375
0 0.414689128125 0.489397329167 0.019668875 0.0070405625
0 0.375463134766 0.503701961111 0.0160927138889 0.00301738359375
0 0.403122489453 0.458105936806 0.0214569541667 0.00804635703125
0 0.417706511328 0.487609247917 0.0232450319444 0.00502897265625
0 0.433296329688 0.457211899306 0.0339735097222 0.0060347671875
0 0.499678777344 0.447377461806 0.0286092708333 0.00603476875
1 0.506216442187 0.488503288194 0.0107284763889 0.0170985109375
1 0.350821166797 0.492973485417 0.0196688708333 0.00804635703125
7 0.248733007812 0.593999972917 0.0750993347222 0.02715645625
7 0.318132840234 0.569860900694 0.0303973486111 0.0231332773437
3 0.532870001172 0.544827790278 0.0339735083333 0.00804635703125
3 0.651050874609 0.545721827083 0.0894039708333 0.0251448679687
3 0.689271071484 0.562708583333 0.155562908333 0.0271564554688
3 0.733526035156 0.557344343056 0.173443702778 0.0352028125
3 0.902499541016 0.577013218056 0.413046341667 0.111643208594
3 0.140107185156 0.581483416667 0.146622511111 0.039225990625
3 0.0697015589844 0.578801298611 0.148410588889 0.0372144023437
7 0.46699045 0.567178781944 0.0393377472222 0.011063740625
6 0.463973065234 0.54661586875 0.0518543041667 0.0150869195312
1 0.205845191406 0.238124838889 0.0234374833333 0.013183584375
1 0.200571757422 0.179531126389 0.0796874444444 0.0237304523437
