0 0.428770254297 0.0879735006944 0.0643708569444 0.0130753304687
0 0.667646486328 0.304331109722 0.0572185416667 0.0140811257812
0 0.665634896484 0.388370839583 0.0500662236111 0.0140811242187
0 0.577124966406 0.416980113194 0.0250331125 0.0120695359375
0 0.582656836719 0.35976156875 0.0536423819444 0.0110637421875
0 0.437319507422 0.421450310417 0.0232450319444 0.00804635859375
0 0.420723895703 0.420556268056 0.0178807916667 0.00905215078125
0 0.284941616406 0.352609253472 0.0536423819444 0.017098509375
2 0.446874557031 0.459894018056 0.0214569527778 0.0170985078125
2 0.406642770703 0.458999978472 0.0196688736111 0.00905215234375
2 0.389041364844 0.463470174306 0.0143046347222 0.0120695359375
2 0.366913882031 0.463470175694 0.0178807930556 0.0120695359375
