2 0.482609505469 0.521321217361 0.0407547513889 0.0214917640625
2 0.523443858203 0.525141973611 0.0280188944444 0.0229245476563
2 0.547801191016 0.527689146528 0.0280188930556 0.0200589789063
2 0.437476801172 0.527689146528 0.0280188930556 0.0229245492188
2 0.405239153516 0.531509905556 0.0305660666667 0.0300884710937
2 0.299213113672 0.54382124375 0.0585849597222 0.101727685156
2 0.410970291016 0.506887247917 0.0254717208333 0.0214917632812
1 0.567143781641 0.497972146528 0.0229245486111 0.0128950585937
1 0.290616409766 0.325188963889 0.0407547555556 0.0558785882813
1 0.361539231641 0.379953164583 0.0687736458333 0.174799685156
1 0.534189741016 0.304387065278 0.0280188972222 0.0558785882812
1 0.520578290625 0.361698438889 0.101886883333 0.085967059375
1 0.606545348828 0.347688992361 0.0280188958333 0.0544458023437
1 0.60224699375 0.385896574306 0.0534906125 0.060176940625
