2 0.332860880078 0.520274988889 0.0164948472222 0.0231958789062
2 0.315463969922 0.542955405556 0.0618556805556 0.0324742335937
5 0.226159830859 0.521305917361 0.105154656944 0.0765464039063
2 0.393170169141 0.542955404861 0.0536082569444 0.0301546445312
2 0.278930458203 0.557732052083 0.0762886763889 0.0614690820313
2 0.357216554297 0.558762978472 0.0865979513889 0.0649484648438
2 0.472616057031 0.561855764583 0.0804123847222 0.0498711421875
2 0.636147011719 0.586598035417 0.187628898611 0.144974251563
2 0.201804157812 0.563917620139 0.129896929167 0.044072171875
2 0.4378222375 0.524742354167 0.0164948472222 0.012757734375
2 0.0954045953125 0.568750095139 0.696907331944 0.190809190625
