0 0.2461394 0.390284102778 0.0298578 0.01319608125
0 0.306721408594 0.34016565 0.0277251 0.00959715
0 0.384698253516 0.376421552778 0.0234597 0.00719786328125
0 0.420087744531 0.341232002083 0.0255924013889 0.00599821875
2 0.424886319141 0.418009200694 0.0255924013889 0.0107967945313
2 0.409890772656 0.421208252083 0.0362559013889 0.0215935875
2 0.355306982813 0.426540002083 0.0255924013889 0.0179946578125
2 0.3037223 0.438269850694 0.0533175013889 0.02519251875
2 0.459076166406 0.411611100694 0.0213269986111 0.0119964375
2 0.468073494922 0.408412052778 0.0191943 0.0107967945313
2 0.237741894141 0.458530501389 0.0554502 0.0563832585937
2 0.329514640234 0.445734301389 0.0511848 0.0359893132812
2 0.380499500781 0.438269851389 0.0618483 0.04198753125
2 0.444680441406 0.426540000694 0.0426540013889 0.023992875
2 0.537053010938 0.434004451389 0.0746445 0.02879145
2 0.582639473437 0.437203503472 0.110900401389 0.091172925
2 0.706202778906 0.490521 0.191943 0.1847451375
2 0.877094265234 0.608885853472 0.488388301389 0.245811469531
2 0.149739939062 0.492023883333 0.143763963889 0.175491710937
2 0.0745903425781 0.4585305 0.0725118 0.0467861054687
2 0.0429372855469 0.480036327778 0.17523905 0.0858745710937
1 0.484678007422 0.347343504167 0.0281249805556 0.0118652257813
1 0.499179950781 0.349687252083 0.0187499875 0.0118652265625
3 0.737143654297 0.360234120833 0.0726562 0.0342773195312
