2 0.402223233203 0.457689218056 0.0169964166667 0.0122920507813
2 0.394028532813 0.461331308333 0.019424475 0.009560484375
2 0.385150939844 0.462545334722 0.0169964166667 0.0109262671875
2 0.363298404297 0.473471602778 0.0388489527778 0.0300472367188
2 0.346226110156 0.466187425 0.0242805972222 0.0177551859375
2 0.328470926172 0.474685632639 0.0412770125 0.0259498851562
2 0.309349956641 0.472257574306 0.0315647736111 0.0177551851562
2 0.277936936328 0.478327724306 0.0679856680556 0.0450708554688
2 0.264961994141 0.490468022222 0.0534173083333 0.0245841023437
2 0.234231865625 0.491682049306 0.0752698458333 0.0478024203125
2 0.200087280078 0.501394288889 0.070413725 0.0559971226563
2 0.165259800391 0.502608318056 0.0825540222222 0.0382419367188
2 0.448659871484 0.451861872222 0.0121402972222 0.0232183195313
2 0.453440113281 0.467644259028 0.0339928319444 0.0163894015625
2 0.460269030859 0.470072319444 0.0631295472222 0.0191209679688
2 0.486218917969 0.485854702778 0.104406558333 0.0546313390625
2 0.501242535547 0.502851120833 0.109262677778 0.0327788039062
2 0.554508090625 0.507290993056 0.201528938889 0.1147258125
2 0.721816565234 0.5580490125 0.415198177778 0.323690683594
2 0.846529659766 0.648118443056 0.478327722222 0.302691742969
2 0.42202709375 0.478327722917 0.0631295486111 0.0464366375
2 0.0913709144531 0.498966230556 0.570593983333 0.181649202344
3 0.369307851563 0.486583125 0.0679856666667 0.013657834375
3 0.446474617969 0.477599303472 0.0568165875 0.01502361875
0 0.433653314844 0.371493104861 0.0242805958333 0.0057704140625
0 0.333797480469 0.371493104861 0.0242805958333 0.005463134375
0 0.326763696875 0.370279077083 0.0315647736111 0.0081947015625
0 0.427831673438 0.373921165972 0.0242805958333 0.005463134375
