2 0.402906125781 0.503822347222 0.0169964138889 0.0109262671875
2 0.395394315234 0.515962645833 0.0218525361111 0.0150236179688
2 0.395394316016 0.540243240278 0.0364208944444 0.0232183195312
2 0.437733603516 0.534173090972 0.0242805958333 0.0150236164063
2 0.450708546094 0.535387121528 0.0267086569444 0.013657834375
2 0.479390000391 0.536601150694 0.0485611902778 0.0327788039062
2 0.491682050781 0.539029211111 0.0437050694444 0.024584103125
2 0.510803019531 0.536601152778 0.0582734305556 0.032778803125
2 0.610505212891 0.581520251389 0.288939080556 0.234914758594
0 0.230475961328 0.278012815972 0.0315647763889 0.0150236164063
0 0.418271188281 0.495324139583 0.0145683569444 0.0109262671875
0 0.385492385938 0.490468022917 0.0194244763889 0.01092626875
0 0.370468766797 0.490468021528 0.0145683569444 0.0136578351563
0 0.722158012109 0.377563254861 0.0315647736111 0.0122920507812
0 0.73923030625 0.426124445139 0.0315647736111 0.013657834375
0 0.717377770312 0.424910414583 0.0291367125 0.0163894015625
0 0.555532427344 0.472257575 0.0218525361111 0.009560484375
3 0.739799388672 0.536196480556 0.109262677778 0.0163894007812
3 0.791699160156 0.531340361806 0.0995504402778 0.0163894015625
3 0.807405671094 0.527698272917 0.1116907375 0.0204867515625
3 0.823112180859 0.539838569444 0.116546855556 0.0273156695313
3 0.844964715625 0.547122747917 0.145683568056 0.0218525359375
3 0.857256767578 0.542266629861 0.140827451389 0.0245841023438
3 0.889352679688 0.541052600694 0.148111631944 0.036876153125
3 0.976762821094 0.564119164583 0.199100879167 0.0423392875
3 0.0429723820312 0.542064286111 0.1468976 0.027898965625
3 0.0146821726563 0.524460854167 0.114118797222 0.0259498859375
1 0.233548975 0.342356392361 0.0582734291667 0.0355103703125
1 0.239012107422 0.411556086806 0.0849820819444 0.0191209679687
