5 0.451156307031 0.534613088194 0.0538694125 0.0385656
2 0.437382878906 0.537333773611 0.0342805333333 0.042238515625
2 0.461256821875 0.561819869444 0.0375453472222 0.016528115625
2 0.477325821484 0.554474042361 0.0555018180556 0.0229557132813
2 0.292761876172 0.500604628472 0.0457073791667 0.0651942304688
2 0.435087307031 0.57161430625 0.0767230986111 0.048666115625
2 0.361629020312 0.559371257639 0.1632406375 0.1055962875
2 0.177065074219 0.592019386111 0.163240636111 0.114778573438
2 0.550784108203 0.541414788194 0.0228536902778 0.0321380007813
2 0.551702336719 0.566717086806 0.0571342236111 0.026628628125
2 0.58843148125 0.565900886806 0.0783555069444 0.0541754875
2 0.602664023438 0.58222495 0.0718258805556 0.042238515625
2 0.631588224609 0.591203184028 0.102841601389 0.0578484023438
2 0.706063032031 0.590386980556 0.1534462 0.129666817188
2 0.817682555469 0.74410525625 0.507678384722 0.362700292188
2 0.0737643574219 0.6494256875 0.298730366667 0.145080116406
2 0.269806160937 0.652690499306 0.2660822375 0.235984746875
2 0.51175939375 0.564540554167 0.1028416 0.06243954375
