2 0.319321176562 0.636953229861 0.0863265125 0.0444260109375
2 0.430902786328 0.626851191667 0.0697959027778 0.0609566179688
2 0.372529075781 0.634198128472 0.102857123611 0.0702550875
0 0.497812389062 0.573673351389 0.0220408138889 0.0092984671875
0 0.617076808203 0.313213421528 0.0808163097222 0.0227295867188
0 0.596930129688 0.315968522917 0.0716326375 0.0216964234375
1 0.751109534766 0.3774489 0.0753061083333 0.0258290773438
1 0.753175860547 0.43806113125 0.0238775458333 0.0278954023437
0 0.750592953906 0.529897846528 0.0275510152778 0.0082653046875
0 0.776938610938 0.52438764375 0.0238775458333 0.0134311203125
2 0.520021060156 0.616709857639 0.0116580319444 0.0144268140625
2 0.596089714453 0.617875660417 0.0186528513889 0.0196729273437
0 0.0321324488281 0.0673834208333 0.100259069444 0.0301651554688
0 0.0550841980469 0.0708808298611 0.102590676389 0.0183613992187
0 0.00786917109375 0.0638860111111 0.102590675 0.0157383421875
