1 0.25393744375 0.244351834028 0.0450577875 0.0185213484375
1 0.252962635938 0.206226014583 0.0311938486111 0.0107228859375
2 0.269046966016 0.343132361806 0.0173299180556 0.0116976945313
2 0.310476298828 0.337933386111 0.0207959 0.00877327109375
2 0.354342652344 0.336200395139 0.0311938513889 0.01462211875
2 0.359704094531 0.338799882639 0.0294608597222 0.015596925
2 0.365552942188 0.340532874306 0.0259948763889 0.009748078125
2 0.378225444531 0.332734411111 0.0381258194444 0.0214457734375
2 0.384074291016 0.339666378472 0.0346598347222 0.0155969257813
2 0.391872754297 0.338799881944 0.0329268416667 0.0155969257813
2 0.403570448047 0.335333898611 0.0433247944444 0.0253450039062
2 0.409419294922 0.3431323625 0.0381258194444 0.0175465398437
2 0.427453240234 0.337066891667 0.0502567611111 0.0243701960937
2 0.427940644141 0.347464840972 0.0329268430556 0.0155969257813
2 0.453285648828 0.318003981944 0.0121309416667 0.0116976945312
2 0.465958150391 0.322336461806 0.0207959013889 0.00974807890625
2 0.472781805078 0.331867915972 0.0433247930556 0.0136473101563
2 0.227617632031 0.343998857639 0.0121309458333 0.0087732703125
2 0.232004267188 0.349197832639 0.0155969263889 0.013647309375
2 0.205197051562 0.352663815972 0.0155969236111 0.0068236546875
2 0.197885992578 0.352663815972 0.0155969236111 0.00974807890625
2 0.192037145703 0.354396808333 0.0190629083333 0.00974807890625
2 0.170591372656 0.35439680625 0.0329268430556 0.01169769375
2 0.123313192578 0.362195269444 0.0346598305556 0.0165717335938
2 0.105766650781 0.367394246528 0.0554557375 0.0263198109375
2 0.0823712625 0.374326213194 0.0623877041667 0.0380175046875
2 0.0463033726562 0.385590658333 0.067586675 0.05361443125
2 0.297316392969 0.340532873611 0.015596925 0.015596925
2 0.448411608594 0.343998857639 0.0433247930556 0.0467907765625
2 0.500076425 0.3275354375 0.0554557388889 0.0506900078125
2 0.216407341797 0.352663815972 0.0225288930556 0.0155969257813
2 0.148658196094 0.370860229167 0.0589217194444 0.0438663515625
2 0.0263198117188 0.415918013889 0.0901155694444 0.0526396234375
2 0.330947264062 0.326668940278 0.0641206944444 0.034118275
1 0.481555075781 0.227888411111 0.0190629111111 0.0077984625
1 0.482042479297 0.242618841667 0.0207959 0.0165717320312
