0 0.289368603906 0.341237171528 0.0206185597222 0.010438146875
0 0.349677891406 0.322680464583 0.0247422708333 0.0127577328125
0 0.397229446484 0.386598002083 0.0206185625 0.0104381460937
0 0.441881516016 0.305154690278 0.0226804166667 0.0115979398438
1 0.1960051875 0.319587682639 0.0123711375 0.0208762921875
2 0.157731984766 0.442268113889 0.0226804166667 0.0463917601563
2 0.415786151172 0.420618626389 0.0371134083333 0.0313144382813
5 0.452319662109 0.388659858333 0.101030944444 0.0463917617187
5 0.503350598828 0.384536144444 0.150515491667 0.0603092882812
2 0.537564521875 0.404123779167 0.0329896972222 0.010438146875
2 0.550902153516 0.405154706944 0.0268041305556 0.0162371164062
2 0.564819680469 0.412371202778 0.0247422722222 0.020876290625
2 0.575257826953 0.412371202778 0.0247422722222 0.0185567039063
2 0.588015560938 0.4164949125 0.0288659805556 0.0208762921875
2 0.597873810937 0.419587697222 0.03505155 0.0266752625
2 0.739136740625 0.395876352778 0.0247422722222 0.033634025
2 0.741456330078 0.416494914583 0.0453608319444 0.0405927882813
2 0.979214100781 0.475257810417 0.0927835208333 0.0382732015625
5 0.840038821094 0.386598 0.265979425 0.179768071875
1 0.661430542578 0.300000049306 0.0144329930556 0.0243556742187
1 0.625708865625 0.259793858333 0.0329896972222 0.012757734375
1 0.626868659766 0.339175314583 0.0103092791667 0.0127577335937
1 0.539652171094 0.369072225694 0.0206185597222 0.00811855625
0 0.715940861719 0.32577325 0.0247422722222 0.0150773234375
0 0.672448586328 0.341237170139 0.0226804152778 0.0115979398438
0 0.202384054688 0.384536145833 0.0144329888889 0.010438146875
