0 0.37968765625 0.324069452778 0.0173299166667 0.0087732703125
1 0.343132361719 0.32580244375 0.0138639319444 0.0272946203125
2 0.440613146484 0.414185022917 0.0311938513889 0.0194961570312
2 0.425016220312 0.415918014583 0.0346598347222 0.0175465421875
2 0.386998714453 0.416784511806 0.0225288930556 0.0116976929688
2 0.375788424609 0.414185022917 0.0311938513889 0.0165717335937
2 0.360678903125 0.41505151875 0.0294608597222 0.0155969265625
2 0.172053584766 0.424582972917 0.0866495875 0.0731105882812
2 0.626314041406 0.443645881944 0.100513519444 0.0731105875
2 0.698937224609 0.470507253472 0.171566181944 0.150120408594
5 0.564413743359 0.370860229167 0.176765155556 0.105279247656
2 0.567825569922 0.43064844375 0.0606547097222 0.0536144304687
2 0.942639187109 0.464441782639 0.194095073611 0.113077710156
2 0.847108017969 0.464441782639 0.173299173611 0.161818101562
2 0.112590306641 0.440179897917 0.0970475347222 0.0984555929688
2 0.249063404687 0.434114428472 0.161168229167 0.11795175
2 0.482529883984 0.419383997917 0.103979504167 0.0662869335937
2 0.338745726562 0.41765100625 0.0346598347222 0.036067890625
2 0.314862933984 0.418517502083 0.0294608597222 0.0175465414063
6 0.0398388578125 0.417255779167 0.0754611833333 0.0333999921875
2 0.405520063672 0.41245203125 0.0381258180556 0.0272946195312
7 0.0359046730469 0.489328481944 0.0617036305556 0.0504847882813
