2 0.0107228863281 0.473973235417 0.109178479167 0.0214457726563
2 0.524934025 0.562355815278 0.400321088889 0.31291331875
1 0.636549523047 0.369993734722 0.0121309444444 0.0175465398438
1 0.631188080078 0.392522625694 0.0398588097222 0.0360678898437
1 0.712584535547 0.394255617361 0.0225288930556 0.0136473101563
1 0.710634919141 0.412452029861 0.0138639319444 0.0155969242188
1 0.674079625781 0.413318527778 0.0259948777778 0.00682365625
2 0.644835390234 0.435847418056 0.046790775 0.0165717335937
2 0.659457507422 0.43324793125 0.0415918013889 0.0185213492188
2 0.683340300391 0.441912890972 0.0311938486111 0.0233953898438
2 0.734030308594 0.448844857639 0.0519897541667 0.0214457734375
2 0.765224158594 0.451444344444 0.0606547111111 0.044841159375
2 0.817376378906 0.457509813889 0.0762516361111 0.0828586671875
2 0.909983124609 0.475706228472 0.1022465125 0.114052519531
2 0.713559343359 0.456643319444 0.0675866777778 0.0643373179688
