1 0.240328628906 0.2382134125 0.0149584555556 0.0220870953125
0 0.228233315234 0.287015372222 0.0243074916667 0.0189317960938
0 0.311322863281 0.306648345833 0.0149584555556 0.00841413125
1 0.377584148047 0.335630352778 0.020567875 0.0105176648437
2 0.399671242578 0.370221783333 0.0261772972222 0.0189317945313
2 0.379161797656 0.372091590278 0.0261772972222 0.024190628125
2 0.475398426172 0.367417072222 0.0841413138889 0.0462777226563
5 0.453311330859 0.300104020833 0.0804017 0.0525883210937
1 0.0273459269531 0.225311741667 0.0691828583333 0.0273459273437
2 0.262415723828 0.37957081875 0.100969579167 0.0788824820313
2 0.183533241797 0.401073597917 0.1439751375 0.135677869531
2 0.0730977667969 0.458102711806 0.183241084722 0.146195533594
2 0.443845432812 0.407617922222 0.138365716667 0.0904519125
2 0.503270236328 0.370221783333 0.0261772972222 0.0136729632813
4 0.515891433594 0.353393520139 0.0448753680556 0.01156943125
0 0.571635054297 0.223441934722 0.0317867194444 0.00736236484375
0 0.561643273047 0.225311741667 0.0280471055556 0.0105176648437
0 0.702579974609 0.181371277778 0.033656525 0.00841413203125
0 0.722037653516 0.290754986111 0.0205678777778 0.0136729632813
1 0.719934120703 0.233725873611 0.0112188416667 0.0178800289063
1 0.708890573047 0.264577688194 0.0168282625 0.0252423945313
1 0.911776342969 0.243074908333 0.0785318944444 0.0220870953125
1 0.628325258594 0.298234213889 0.0280471055556 0.0063105984375
2 0.657879901953 0.359937844444 0.0766620861111 0.0452259570313
2 0.711519989453 0.382375529167 0.106579 0.0915036789063
2 0.787773055469 0.402943404861 0.140235523611 0.143040234375
2 0.905465744922 0.458102711111 0.1608034 0.188266191406
2 0.582152734766 0.406683019444 0.293559697222 0.157414364844
