2 0.269072208984 0.248453649306 0.0185567041667 0.0185567054688
7 0.0765464042969 0.301030977778 0.0536082555556 0.0463917601563
3 0.02899485 0.27216499375 0.0907216652778 0.0208762921875
2 0.241237153516 0.249484577083 0.0164948486111 0.00927835078125
5 0.307925309375 0.232989729167 0.0494845444444 0.0220360859375
2 0.314304175391 0.244329936806 0.0309278402778 0.0162371164062
2 0.331121188672 0.248453647917 0.0309278402778 0.0150773226562
4 0.35199748125 0.237113439583 0.0536082569444 0.0266752625
3 0.299226853516 0.24845365 0.0556701138889 0.0139175273438
0 0.250515505078 0.147422704861 0.0350515513889 0.0115979398438
0 0.328801600781 0.0804123833333 0.0453608305556 0.012757734375
1 0.248195916797 0.123711361111 0.0123711361111 0.00927835078125
1 0.325902115234 0.0484536166667 0.0144329916667 0.0115979414062
1 0.236597976953 0.213402096528 0.0103092791667 0.00927835078125
1 0.543943388672 0.0701031048611 0.140206209722 0.0626288757812
1 0.55148205 0.0639175347222 0.0783505277778 0.0313144390625
8 0.488273275781 0.261443331944 0.0659793916667 0.044072171875
7 0.413466562891 0.264948497222 0.0268041277778 0.0127577335937
7 0.5538016375 0.261855711806 0.0865979513889 0.05451031875
3 0.519007817578 0.231546422222 0.101030944444 0.0197164976563
3 0.452319662109 0.234639211806 0.0701031069444 0.0139175273438
3 0.477255233594 0.214020652083 0.0288659875 0.012757734375
3 0.503350598828 0.209896939583 0.0247422708333 0.00927835078125
3 0.602860945313 0.207835083333 0.0865979527778 0.02783505625
3 0.533853201953 0.218144363889 0.0536082555556 0.0104381460937
