2 0.626142380469 0.387821105556 0.0433804361111 0.0517311703125
2 0.502182782031 0.383483061806 0.0208226097222 0.00683241875
2 0.5138955 0.384350670833 0.0364395666667 0.0185451359375
2 0.521215948438 0.391291540972 0.0294986986111 0.0175690765625
2 0.536832905859 0.399100019444 0.0451156555556 0.0312339148437
2 0.572459089844 0.42512828125 0.0694086986111 0.0634438890625
2 0.466068568359 0.382615454167 0.0225578277778 0.00878453828125
2 0.461676298828 0.388688713194 0.0208226097222 0.00976059765625
2 0.451427670313 0.3860858875 0.0364395666667 0.0224493765625
2 0.447035401172 0.393026756944 0.03991 0.0136648382813
2 0.440202983594 0.4008352375 0.0381747861111 0.0175690765625
2 0.411409217578 0.398232411111 0.0884960916667 0.0497790507813
2 0.385543632422 0.409511322917 0.124935656944 0.0488029914063
2 0.262072064062 0.386085886806 0.0572621763889 0.0458748125
2 0.330884282031 0.417319801389 0.161375225 0.109318701563
2 0.855028410547 0.380012625694 0.124935656944 0.0741805460937
2 0.740829410156 0.45375936875 0.272429143056 0.232302239062
2 0.880893994922 0.616869811806 0.518830026389 0.237182538281
2 0.145920944922 0.476317196528 0.390423931944 0.289889767969
