1 0.0198023046875 0.0895408569444 0.0704081944444 0.039604609375
1 0.506680712891 0.375765476389 0.0122449027778 0.00947066796875
1 0.506680712109 0.386479765972 0.00918368194444 0.00774872734375
1 0.690497759375 0.349745053472 0.0122449041667 0.0103316375
2 0.556616957422 0.403316506944 0.0153061305556 0.0146364851562
2 0.536384169922 0.414796103472 0.0535714541667 0.0688775820312
2 0.483865013281 0.416326715972 0.0688775819444 0.0430484890625
2 0.480851619922 0.430867538194 0.0642857375 0.0284120039063
2 0.442968950391 0.433163459722 0.111734744444 0.0697385554688
2 0.421875189844 0.455357345833 0.119387808333 0.060267884375
2 0.331473364453 0.462245104167 0.218877647222 0.167028138281
2 0.172193956641 0.556377802083 0.327551168056 0.342665972656
2 0.0495057617187 0.666581928472 0.303061356944 0.0990115234375
2 0.583307022656 0.393367524306 0.0260204208333 0.0232461828125
2 0.582446051172 0.410969571528 0.0520408375 0.0318558789063
2 0.647449270703 0.413265490972 0.0229591958333 0.0206632757812
2 0.647879754297 0.436989992361 0.0673469708333 0.0163584257813
2 0.671556425 0.433163461111 0.0811224861111 0.0585459453125
2 0.684901457422 0.450000200694 0.0811224847222 0.0421875210938
2 0.737420610156 0.449234895833 0.137755163889 0.0990115203125
2 0.832557771875 0.475255315972 0.192857229167 0.182525592187
2 0.931138810156 0.553316577778 0.217347038889 0.134311284375
2 0.936439260156 0.747704417361 0.192857229167 0.120805029688
