0 0.291604716406 0.231075325694 0.0774924430556 0.0175887453125
0 0.522170223437 0.153582884028 0.0720543763889 0.0183534734375
0 0.267515783594 0.230395566667 0.0734138916667 0.0183534734375
0 0.491198738672 0.390694925694 0.0217522625 0.00841200859375
0 0.500375475391 0.379139034028 0.0176737152778 0.00535309765625
0 0.913363371875 0.296888284722 0.0543806638889 0.030589121875
1 0.653633921094 0.361465320833 0.0394259805556 0.022941840625
1 0.285869257422 0.371661694444 0.0244712972222 0.0122356476563
1 0.523769195312 0.39409371875 0.0122356486111 0.0152945609375
1 0.57347651875 0.366903388194 0.0203927486111 0.0137651046875
0 0.971482703906 0.37370096875 0.0285498458333 0.027530209375
2 0.960394147266 0.465777311806 0.101963740278 0.0757080773437
5 0.388933735156 0.418565016667 0.0584592111111 0.03288330625
2 0.396754823438 0.454592204167 0.0299093638889 0.0137651046875
2 0.372665890625 0.451873169444 0.0407854944444 0.02676548125
2 0.348959320703 0.458670752778 0.0462235638889 0.0298243929688
2 0.426579218359 0.443716072917 0.0217522652778 0.0122356476562
2 0.46443325625 0.431480422917 0.0217522625 0.0145298328125
2 0.319517289844 0.469546884028 0.0462235625 0.05047205
2 0.419696666016 0.445075588194 0.0217522625 0.0152945617188
2 0.49234583125 0.479743258333 0.088368575 0.0657666125
1 0.869032774219 0.201235000694 0.0326283986111 0.0420600421875
1 0.879738967969 0.234543154167 0.0421450111111 0.058884059375
0 0.159461713672 0.256042275 0.0570996944444 0.0206476570312
0 0.5071437375 0.152205986111 0.0714706361111 0.0119117734375
1 0.892936289063 0.156176577083 0.0476470902778 0.0253125171875
