0 0.199125816797 0.1442870625 0.0622693916667 0.0126095507813
0 0.534680001172 0.100698488194 0.0747232708333 0.0140106132812
0 0.187216795703 0.145532450694 0.0647601680556 0.0168127367188
0 0.215062912891 0.150291616667 0.0643154 0.0182137992188
0 0.517692154297 0.10025371875 0.0697417180556 0.0210159210937
0 0.548515502734 0.103989883333 0.0672509416667 0.0126095523437
0 0.0938711082031 0.348521784722 0.0282703083333 0.0224169804688
0 0.628375997266 0.366766715972 0.0249077597222 0.0210159195313
1 0.150614091406 0.270871850694 0.0174354263889 0.0322244109375
1 0.170929480469 0.258417973611 0.0672509444444 0.0140106125
2 0.404906719141 0.426669877083 0.0224169819444 0.0112084914062
2 0.395799819922 0.43040604375 0.0199262097222 0.00980742734375
2 0.384591330469 0.430406042361 0.0249077569444 0.015411675
2 0.376885492578 0.431651429861 0.0323800875 0.0112084914062
2 0.360773287109 0.432896816667 0.0348708611111 0.0238180398437
2 0.350265327344 0.439123757639 0.0423431875 0.0140106125
2 0.336254714062 0.43787836875 0.0547970652778 0.0252191046875
2 0.322944633203 0.440369145833 0.0647601666667 0.0182137992188
2 0.445537496875 0.429160655556 0.0323800861111 0.019614859375
2 0.451842271875 0.441614531944 0.0423431861111 0.023818040625
2 0.530301704688 0.431651427083 0.0423431819444 0.05183926875
2 0.550617095703 0.43912375625 0.0174354263889 0.0140106132812
2 0.859784631641 0.46577505 0.139483436111 0.156918866406
2 0.286972382813 0.445848843056 0.0871771472222 0.068441846875
2 0.717109883594 0.478228929167 0.1743543 0.232109164063
2 0.484300198047 0.445433720139 0.0722324958333 0.0448339617188
0 0.937870439844 0.306614486111 0.0473247361111 0.0308233484375
0 0.895838601172 0.312841425 0.0498155138889 0.0336254695312
1 0.900742314844 0.122048007639 0.0249077541667 0.0406307765625
1 0.945576278125 0.133256497917 0.0373616347222 0.0350265328125
2 0.940264555078 0.78616620625 0.263241173611 0.118058330469
1 0.920371500391 0.0291067652778 0.0582135305556 0.0226097195312
