6 0.689186313672 0.375559258333 0.283728758333 0.0617796492187
7 0.689872750391 0.45762703125 0.1830508125 0.0686440554688
3 0.749078247266 0.340932138889 0.0808474416667 0.0188771164063
3 0.575237178516 0.369152472222 0.0305084694444 0.0120127085937
1 0.168092129688 0.212033858333 0.0518643972222 0.0145868625
1 0.549924683594 0.103271166667 0.047288125 0.019735165625
1 0.622000941406 0.123101672222 0.0259322 0.043760584375
1 0.622429967187 0.152847428472 0.0213559291667 0.0326059265625
1 0.759117450781 0.232932159028 0.0289830458333 0.04032838125
1 0.549924683594 0.2901355375 0.0274576222222 0.00772245625
0 0.633670430469 0.221949109722 0.02288135 0.011154659375
0 0.531562399219 0.112118622917 0.0594915152778 0.0163029625
1 0.543575108594 0.0640677847222 0.0183050805556 0.0094385578125
2 0.463690589844 0.35847450625 0.0122033847222 0.0102966078125
2 0.452535930469 0.360762643056 0.0167796583333 0.00858050625
2 0.447387627344 0.363050778472 0.0183050819444 0.0120127109375
2 0.426794410937 0.368389761806 0.0350847375 0.025741521875
2 0.389898230469 0.369915184028 0.0259321986111 0.013728809375
2 0.407917295703 0.378305013889 0.0457627027778 0.0377542304687
2 0.521609011719 0.354660949306 0.0442372791667 0.0265995703125
2 0.652290134375 0.35999993125 0.1098304875 0.14930081875
2 0.258444869531 0.398135518056 0.0793220194444 0.0377542296875
5 0.322112226953 0.374491455556 0.135762686111 0.132139805469
2 0.504877023828 0.357711795833 0.0198305027778 0.00686440546875
2 0.502731895703 0.350084679167 0.0167796583333 0.00600635390625
4 0.484283807813 0.344745697917 0.0457627041667 0.0205932171875
5 0.094224684375 0.3431113125 0.684043469444 0.18844936875
0 0.628200344531 0.298111315972 0.0274576208333 0.0094385578125
