1 0.493906516406 0.254765441667 0.152343644444 0.0830565828125
1 0.446445611719 0.389530976389 0.037499975 0.0197753765625
3 0.555210185938 0.613358945833 0.208593605556 0.0342773203125
3 0.180137201172 0.593437084722 0.0609374583333 0.0145019429688
3 0.194639144531 0.581718344444 0.0281249833333 0.01450194375
3 0.256601992578 0.661405788194 0.206249856944 0.0514159804687
3 0.516977790234 0.574687097917 0.107812426389 0.0237304523438
3 0.495884054297 0.575858972917 0.0960936847222 0.0131835835938
3 0.490610620312 0.585233965972 0.0867186902778 0.0158203015625
3 0.472812781641 0.5910933375 0.0890624416667 0.00922851015625
3 0.462265913672 0.585233966667 0.100781183333 0.0197753773438
3 0.431284489453 0.574687097917 0.0562499625 0.0131835851562
3 0.4115091125 0.612187072222 0.173437380556 0.0474609046875
2 0.293516029688 0.553593361806 0.0140624902778 0.0197753765625
2 0.289560954297 0.585233966667 0.0398437222222 0.0171386601562
2 0.338999396875 0.552421488889 0.0257812333333 0.0791015078125
2 0.126084503906 0.619218317361 0.112499923611 0.090966734375
2 0.219028775391 0.621562066667 0.107812427778 0.0659179242188
2 0.323838274219 0.666093285417 0.215624851389 0.191161978125
2 0.0620534839844 0.686015145833 0.330468522222 0.124106967969
