2 0.104180116797 0.524911796528 0.0138603652778 0.00935574609375
2 0.115095153516 0.523525757639 0.0166324375 0.0124743273438
2 0.146670795312 0.522139722917 0.0249486569444 0.0163725546875
2 0.170839803906 0.522832740972 0.0235626208333 0.0085760984375
2 0.435807903125 0.506200304861 0.0540554208333 0.0304061734375
2 0.466214078516 0.503626247222 0.0516793777778 0.0226097195312
2 0.497789719531 0.497587099306 0.0526693847222 0.0327451109375
2 0.544178626562 0.490656916667 0.0498973138889 0.0522362484375
2 0.573415333594 0.487191823611 0.0401950555556 0.0280672390625
2 0.585110014844 0.486498804861 0.0415810902778 0.0171522
2 0.603821506641 0.480954661806 0.0332648763889 0.0202707835937
2 0.619414416797 0.477489570139 0.0318788375 0.0124743273437
2 0.727005494141 0.460857134028 0.0207905458333 0.0311858195312
2 0.751954148437 0.465708259722 0.0388090194444 0.0233893640625
2 0.763648833203 0.469173351389 0.048511275 0.0171522007812
2 0.796728083984 0.474024479167 0.0942504777778 0.0654902210938
1 0.446444486328 0.323540494444 0.0443531666667 0.0171522007812
1 0.510375416797 0.358191403472 0.0249486513889 0.0155929101563
1 0.305607109766 0.442244620139 0.0124743263889 0.00545751796875
1 0.308725692188 0.464421203472 0.0207905458333 0.0085761
1 0.281438100391 0.0929634395833 0.0263346930556 0.0148132648437
0 0.281549466406 0.150483952778 0.0887063333333 0.0257283015625
1 0.205923853906 0.315422284722 0.0471252388889 0.0132539734375
2 0.187212362109 0.526792840972 0.0346509125 0.0288468835938
5 0.218788003125 0.505111267361 0.0582135291667 0.0311858203125
6 0.410970616016 0.505111265972 0.0693018208333 0.0194911367188
8 0.408631680078 0.5182786125 0.0540554222222 0.0288468820312
8 0.377056038281 0.524515777778 0.0526693861111 0.043660146875
8 0.346649863281 0.528673888194 0.0471252402778 0.024948653125
8 0.337294117578 0.525901813889 0.0415810916667 0.0187114929687
6 0.352887027734 0.510358413194 0.0623716375 0.0124743273438
6 0.343141459375 0.502042194444 0.0401950555556 0.007016809375
5 0.297922020703 0.50115116875 0.0360369486111 0.0210504289062
2 0.317413157031 0.506200303472 0.0346509097222 0.0366433375
2 0.676671607422 0.524911792361 0.152464004167 0.110914539844
1 0.473732079297 0.303442965278 0.0984085861111 0.0343044007812
1 0.489324988281 0.383140061806 0.0304928041667 0.0280672375
0 0.511544885938 0.39323833125 0.0277207236111 0.0132539734375
0 0.405513098828 0.422345100694 0.0526693847222 0.0116946835938
0 0.330277307812 0.448679790972 0.0194045097222 0.0062371640625
0 0.455466112109 0.390466261111 0.0388090194444 0.0109150367188
