0 0.501935756641 0.287602558333 0.0956365138889 0.0265079460937
0 0.471919406641 0.286909538889 0.102566691667 0.0257283039063
0 0.8551151625 0.543326277778 0.0526693805556 0.032745109375
0 0.846928885938 0.467787295139 0.0873202986111 0.03352475625
1 0.574832609766 0.288295576389 0.0498973111111 0.0382026289062
1 0.672678130469 0.333480361806 0.0554414569444 0.0343044015625
1 0.828997051563 0.33902450625 0.0665297458333 0.031965465625
0 0.793133346875 0.571047009028 0.0138603680556 0.0132539734375
2 0.952215145703 0.617248225694 0.0166324375 0.0109150367187
2 0.939740818359 0.618634263194 0.0138603680556 0.0109150367187
2 0.929605426562 0.615169170833 0.0235626194444 0.012474328125
2 0.776015264453 0.653516175 0.0263346916667 0.0327451085937
1 0.285093731641 0.567878847222 0.0108870972222 0.0168409804687
