1 0.360678903516 0.193228577083 0.0259948763889 0.0116976929688
1 0.363603326953 0.21315798125 0.0103979513889 0.0175465398437
1 0.171566180859 0.287676626389 0.03119385 0.0116976945313
0 0.155969255078 0.281611154861 0.0155969263889 0.0116976929688
0 0.250525615625 0.279011667361 0.0138639319444 0.00389923125
2 0.0582634773437 0.382124675694 0.116110445833 0.113527696875
2 0.205684456641 0.372593220833 0.107445488889 0.0740853976563
2 0.298778604687 0.340532875694 0.0918485652778 0.06141289375
2 0.139884925781 0.363061766667 0.0710526611111 0.059463278125
2 0.241752346094 0.353530310417 0.0450577847222 0.0136473109375
2 0.237365710547 0.340532875 0.0363928277778 0.0263198117188
2 0.258811482812 0.343132361806 0.0277278680556 0.0087732703125
2 0.171566182031 0.356996295139 0.0346598347222 0.0136473109375
3 0.899260237109 0.323202955556 0.24088585 0.0321686585938
