0 0.59739765625 0.435234068056 0.0257812305556 0.00791015
0 0.499179950781 0.449296559722 0.0257812305556 0.009228509375
0 0.519614506641 0.482109036111 0.0257812305556 0.00791015078125
0 0.385141943359 0.442265313889 0.0210937361111 0.00527343359375
0 0.379209330078 0.443437188194 0.0234374847222 0.00659179296875
1 0.352842161719 0.448124685417 0.0140624902778 0.0250488109375
1 0.314609765234 0.476249665972 0.0140624902778 0.0118652257812
1 0.664633938281 0.448124685417 0.0140624902778 0.0158203015625
1 0.621787288281 0.43640594375 0.0187499875 0.0197753765625
2 0.565757053125 0.523124634028 0.0140624930556 0.01845701875
2 0.580258997266 0.523124633333 0.0234374833333 0.0158203023437
2 0.59344258125 0.523124633333 0.0234374833333 0.0210937359375
2 0.38711948125 0.524296509028 0.0539062125 0.05141598125
2 0.479404573828 0.526640256944 0.0304687305556 0.0355956789062
2 0.432602848047 0.530155878472 0.0562499625 0.0474609054687
2 0.282969162109 0.5535933625 0.0843749416667 0.0962401679687
5 0.331748425 0.520780884722 0.0656249555556 0.05932613125
5 0.190684069141 0.546562115972 0.0890624375 0.0856933007813
2 0.641562665234 0.521952759028 0.0398437236111 0.0329589617187
2 0.661997221875 0.526640255556 0.0445312194444 0.0263671703125
2 0.689682748828 0.530155878472 0.0562499625 0.0500976210938
2 0.741098730078 0.539530871528 0.0749999486111 0.0632812070313
2 0.793173889453 0.538358997222 0.110156172222 0.0830565835937
2 0.549277572266 0.520780886111 0.0187499888889 0.0145019429688
2 0.612558779297 0.521952758333 0.0304687305556 0.0224120929688
2 0.878867189453 0.551249613889 0.1453124 0.148974507031
2 0.513759902734 0.519437066667 0.0375496666667 0.0281622507813
