2 0.4878063125 0.449075801389 0.0360369472222 0.0187114921875
2 0.499890817187 0.451154857639 0.0207905458333 0.0116946828125
2 0.518212485937 0.453233911806 0.0249486541667 0.01403361875
2 0.545889901172 0.453926929167 0.0651437111111 0.0397619210938
2 0.572397847266 0.446303729861 0.0443531680556 0.0132539742188
2 0.589160225781 0.454619947222 0.0471252388889 0.0343044015625
2 0.620735867969 0.45877805625 0.0526693819444 0.031965465625
2 0.648803105469 0.462243147222 0.0651437111111 0.047558375
2 0.727157477344 0.489963877778 0.0984085861111 0.0888795859375
2 0.834098853516 0.526693840972 0.138603640278 0.122404339844
2 0.4610384875 0.448382784028 0.0318788375 0.026507946875
2 0.438818591406 0.453233911806 0.0194045097222 0.014813265625
2 0.424395149219 0.45254089375 0.0318788402778 0.018711490625
2 0.397497380078 0.439373547222 0.0720738944444 0.0382026289062
2 0.337464677734 0.457392020139 0.0693018208333 0.0397619210938
2 0.289516478516 0.467094276389 0.0803901111111 0.0576937648438
2 0.213501044531 0.466401256944 0.131673458333 0.111489304688
2 0.0890176472656 0.476796530556 0.188500952778 0.178019055469
0 0.484354760156 0.401257545833 0.0110882916667 0.0062371640625
0 0.535031717187 0.401950563889 0.00970225555556 0.0062371640625
1 0.548675513281 0.407494708333 0.00970225277778 0.0194911375
1 0.467202560547 0.393634345139 0.0180184736111 0.0155929101563
1 0.291782324609 0.358983434028 0.0207905458333 0.0155929101563
