0 0.468198526953 0.444609061806 0.0257812319444 0.00791015078125
0 0.429966130859 0.446952810417 0.0257812319444 0.0105468679687
2 0.0825786746094 0.528984004167 0.0539062138889 0.0514159804687
2 0.374595075391 0.510234017361 0.0210937347222 0.0131835851563
2 0.302085359375 0.514921513889 0.0398437222222 0.0474609046875
2 0.475449498438 0.510234018056 0.0632812083333 0.02241209375
2 0.592124222656 0.49968715 0.0562499611111 0.05537105625
0 0.638266769141 0.432890320139 0.0351562263889 0.0131835851563
0 0.609262882422 0.434062194444 0.0328124777778 0.0158203007813
5 0.812949266406 0.601640203472 0.3070310375 0.354638428125
2 0.336362679297 0.510234017361 0.0304687291667 0.0290038851563
2 0.357456415625 0.512577765972 0.0304687291667 0.01845701875
2 0.388437839062 0.516093388889 0.0421874722222 0.03032224375
2 0.505112564062 0.499687148611 0.103124927778 0.050097621875
4 0.442490537109 0.492655904167 0.0703124527778 0.0566894148438
5 0.183433097266 0.527812129861 0.154687393056 0.137109280469
2 0.944125933984 0.741093233333 0.328124775 0.110742111719
