1 0.267159182422 0.281023221528 0.0299395208333 0.0137789835938
1 0.280938166406 0.281703665972 0.0313004097222 0.013778984375
1 0.273665925 0.3368196 0.0381048444444 0.0221994734375
1 0.274814173828 0.379007104167 0.0435483916667 0.0229649726563
1 0.288593157422 0.2245464 0.0394657305556 0.0214339742188
1 0.365908565234 0.374924443056 0.0326612944444 0.0168409804687
1 0.41528325625 0.364037345139 0.0217741958333 0.013013484375
1 0.414517757813 0.344984923611 0.0136088722222 0.01607548125
1 0.415666006641 0.397379084722 0.0176915361111 0.0107169882813
1 0.45815120625 0.374924443056 0.0163306472222 0.0099514890625
1 0.45776845625 0.352469804167 0.0122479861111 0.0061239921875
1 0.398442276563 0.319808509028 0.0340221819444 0.063536425
2 0.347536587109 0.451814574306 0.0557963791667 0.0382749539062
2 0.821972045703 0.409893833333 0.117036305556 0.150803319531
2 0.47752065625 0.490279621528 0.212485293056 0.118698760938
2 0.378411724609 0.486290399306 0.146975826389 0.0887978945313
2 0.164773678906 0.600151286806 0.410987956944 0.329547357812
2 0.709617657031 0.615121047222 0.511693613889 0.446285970313
2 0.920895406641 0.569531323611 0.327973833333 0.155396316406
4 0.306910455859 0.46027151875 0.0340221819444 0.0604744289062
