1 0.337499929297 0.246734643056 0.0183673416667 0.0165306085937
1 0.311670853906 0.267857086806 0.0165306069444 0.026862240625
1 0.330267788281 0.281632595139 0.0183673430556 0.0247959125
1 0.335950184375 0.301836672222 0.0220408111111 0.0196300984375
1 0.598201404297 0.3088774875 0.0128571388889 0.0289285648437
1 0.596651658594 0.332755032639 0.0275510152778 0.021696425
0 0.334228245313 0.181530570139 0.0569387597222 0.0154974453125
0 0.348175945703 0.329999938889 0.0330612194444 0.0247959132813
3 0.227812451563 0.410816248611 0.0881632472222 0.0196300984375
2 0.829629942969 0.350685054167 0.0312244833333 0.028928565625
2 0.758341692578 0.53947510625 0.374693798611 0.454591741406
4 0.917965381641 0.384927034722 0.0734693722222 0.0774872289063
4 0.977372257422 0.375743363194 0.0624489680556 0.0330612164063
