1 0.228088604687 0.450520165972 0.135000043056 0.04376954375
1 0.199875704687 0.548488947917 0.0440625152778 0.0442968875
1 0.584045752344 0.708801497917 0.0628125152778 0.0532617359375
0 0.184043028125 0.644062709028 0.0487500180556 0.02214844375
0 0.926543269531 0.759375249306 0.0356250152778 0.0158203171875
0 0.914414359766 0.758437746528 0.0300000097222 0.00843750234375
0 0.576914249609 0.580312689583 0.0300000125 0.0147656289063
0 0.468281401953 0.505312661806 0.00749999861111 0.00210937578125
2 0.648633023828 0.854062777083 0.0450000125 0.0379687632813
2 0.746718992578 0.863437777778 0.093750025 0.116015661719
0 0.224121167187 0.6506252125 0.0506250194444 0.0305859484375
2 0.447187645312 0.855835078472 0.285205490278 0.413437634375
1 0.500142581641 0.643120902083 0.0194045097222 0.0288468835937
2 0.678291575781 0.83023581875 0.0166324375 0.012474328125
