1 0.174978008203 0.411585534722 0.015596925 0.0282694273437
0 0.434764299219 0.432381435417 0.0398588097222 0.009748078125
0 0.462546322656 0.440179898611 0.0207959 0.0048740390625
0 0.4674203625 0.443645881944 0.0207959 0.004874040625
0 0.216407342187 0.41765100625 0.0242618847222 0.0077984640625
0 0.222256189063 0.421116989583 0.0242618847222 0.005848846875
2 0.486916519141 0.569287781944 0.105712494444 0.0770098195313
5 0.808115704297 0.424582972917 0.8456999625 0.380175060156
4 0.588296534766 0.486970675 0.256482775 0.114052517969
2 0.527371044531 0.53289495625 0.0329268430556 0.013647309375
2 0.0389923136719 0.518164525694 0.0485237680556 0.0760350117188
2 0.326073224609 0.519897518056 0.0242618833333 0.0224205804687
2 0.336796110547 0.511232559028 0.0173299180556 0.0146221179688
2 0.350443420703 0.511232559028 0.0173299180556 0.0126725023437
3 0.0882201101563 0.512965550694 0.0381258180556 0.0107228859375
3 0.165717333984 0.522497004861 0.0433247930556 0.0175465414063
3 0.182289067187 0.516431534028 0.0277278680556 0.01169769375
3 0.192037145703 0.516431534028 0.0277278680556 0.00974807890625
3 0.437688722656 0.523363500694 0.0311938486111 0.0077984625
3 0.41624295 0.520764013194 0.0259948736111 0.0077984625
