0 0.832485899609 0.274159286806 0.0693196708333 0.0155969257812
0 0.690163955859 0.366874342361 0.0329268402778 0.0116976945312
0 0.462058919141 0.294955186806 0.0554557347222 0.0116976945312
0 0.290005333203 0.327882029167 0.0485237694444 0.0126725023437
0 0.0409419285156 0.291489204167 0.0485237694444 0.0116976929688
1 0.168154353125 0.411065632639 0.0450577847222 0.020470965625
0 0.609742307812 0.385937250694 0.0294608597222 0.0107228875
1 0.363603326172 0.430128539583 0.0519897513889 0.00779846171875
1 0.572699609375 0.443992475694 0.0346598347222 0.036067890625
2 0.155969254297 0.478652309028 0.0277278680556 0.0194961570313
2 0.0643373171875 0.482984788889 0.0363928277778 0.0311938515625
1 0.290980142578 0.44919145 0.0173299166667 0.00877327109375
1 0.229079843359 0.450924441667 0.0173299166667 0.00779846171875
2 0.214457726172 0.477785813194 0.0294608597222 0.0214457726562
2 0.269046964844 0.488183763889 0.0467907777778 0.0350930828125
2 0.483992096094 0.496848723611 0.0363928277778 0.024370196875
5 0.517622966406 0.494249234722 0.05198975 0.0409419296875
2 0.541993162109 0.506380177083 0.0450577847222 0.0311938507813
5 0.783745507422 0.49251624375 0.284210643056 0.226155419531
2 0.0950437652344 0.49078325 0.0589217194444 0.0458159695313
2 0.308039280078 0.516778127083 0.0970475347222 0.0740853960937
2 0.342157554297 0.49251624375 0.0485237680556 0.0253450054688
2 0.0263198125 0.490783251389 0.100513519444 0.052639625
2 0.688701742969 0.613825663194 0.318870476389 0.318762165625
0 0.429966130859 0.317812284028 0.0421874708333 0.0105468679687
1 0.524887940625 0.43734345 0.0281249833333 0.0158203015625
