2 0.515965810547 0.504300592361 0.0207959013889 0.0107228867188
2 0.496469654297 0.510366063889 0.0190629111111 0.00877327109375
2 0.489158594922 0.511232559028 0.0242618847222 0.0116976945312
2 0.480385323828 0.511232559028 0.0311938513889 0.0116976945312
2 0.464788398828 0.512965550694 0.0277278680556 0.0233953882813
2 0.466250610156 0.512965550694 0.0277278680556 0.0126725015625
2 0.450653684766 0.518164526389 0.0346598361111 0.0243701960937
2 0.413123583984 0.529428972222 0.0571887277778 0.0253450054687
2 0.398501450781 0.526829484722 0.0693196694444 0.0350930828125
2 0.356584712891 0.532028460417 0.0901155708333 0.0799342429687
2 0.303945090234 0.554557352083 0.135173354167 0.0994304023438
2 0.189210203906 0.546758889583 0.272079701389 0.22167130625
2 0.064727240625 0.640340442361 0.279011668056 0.128674634375
3 0.502903375781 0.521630509722 0.0693196694444 0.0204709640625
5 0.594535314063 0.471373749306 0.131707370833 0.0672617421875
2 0.555055596484 0.498235121528 0.0571887263889 0.0175465414062
2 0.57650136875 0.516431534028 0.0485237680556 0.021445771875
2 0.618905510156 0.517298029167 0.109178477778 0.0848082828125
1 0.129064559375 0.331867915972 0.0398588097222 0.0272946203125
1 0.378615376172 0.441912890278 0.0242618833333 0.00974807890625
