2 0.367643010156 0.5098187 0.0244712972222 0.0160592890625
2 0.348715991406 0.517975800694 0.0326283958333 0.02638311875
2 0.320612235547 0.522054349306 0.0367069458333 0.0390011304687
2 0.244330612109 0.530211449306 0.0570996930556 0.0607958804688
2 0.195579198828 0.535309636806 0.0387462208333 0.0412953148438
2 0.128474311328 0.564879120139 0.0897280902778 0.108973746094
2 0.05333978125 0.565898756944 0.0876888166667 0.0825906296875
0 0.507014696875 0.462915379167 0.0163141972222 0.0057354609375
2 0.541427459766 0.521034711806 0.1162386625 0.0837377210937
2 0.554619017969 0.543466734722 0.104003013889 0.0596487875
2 0.620576812891 0.550604196528 0.167220534722 0.129621403906
2 0.438189172656 0.524093624306 0.240634426389 0.129621404687
1 0.625165181641 0.386442574306 0.0591389680556 0.0172063804688
1 0.60337043125 0.226359502778 0.0530211444444 0.0286773015625
3 0.507014696875 0.533270361111 0.116238663889 0.02179475
