3 0.546379797656 0.680199252083 0.1334403625 0.034118275
3 0.440613146484 0.656803863889 0.0797176194444 0.0194961570312
3 0.400646024609 0.641206938194 0.0554557347222 0.0136473101563
2 0.328510244141 0.642073433333 0.0502567583333 0.0214457726563
2 0.226642823047 0.66633531875 0.0987805291667 0.0867578960937
3 0.359216691406 0.648138904861 0.0415918013889 0.0107228859375
3 0.341182746094 0.643806425694 0.0363928263889 0.0077984625
1 0.133061270703 0.546758888889 0.0502567583333 0.0204709648438
1 0.663356738672 0.52509649375 0.0450577875 0.0146221164063
1 0.614128941797 0.361328776389 0.112644463889 0.0545892367188
1 0.417217758203 0.54329290625 0.0259948763889 0.0116976945313
