1 0.291021496484 0.515341733333 0.0475830722222 0.0275302070312
1 0.647002404688 0.4699031875 0.0790624638889 0.0420600421875
2 0.380834569141 0.601586063889 0.0394259777778 0.0237065695312
2 0.354833816016 0.599546790972 0.0244712958333 0.0298243945313
2 0.346804171094 0.619939538194 0.0598187208333 0.0397658578125
2 0.316597412891 0.624697847222 0.0747734083333 0.0573546039063
2 0.240043952344 0.636614857639 0.159063434722 0.122356489063
2 0.442395176953 0.599546791667 0.0299093638889 0.0183534726563
2 0.458454465234 0.607703888889 0.0299093638889 0.0229418414062
2 0.4733666625 0.620619295833 0.0557401777778 0.03594221875
2 0.493631958594 0.621978813889 0.0829305083333 0.0611782484375
2 0.518867982031 0.633534707639 0.108761329167 0.0657666125
2 0.57813440625 0.6444108375 0.144108752778 0.136886321875
2 0.703820617969 0.73413893125 0.2800604125 0.197299840625
2 0.867966337109 0.717824731944 0.535649519444 0.255419167969
2 0.145569139453 0.672280927083 0.213444095833 0.198829292969
