2 0.579035860547 0.435847419444 0.0883825777778 0.0701861648438
1 0.495202385547 0.3769257 0.015596925 0.0175465414062
2 0.50397565625 0.421983485417 0.0190629097222 0.013647309375
2 0.487403923047 0.411585534722 0.015596925 0.0116976945313
2 0.477655844531 0.415051518056 0.015596925 0.0077984625
2 0.470832189453 0.422849981944 0.0138639361111 0.00974807890625
2 0.456697476172 0.43064844375 0.0294608597222 0.0224205804687
2 0.432814683203 0.410719038194 0.0277278652778 0.0194961554687
2 0.413318526953 0.413318527083 0.0329268430556 0.0253450039062
2 0.309988894922 0.408986047222 0.0519897527778 0.0389923132812
2 0.146221176953 0.398588097222 0.0623877027778 0.0545892398438
