3 0.899747642187 0.416784509028 0.0953145430556 0.0253450046875
3 0.880738888672 0.428915451389 0.123042411111 0.0224205804688
3 0.841746574219 0.401187583333 0.0467907777778 0.0126725015625
0 0.506412675781 0.31020551875 0.0173299180556 0.0048740390625
0 0.577573648438 0.324069452778 0.0207959 0.0068236546875
1 0.455722667969 0.3561298 0.0121309416667 0.0107228859375
2 0.306089662891 0.436713915278 0.381258180556 0.212508110156
2 0.605355671484 0.55109136875 0.3327344125 0.243701961719
2 0.976270057812 0.609146593056 0.227021916667 0.04581596875
2 0.790569163281 0.4843711875 0.161168230556 0.142321945313
2 0.701374244922 0.438446908333 0.0970475361111 0.0653121257812
2 0.534682103516 0.431514938194 0.117843434722 0.0750602039062
2 0.4581596875 0.412452029167 0.0693196694444 0.046790778125
2 0.0872453023437 0.438446908333 0.162901222222 0.174490604687
2 0.158893679688 0.426315965278 0.0658536861111 0.0448411609375
2 0.190087530469 0.429781947222 0.0623877 0.0448411609375
