1 0.0234506671875 0.387245072917 0.0612245180556 0.0266900640625
1 0.719286435937 0.335969539583 0.0198979680556 0.0404655796875
1 0.774818986328 0.388010378472 0.0627551291667 0.0120535757812
1 0.735214378125 0.436224684722 0.0122449027778 0.0051658203125
1 0.743393590625 0.445408363194 0.0214285791667 0.012914546875
1 0.420960408594 0.432398152778 0.0321428694444 0.0172193953125
2 0.100076976172 0.491326751389 0.0704081972222 0.0886798867188
2 0.163358255078 0.489796138194 0.0306122597222 0.0309949132813
2 0.297239055469 0.474490009028 0.0612245180556 0.0852360078125
2 0.369130032031 0.474490007639 0.0367347097222 0.048214309375
2 0.647998141797 0.480612460417 0.0275510319444 0.00947066796875
2 0.628195836719 0.483673684722 0.0428571611111 0.0266900640625
2 0.607102077734 0.5012757375 0.0566326805556 0.0223852132812
2 0.586438802734 0.486734911111 0.0765306472222 0.0361607304688
2 0.561901165625 0.496683895139 0.0872449347222 0.059406915625
2 0.906289074219 0.512755332639 0.150000068056 0.185108501562
2 0.197366560937 0.5089288 0.0994898388889 0.126562557812
2 0.351049665625 0.499745120833 0.0627551305556 0.075765340625
2 0.432841793359 0.489796138194 0.0489796125 0.0533801242187
2 0.481917072656 0.488265524306 0.0367347097222 0.0396046109375
2 0.531508923438 0.516581865278 0.0872449361111 0.0688775828125
