1 0.336340261719 0.498969154861 0.0268041263889 0.0139175265625
1 0.556701123047 0.495876371528 0.0329896958333 0.0162371164062
1 0.921615805859 0.200412403472 0.0412371208333 0.0568299070313
1 0.863046208984 0.179793845833 0.0453608361111 0.0231958804688
1 0.877543633984 0.260206228472 0.0618556819444 0.0336340257813
2 0.388530992969 0.551134109028 0.0226804125 0.013917528125
2 0.375193360156 0.565567101389 0.059793825 0.02899485
2 0.369394390625 0.57587638125 0.0515463986111 0.0197164984375
2 0.344458819922 0.576907307639 0.0824742375 0.0533505242188
2 0.339819643359 0.591340301389 0.0783505277778 0.0394329960937
2 0.305025824609 0.607835150694 0.1072165125 0.0811855804687
2 0.518543906641 0.549072252083 0.0268041263889 0.00811855703125
2 0.537100611328 0.556288747917 0.0412371180556 0.0405927914062
2 0.554497521875 0.590309375 0.0886598111111 0.0684278453125
2 0.654399273828 0.628247525694 0.1752577625 0.158891778906
2 0.449115734766 0.608659895833 0.226804163889 0.138015486719
2 0.219476521875 0.648866086111 0.175257761111 0.163530953125
