0 0.374326212891 0.216623965278 0.0762516361111 0.0155969257812
0 0.762299735938 0.273812693056 0.0693196694444 0.013647309375
0 0.790569163672 0.43064844375 0.0329268430556 0.0155969257813
0 0.478630652344 0.482638195833 0.015596925 0.005848846875
0 0.497152001563 0.480038709028 0.0103979513889 0.0077984625
0 0.514698542578 0.495635633333 0.0138639333333 0.0116976945312
0 0.201785224609 0.439313402083 0.0329268430556 0.0136473101563
1 0.227617631641 0.318003981944 0.025994875 0.0380175054688
1 0.776434448828 0.364794757639 0.0190629069444 0.0321686585937
1 0.790569162891 0.319736974306 0.0155969236111 0.0389923132813
0 0.396746793359 0.216623965972 0.0693196680556 0.0136473101562
2 0.957261304297 0.555423847917 0.129974379167 0.0838334742188
2 0.353855247266 0.54329290625 0.0987805291667 0.0740853960938
2 0.556127875781 0.527695980556 0.0606547111111 0.043866353125
2 0.390897946484 0.530295468056 0.0762516361111 0.0272946195313
2 0.410881507422 0.527695980556 0.0606547111111 0.0243701976562
2 0.425016220703 0.525096491667 0.0519897527778 0.0253450039062
2 0.436713915234 0.518164525694 0.0519897513889 0.0194961570313
2 0.445487185547 0.517298029861 0.0398588097222 0.0175465414062
2 0.455235263672 0.516431533333 0.0381258166667 0.00974807734375
2 0.536631719531 0.522497005556 0.0502567611111 0.024370196875
2 0.527858448437 0.52769598125 0.0467907791667 0.0165717328125
2 0.519085177734 0.523363501389 0.0277278666667 0.0165717335937
2 0.513723734375 0.522497005556 0.0294608583333 0.021445771875
