2 0.330430066797 0.443437188194 0.0421874708333 0.0224120929687
2 0.376572613281 0.422343452778 0.0187499888889 0.0118652265625
2 0.315268944531 0.450468433333 0.0468749666667 0.0290038859375
2 0.277695727734 0.451640306944 0.0773436972222 0.0566894132813
8 0.240781690625 0.465702797222 0.0726562 0.0435058296875
2 0.503135026172 0.4446090625 0.0773436972222 0.0329589632813
2 0.525547119922 0.45398405625 0.0914061875 0.0435058289062
2 0.561142798438 0.468046545139 0.110156173611 0.0830565828125
5 0.443149716406 0.412968459722 0.0421874722222 0.0210937359375
2 0.410190753906 0.422343452778 0.0234374833333 0.013183584375
2 0.358774774219 0.423515327083 0.0304687291667 0.015820303125
2 0.458970017578 0.418827828472 0.0398437236111 0.0263671695313
2 0.641562665625 0.486796533333 0.157031141667 0.138427639062
2 0.175522946484 0.479765288889 0.100781183333 0.0949218101563
5 0.39107455625 0.404765339583 0.0585937125 0.0250488109375
2 0.0613943039063 0.505546519444 0.171093630556 0.122788607813
1 0.629929186328 0.298966870833 0.071523175 0.0211216882812
