2 0.581191039453 0.489566470139 0.0305660652778 0.0157606273438
2 0.589071352734 0.488292882639 0.0382075791667 0.0200589789062
2 0.595518882422 0.497207986111 0.0458490972222 0.0186261960938
2 0.601966412109 0.494660813889 0.0458490972222 0.0200589804687
2 0.621309 0.501028743056 0.0738679888889 0.0358196078125
2 0.628472921484 0.511217432639 0.0636792986111 0.0214917648437
5 0.719454725 0.453906060417 0.285283279167 0.160471842187
2 0.447942099219 0.497207986111 0.0458490972222 0.0300884703125
2 0.423584765234 0.503575917361 0.0636793041667 0.0415507429687
2 0.387048766016 0.508670260417 0.0789623347222 0.0458490976563
2 0.322363813672 0.511530784722 0.120343791667 0.103579786719
2 0.196488453516 0.543057085417 0.142641640278 0.151875136719
2 0.557550098438 0.495934400694 0.0331132347222 0.0200589796875
2 0.4808961375 0.502302330556 0.066226475 0.0587441546875
2 0.870613470703 0.592726940972 0.461038151389 0.256468391406
0 0.552535354297 0.416972065278 0.043301925 0.0128950601562
0 0.490209236328 0.394047513194 0.0382075819444 0.0114622742187
0 0.428599510938 0.401689034028 0.0280188958333 0.00859670625
1 0.461553548438 0.428434342361 0.0305660652778 0.011462275
1 0.240188375 0.410604134722 0.0356604083333 0.0272229015625
2 0.749961573438 0.522110853472 0.227755054167 0.121913239062
