2 0.358573517188 0.560900102083 0.0213269986111 0.00839750625
2 0.350176011719 0.563032801389 0.0298578 0.01319608125
2 0.343577970703 0.567298201389 0.042654 0.0143957257813
2 0.335180464844 0.568364550694 0.0447866986111 0.0215935875
2 0.309388123828 0.566231852083 0.0661137013889 0.0371889570312
2 0.300990617187 0.585426150694 0.0661137013889 0.03958824375
2 0.279996851953 0.593956950694 0.0959714986111 0.0311907367188
2 0.227812348828 0.585426152083 0.177014101389 0.104369007031
2 0.151035148828 0.616350302778 0.234597002778 0.157153332031
2 0.0691294535156 0.656871610417 0.392416801389 0.136759388281
2 0.402180568359 0.569430902083 0.0213269986111 0.0119964367187
2 0.412377540234 0.579028052083 0.0277251013889 0.0155953695313
2 0.419575402734 0.587558851389 0.0362559 0.0203939445312
2 0.42617344375 0.589691551389 0.0405213 0.0215935875
2 0.435170771875 0.596089651389 0.0490521 0.02279323125
2 0.449566496875 0.601421401389 0.0554502 0.03239038125
2 0.450166319141 0.61101855 0.0533175 0.0215935867187
2 0.473559372266 0.606753152083 0.0831753013889 0.0419875320312
2 0.503550464453 0.623814753472 0.113033101389 0.0707789804687
2 0.538340135156 0.651539852778 0.130094702778 0.07797684375
2 0.596522856641 0.680331302083 0.183412201389 0.127162238281
2 0.806883858594 0.734715161111 0.526776902778 0.386232282813
2 0.378037719531 0.597156011806 0.0767772041667 0.0491853953125
