0 0.152030870703 0.148305895833 0.0997946194444 0.0296265289063
0 0.246367975 0.397099435417 0.0124743291667 0.009355746875
1 0.152810515625 0.0803901125 0.0388090194444 0.0202707828125
0 0.806153436328 0.370071725694 0.0471252375 0.0124743273437
3 0.778086198047 0.488577838889 0.142761752778 0.0296265289062
7 0.631902669141 0.522535732639 0.0914784041667 0.0834220664063
2 0.247537442969 0.446996746528 0.0207905486111 0.0132539734375
3 0.921930791406 0.485805765972 0.137217606944 0.0288468828125
3 0.846305178516 0.496201041667 0.130287425 0.0304061726562
1 0.400347958203 0.377694925 0.0401950583333 0.0241690101562
