2 0.864199492969 0.406699966667 0.0728417861111 0.08331279375
2 0.812982613281 0.406699965972 0.0631295486111 0.030047234375
2 0.713280419531 0.4054859375 0.0509892472222 0.0546313390625
2 0.582848097266 0.392131610417 0.0388489513889 0.0478024210937
5 0.485194578125 0.379991313889 0.0534173111111 0.0682891734375
2 0.306276944141 0.386061463194 0.0169964152778 0.0109262679688
2 0.260523198047 0.387275490972 0.0339928347222 0.0314130210937
2 0.190185348828 0.384847430556 0.0971223777778 0.111994244531
2 0.126676416406 0.358138779167 0.0291367111111 0.0259498875
2 0.0433636253906 0.355710718056 0.0291367111111 0.0259498867187
1 0.560995561328 0.350854599306 0.0388489486111 0.0177551851562
1 0.431246133594 0.372707134722 0.019424475 0.017755184375
