2 0.0676347515625 0.801822073611 0.383932091667 0.131369257813
2 0.0580835898438 0.631339592361 0.153850043056 0.114607889062
2 0.351620116016 0.665297484722 0.216221683333 0.157488389844
2 0.988590479688 0.600153772917 0.0443531652778 0.0202707828125
2 0.247147619531 0.646585993056 0.0734599305556 0.063930928125
0 0.0483380203125 0.273742193056 0.0928644388889 0.0187114921875
0 0.0678291574219 0.284830484722 0.0845482194444 0.0202707820313
0 0.679071221484 0.437987511806 0.0498973125 0.0124743273438
0 0.698952182031 0.49204293125 0.0304928013889 0.0241690109375
1 0.0849813582031 0.446303729167 0.119199133333 0.0467787289063
1 0.475973571484 0.575205116667 0.0360369472222 0.0194911367188
1 0.539124855859 0.559265697917 0.0235626180556 0.0101353914062
2 0.431143955859 0.614707155556 0.0346509111111 0.0218300742188
2 0.553938120313 0.616093190972 0.0318788375 0.0132539734375
2 0.541463792578 0.605697918056 0.0388090194444 0.0319654648437
2 0.5250912375 0.607776972917 0.0429671291667 0.035084046875
2 0.518464250391 0.600153772917 0.0443531652778 0.0436601476563
2 0.500922227344 0.591837553472 0.0166324375 0.0101353921875
2 0.291587413281 0.618172245833 0.063757675 0.0202707828125
