2 0.0946489621094 0.746935020833 0.486498783333 0.188674208594
5 0.925439195312 0.653654776389 0.220102588889 0.148132642187
2 0.450115336719 0.539630196528 0.00831621805556 0.009355746875
2 0.449725514063 0.550718489583 0.0166324375 0.013253971875
2 0.460250729297 0.552797543056 0.0152463972222 0.0124743273437
2 0.459081260156 0.568043942361 0.0152464013889 0.0148132640625
2 0.471555588281 0.581904308333 0.0457392027778 0.0116946828125
2 0.489097613281 0.579825250694 0.0609856041667 0.0280672375
2 0.438420655078 0.5659648875 0.0166324388889 0.0187114914062
2 0.503391108203 0.606275441667 0.0889373222222 0.0426206132812
2 0.550039892188 0.619327290972 0.1289013875 0.088099940625
4 0.50988815 0.5464448625 0.0249486583333 0.0280672375
5 0.533277514453 0.546444859028 0.0221765847222 0.0171522023438
2 0.396839553906 0.589897110417 0.0443531652778 0.0109150375
2 0.370851376563 0.591837554861 0.0693018180556 0.051456603125
2 0.436341607813 0.614707154861 0.0873202958333 0.0623716390625
2 0.747095291016 0.702027447917 0.346509106944 0.315756424219
3 0.337456563672 0.583290342361 0.0457392013889 0.00857609921875
0 0.405805477344 0.484419732639 0.0207905458333 0.00545751875
0 0.315366600781 0.486775989583 0.0166324375 0.007016809375
0 0.436211650781 0.493706170833 0.0110882916667 0.0038982265625
0 0.387873630469 0.517268811806 0.0194045097222 0.00545751875
0 0.521193010547 0.497864302083 0.0194045097222 0.00545751796875
0 0.612411530859 0.484696953472 0.0207905430556 0.00545751796875
0 0.485719140234 0.520040885417 0.0110882902778 0.00467787265625
0 0.476753216797 0.526971064583 0.0110882902778 0.00545751796875
1 0.119675582031 0.265425977083 0.0401950569444 0.045999084375
1 0.115387532422 0.36475859375 0.0457392013889 0.0296265289062
1 0.114607885938 0.42990230625 0.0568274930556 0.026507946875
1 0.560045351172 0.505672305556 0.0152464 0.00935574609375
1 0.641128482031 0.486960811111 0.00831621666667 0.023389365625
1 0.565892692188 0.542633260417 0.0152464013889 0.0101353921875
1 0.523012191406 0.507982349306 0.0124743291667 0.021050428125
5 0.600716848438 0.584907370139 0.0873202958333 0.0506769578125
0 0.399578961719 0.483629003472 0.0228813736111 0.0058503515625
0 0.334055032813 0.532511934722 0.016641 0.0058503515625
0 0.607305287891 0.486104177778 0.0225288916667 0.00584884765625
3 0.281790982422 0.564448975 0.0361417416667 0.0107627976563
