2 0.418072205469 0.530357020139 0.385714198611 0.25887778125
2 0.5623041125 0.466801842361 0.122727245833 0.0764305828125
1 0.208540430469 0.149391193056 0.103003222222 0.05300830625
1 0.211005934375 0.2304788375 0.0679382972222 0.04068079375
1 0.212238685547 0.325811608333 0.113961016667 0.0653358226562
1 0.214704189844 0.0723214118056 0.0482142736111 0.0160257671875
1 0.197445669531 0.0493100534722 0.0328733680556 0.0209567734375
0 0.376194615625 0.291842458333 0.0460227166667 0.0110947625
0 0.513646388281 0.223173638889 0.0635551833333 0.0123275140625
0 0.528439406641 0.219886301389 0.0482142722222 0.00986201015625
2 0.649249036719 0.450730410417 0.0482142736111 0.0443790484375
4 0.608568243359 0.43210215 0.0723214083333 0.0542410617188
2 0.0920454304687 0.471550207639 0.0767045263889 0.07396508125
2 0.147519241797 0.469723909028 0.0657467375 0.0764305835938
2 0.204225802344 0.445616772222 0.061363625 0.0616375671875
2 0.24613935 0.451095665972 0.0328733708333 0.022189525
2 0.262165116797 0.46753235 0.0525973888889 0.0493100523437
5 0.07807425 0.4481736 0.133685033333 0.1561485
2 0.758963906641 0.472645991667 0.170941522222 0.175050691406
2 0.860049517188 0.473741770833 0.116152572222 0.061637565625
2 0.948807613672 0.382792113889 0.298051880556 0.101085611719
0 0.824916103906 0.215868455556 0.05478895 0.0110947640625
1 0.890868301953 0.313392786111 0.0131493472222 0.0197240226563
1 0.886553671875 0.345170377083 0.0284902541667 0.0110947625
