1 0.736954730859 0.220089948611 0.0935815555556 0.0467907757813
1 0.775459642187 0.256482775694 0.0207959013889 0.0243701984375
1 0.0848082828125 0.281611154167 0.0433247916667 0.0272946203125
0 0.106741459375 0.367394247917 0.0381258180556 0.0146221171875
0 0.0955311691406 0.357862792361 0.0571887291667 0.00974807734375
0 0.754501273047 0.0701861645833 0.140372329167 0.0272946210937
0 0.715508959766 0.0753851402778 0.147304297222 0.0311938507813
0 0.768635986719 0.30500654375 0.0485237680556 0.0321686578125
2 0.807628300391 0.53029546875 0.447111865278 0.383099483594
2 0.248088597656 0.511232560417 0.0623877013889 0.0419167375
2 0.164255121094 0.518164526389 0.270346708333 0.174490604688
2 0.0887075140625 0.577086244444 0.509499566667 0.177415028125
2 0.445974588672 0.499968111806 0.580552226389 0.357754478906
