2 0.459328709375 0.533032031944 0.0555415444444 0.0172150453125
2 0.397800862109 0.541533288194 0.147355120833 0.0752361242188
2 0.321608346875 0.569767759722 0.210831172222 0.139633146875
2 0.166209237891 0.655965354167 0.346954330556 0.332186616406
2 0.528884448437 0.561575645833 0.0215365166667 0.0133894796875
2 0.541636333984 0.557041642361 0.0260705208333 0.0121142914062
2 0.554388219531 0.545139882639 0.0362720291667 0.018490234375
2 0.579891991406 0.534938375 0.0544080444444 0.0452691953125
2 0.616814495312 0.530971120833 0.0782115638889 0.0452691953125
2 0.634348335937 0.546273381944 0.0861460694444 0.051007540625
2 0.694079329297 0.551940888889 0.142821116667 0.120505316406
2 0.807571110938 0.592180171528 0.209697670833 0.185539934375
2 0.915962135937 0.633346861111 0.278841230556 0.163861726562
1 0.474486068359 0.545036838194 0.0272040236111 0.0102015085937
1 0.684088161719 0.427555665972 0.0552138958333 0.0256346453125
2 0.438042208594 0.523739417361 0.0963475791667 0.042081221875
