0 0.515148621875 0.0582467868056 0.0788519597222 0.022941840625
0 0.418792889844 0.227506596528 0.0367069458333 0.01682401875
0 0.281524204688 0.170406900694 0.0176737152778 0.013000378125
0 0.69044514375 0.288005079861 0.0326283958333 0.0221771125
0 0.534058258984 0.0589265458333 0.0666163111111 0.0168240164063
0 0.377034263672 0.322658591667 0.0135951638889 0.00565466015625
0 0.485092501563 0.330135934028 0.0122356458333 0.006117825
0 0.124541425391 0.304046163889 0.01223565 0.00611782421875
1 0.673343048438 0.233254194444 0.0217522638889 0.0328833078125
1 0.4385715375 0.335217941667 0.0299093666667 0.0145298328125
1 0.656682907422 0.259085015278 0.0217522638889 0.0137651054687
1 0.532906207812 0.232186 0.0258308138889 0.0091767375
1 0.128856676953 0.267824757639 0.00951661527778 0.0145298320313
1 0.194077059766 0.3189037375 0.0190332305556 0.00994146484375
2 0.309714860938 0.367749225 0.0163142 0.0183534734375
2 0.288684839062 0.3650301875 0.0190332305556 0.0237065703125
2 0.260007537109 0.359592122917 0.0163141986111 0.0229418414063
2 0.225977138672 0.354833815278 0.0203927472222 0.0267654820312
2 0.202270569141 0.356193330556 0.0203927472222 0.0145298320313
2 0.180858183594 0.354833815278 0.0203927472222 0.0221771140625
2 0.149504333984 0.352114782639 0.0203927486111 0.0175887460938
2 0.110503202344 0.354173446528 0.0494345180556 0.0558251453125
2 0.492102500391 0.371827774306 0.0244712986111 0.0191182007813
2 0.516191435156 0.3731872875 0.0489425916667 0.0321185796875
2 0.536074363672 0.384743179167 0.0584592138889 0.0305891210937
2 0.550604196094 0.392220522917 0.0652567958333 0.0168240171875
2 0.591474660547 0.395897827083 0.0938066430556 0.0718844367187
1 0.360824185937 0.319712973611 0.00951661666667 0.0160592890625
0 0.473588028125 0.339784891667 0.0170025277778 0.009563921875
