0 0.628593530078 0.433124847917 0.0187499930556 0.0105468710937
0 0.653906021484 0.443437345833 0.0131249972222 0.00843749765625
0 0.660234144141 0.457499838194 0.0187499930556 0.0105468710938
0 0.689765383594 0.406874857639 0.0262499902778 0.0147656203125
0 0.614882597266 0.397499860417 0.0262499902778 0.0168749945313
0 0.571640425 0.458437338194 0.0206249930556 0.0105468734375
1 0.846386422656 0.400312358333 0.0618749777778 0.0305859265625
1 0.7303708375 0.452812341667 0.0168749944444 0.01582030625
1 0.541581841406 0.365624872222 0.0262499916667 0.0137109328125
1 0.543163872266 0.397499860417 0.0262499902778 0.0168749945313
1 0.533671688281 0.427499850694 0.0112499958333 0.0147656203125
1 0.139746044531 0.235312418056 0.159374944444 0.05378904375
2 0.639667744922 0.494687317361 0.0356249875 0.0242578039062
2 0.709804439063 0.513437309028 0.0693749763889 0.025312490625
2 0.688183353125 0.496562315972 0.0356249902778 0.028476553125
2 0.73195286875 0.516249810417 0.0937499680556 0.044296859375
2 0.759374734766 0.515312309028 0.1068749625 0.0400781117187
2 0.495723937109 0.501269355556 0.118124958333 0.0938671539063
2 0.426367765234 0.508769354167 0.129374955556 0.110235789844
2 0.58537234375 0.506894354167 0.0468749833333 0.0326953015625
2 0.619122330859 0.509706852083 0.0524999791667 0.0348046757812
2 0.663946534375 0.515331850694 0.0599999791667 0.0400781125
2 0.827423039844 0.538769342361 0.163124943056 0.128671829687
2 0.979804344531 0.656249769444 0.299999897222 0.0379687359375
