1 0.7873810125 0.345253947917 0.0963119763889 0.044074971875
1 0.579757012109 0.420207835417 0.0438013597222 0.0167367960937
1 0.233063119141 0.406418172917 0.0244860958333 0.0146916570312
1 0.412117692969 0.421926034722 0.0228536888889 0.0128552
5 0.438250162891 0.470515632639 0.0384125625 0.0762870632812
4 0.342332321094 0.512821389583 0.0838463263889 0.0367291421875
2 0.301856173047 0.52481865 0.0310157222222 0.0220374867188
2 0.0627781425781 0.669286619444 0.488415994444 0.125556285156
2 0.253649171875 0.550937152083 0.145284168056 0.111105659375
2 0.412502716797 0.622763032639 0.275876676389 0.188236860156
3 0.532179053516 0.548022141667 0.0816203194444 0.0202010289062
3 0.516569167188 0.544757329167 0.0652962555556 0.0128552
3 0.498777002344 0.541588910417 0.0683682819444 0.01354684375
3 0.957044619531 0.574333429167 0.16650545 0.0385656015625
3 0.899196218359 0.581679256944 0.197521172222 0.0477478867187
2 0.676066672656 0.6184084 0.270979458333 0.225884232812
