1 0.1725053125 0.0339599569444 0.0679199138889 0.0351562453125
1 0.372456458203 0.153857403472 0.0187499986111 0.0483398367187
1 0.422993562891 0.203076146528 0.0484374930556 0.0228515601563
1 0.303462327344 0.194482395833 0.0156249972222 0.0175781234375
1 0.820698590625 0.106982408333 0.0156249972222 0.023730465625
1 0.806636092578 0.133544903472 0.0124999986111 0.0290039023438
1 0.702485714453 0.189794897222 0.0281249944444 0.0457031179687
1 0.434419342187 0.258544888889 0.0187499972222 0.0070312484375
0 0.493745505859 0.121044906944 0.0406249944444 0.00791015546875
0 0.717866572266 0.0452636659722 0.0578124930556 0.00966796796875
0 0.222163510156 0.0319824180556 0.0624999916667 0.0166992171875
0 0.197114684766 0.0351074180556 0.0624999916667 0.0140624992188
0 0.706001338672 0.0522949145833 0.0468749958333 0.0140624976562
0 0.728413446094 0.0468261659722 0.0453124930556 0.0114257796875
0 0.833882182813 0.203076145139 0.0296874958333 0.020214840625
0 0.310054122656 0.208544895833 0.0187499972222 0.0114257796875
3 0.0292436109375 0.349951129167 0.0609374916667 0.019335934375
3 0.0135342296875 0.383544874306 0.143749981944 0.0226297046875
3 0.010414078125 0.466640115278 0.0806844861111 0.0163894015625
3 0.410249423047 0.310107382639 0.0437499958333 0.0131835929688
3 0.432661529687 0.305419882639 0.0343749958333 0.0105468734375
3 0.77807164375 0.289794884028 0.0593749930556 0.0158203109375
2 0.489790428516 0.299169885417 0.0406249958333 0.0263671851563
2 0.00978782226562 0.2647948875 0.0343749944444 0.0195756445312
2 0.0353959546875 0.276513638194 0.0765624902778 0.0597656171875
2 0.470015041016 0.346826129167 0.0984374888889 0.115136703906
4 0.515278707422 0.280419886806 0.0562499930556 0.0351562460938
2 0.882661473828 0.385107375694 0.434374945833 0.232031221094
2 0.634809942578 0.426513619444 0.41718745 0.274218716406
2 0.2190873375 0.418701118056 0.457812441667 0.413085885938
