0 0.341650794141 0.444019813889 0.0312862138889 0.00703939765625
0 0.407645152344 0.444019813889 0.0312862138889 0.0105590984375
2 0.352649854297 0.526146122917 0.0547508763889 0.0395966148438
2 0.392216198828 0.534749832639 0.0344148347222 0.0220586617187
2 0.416004438281 0.536314143056 0.0187717277778 0.011439021875
2 0.434042894141 0.531621211111 0.0187717277778 0.0123189460937
2 0.300734294141 0.528492590278 0.0406720833333 0.0307973679688
2 0.276536362891 0.535531988194 0.0453650097222 0.0369568398437
2 0.244859071875 0.5355319875 0.0610081166667 0.033437140625
2 0.226380650781 0.541789230556 0.0703939805556 0.033437140625
2 0.185904113281 0.541007074306 0.100115881944 0.063354584375
2 0.11111050625 0.549610781944 0.132966408333 0.105590970313
2 0.0392766449219 0.571511132639 0.151738134722 0.0785532898437
2 0.469679848047 0.555085872222 0.0563151861111 0.0202382695313
2 0.486398418359 0.557432336806 0.0735226013889 0.0237579679688
2 0.525555071484 0.560560956944 0.123580544444 0.0686341335938
2 0.606508147656 0.603579502778 0.165816933333 0.11790991875
2 0.804491219531 0.653637443056 0.300347652778 0.388926745312
