2 0.323516421875 0.250236788889 0.0255924 0.0191943
2 0.299523546875 0.263032988194 0.0213269986111 0.0191943
2 0.279129604687 0.270497438889 0.0234597 0.0215935875
2 0.100982505469 0.308886039583 0.0746445013889 0.05878254375
2 0.0399943699219 0.318483190278 0.0725118027778 0.0799887398438
5 0.396694691406 0.239573288889 0.0341232 0.0167950125
2 0.498064588672 0.247037739583 0.0234597013889 0.0131960820313
2 0.528055683984 0.265165688889 0.0255924 0.0131960820313
2 0.542451408984 0.271563788889 0.0298578 0.0203939445313
2 0.558646597656 0.286492688889 0.0298578 0.023992875
2 0.604233060937 0.249170438889 0.0234597 0.0239928765625
2 0.700804382813 0.285426340278 0.0533175027778 0.06118183125
2 0.818969292188 0.285426340278 0.0447867027778 0.0407878875
2 0.764985323437 0.303554290278 0.0853080027778 0.0767772
2 0.993459708984 0.367535290972 0.0682464013889 0.0130805820312
2 0.938875918359 0.333412089583 0.119431201389 0.122248163281
1 0.827966620703 0.203317391667 0.0383886 0.0203939445312
1 0.587438047656 0.237440589583 0.0127962013889 0.014395725
2 0.577241075781 0.245971388889 0.0170616 0.02519251875
1 0.341484724219 0.200975281944 0.033264875 0.0202707828125
