2 0.549022076172 0.443892175694 0.0448753652778 0.0378635914062
2 0.576893886328 0.441087465972 0.0392659458333 0.0178800289063
1 0.630008090625 0.423324299306 0.0299169125 0.0315529921875
2 0.659457550781 0.50840051875 0.00186980694444 0.00841413125
2 0.710468223047 0.464460054861 0.0822715069444 0.0894001460937
2 0.512736133984 0.435478045139 0.0280471041667 0.0115694304687
2 0.494856104687 0.451371405556 0.0747922805556 0.0347082921875
2 0.472769009375 0.46819966875 0.0785318930556 0.0241906265625
2 0.415973622656 0.471004379167 0.166412822222 0.104124876562
2 0.357074702344 0.516814654167 0.216897611111 0.173541459375
0 0.584782134375 0.359750868056 0.0112188416667 0.00841413125
1 0.456992513281 0.3379676125 0.0280471055556 0.0105176640625
