0 0.144101909375 0.341220566667 0.0467716666667 0.0155462625
0 0.271461688672 0.223228409028 0.0701575013889 0.0143503960938
0 0.288203819922 0.222165416667 0.0680315166667 0.0167421304688
0 0.565644841797 0.244488257639 0.0574015930556 0.0167421304688
1 0.679850090234 0.25937015 0.0446456805556 0.0275049289063
1 0.742633079688 0.351850490972 0.0127559097222 0.0287007953125
0 0.761169009375 0.3805512875 0.0191338638889 0.01315453125
0 0.739045480469 0.380551285417 0.0233858319444 0.0143503984375
1 0.602118768359 0.413504052778 0.0255118194444 0.0155462617188
1 0.515418450391 0.424133975694 0.0127559097222 0.0191338648437
1 0.556077910156 0.375236324306 0.0255118180556 0.0406594609375
0 0.514222583203 0.406063104167 0.0148818916667 0.0119586648438
1 0.532758514062 0.410315073611 0.0106299222222 0.0107627984375
1 0.562655176172 0.405000111111 0.0170078777778 0.0107627992188
0 0.456820992578 0.414567044444 0.0233858333333 0.0119586648438
0 0.379089672266 0.436889885417 0.0170078791667 0.00956693203125
0 0.398223535547 0.441141855556 0.02125985 0.00717519921875
3 0.199437870312 0.494291475 0.0850393916667 0.01619846875
3 0.185957237109 0.495354468056 0.0871653777778 0.0131545320313
3 0.233193962109 0.490039504861 0.0935433319444 0.0167421304688
3 0.275647221875 0.485787536806 0.0595275763889 0.017937996875
2 0.338430211719 0.4857875375 0.0722834861111 0.0550098578125
2 0.373110340234 0.479409581944 0.0552756055556 0.0310925273437
2 0.395831802344 0.478346589583 0.0446456819444 0.0167421296875
2 0.417357399609 0.46984265 0.0361417416667 0.0263090632812
2 0.435893329687 0.46877965625 0.0297637875 0.0107627984375
2 0.444862328125 0.467716665278 0.0233858333333 0.0119586640625
2 0.459212725781 0.466653670139 0.0255118152778 0.0191338640625
2 0.480738322266 0.466653672222 0.0382677277778 0.0239173289063
2 0.505253585156 0.4677166625 0.0276378 0.017937996875
2 0.528572980469 0.473031627778 0.0552756083333 0.031092528125
3 0.748612412109 0.480472574306 0.108425226389 0.0167421304688
3 0.864526038672 0.469538938194 0.0935433319444 0.0251131945313
3 0.613678808594 0.468070974306 0.0361417458333 0.008371065625
3 0.216144634375 0.497153915278 0.0884131444444 0.015302275
1 0.56857515625 0.438495194444 0.0119017694444 0.0086075296875
0 0.555663861719 0.4418957 0.015302275 0.0076511375
