2 0.612282291016 0.464849125 0.0442065722222 0.0133894914063
2 0.631410134766 0.465699250694 0.0595088458333 0.0363429023437
2 0.636670291797 0.477601020833 0.0493073305556 0.0219970210938
2 0.647190604688 0.484402032639 0.0595088458333 0.0334737265625
2 0.669665822266 0.486952413194 0.0952141569444 0.0363429023437
2 0.588372485938 0.482701780556 0.103715422222 0.045906825
2 0.709643003516 0.4973239375 0.115617191667 0.0832061210937
2 0.431332877734 0.491373054167 0.253337666667 0.326129736719
3 0.946828267578 0.4820216625 0.0986146611111 0.0239098039063
2 0.951610227734 0.593388219444 0.161524016667 0.0946828257813
