2 0.0357111304687 0.762567438889 0.160540513889 0.06978039375
2 0.116779528906 0.747060684028 0.147770245833 0.125194235937
2 0.292256695703 0.675912048611 0.0820945805556 0.0287331039062
2 0.348183628516 0.660405294444 0.043783775 0.0297592851562
2 0.372298911719 0.642162054167 0.0255405361111 0.0205236453125
2 0.424634207812 0.650371513889 0.0383108055556 0.0266807390625
2 0.583692457813 0.673175563194 0.0948648486111 0.041047290625
2 0.557524810156 0.667702590972 0.0839189041667 0.0359163796875
2 0.538027346094 0.657668809028 0.0602026930556 0.027706921875
2 0.511859699219 0.644898540278 0.0456081 0.028733103125
2 0.491336053516 0.639425569444 0.0164189166667 0.0266807398437
2 0.234790489063 0.684121507639 0.1204053875 0.09440876875
2 0.631409932422 0.679560697917 0.144121598611 0.0913302210938
3 0.176811191016 0.672263400694 0.0602026930556 0.0153927335937
0 0.78292001875 0.538447454861 0.0505373319444 0.0249247796875
0 0.468246953906 0.567364769444 0.0182432388889 0.009235640625
2 0.444131669141 0.633040434722 0.0145945916667 0.0123141867187
2 0.391052953125 0.6598013 0.0679470166667 0.04827814375
0 0.800411381641 0.530165543056 0.0375496666667 0.0160927148438
