3 0.0239098046875 0.554282406944 0.0782116305556 0.017215059375
3 0.0449504328125 0.561933544444 0.113916938889 0.03060455
3 0.766548339062 0.507525455556 0.0731108722222 0.0200842359375
3 0.659432414062 0.516593461111 0.0527078361111 0.0105203140625
2 0.544346551563 0.530195483333 0.0255037916667 0.0200842359375
2 0.497483334375 0.539546873611 0.0238035388889 0.0200842359375
4 0.582602239062 0.499024191667 0.0935139055556 0.0487760015625
4 0.435796038281 0.506675329167 0.0986146638889 0.047819609375
4 0.234953679688 0.527645117361 0.210831345833 0.131982121875
2 0.314812427344 0.568451184028 0.272040445833 0.282135695312
2 0.521871335156 0.526511611111 0.0476070777778 0.03443011875
2 0.711874588281 0.535012875 0.163224266667 0.09563921875
0 0.449663725 0.439798701389 0.0204030333333 0.0086075296875
