1 0.295924616406 0.315639601389 0.0341232 0.0311907375
2 0.606632348438 0.505449900694 0.0639810013889 0.0335900265625
2 0.579040540625 0.502250850694 0.0319904986111 0.0119964375
2 0.568843569531 0.50438355 0.0277251 0.01319608125
2 0.559246419922 0.51078165 0.0405213 0.0203939445313
2 0.543651052344 0.519312451389 0.0533175 0.02519251875
2 0.497464766406 0.519312451389 0.1172985 0.0839750625
2 0.420687565625 0.565165502083 0.191943001389 0.1175650875
2 0.234142963281 0.551302953472 0.270852901389 0.337099895312
2 0.0729845734375 0.615283950694 0.134360101389 0.145969146875
2 0.627026291797 0.508648950694 0.0319904986111 0.0119964367188
2 0.635423798438 0.513980701389 0.0298578 0.0215935875
2 0.650419345313 0.513980701389 0.0383886 0.01319608125
2 0.661216139062 0.522511502083 0.0597156013889 0.02279323125
2 0.687608301172 0.531042301389 0.0725118 0.0515846820313
2 0.750589598047 0.551302952083 0.138625501389 0.100770075781
2 0.826167154688 0.519312451389 0.0533175 0.071978625
2 0.974265408594 0.564099152083 0.104502301389 0.0514691828125
2 0.889148451562 0.5225115 0.0511848 0.05398396875
