2 0.397087721094 0.538211900694 0.107284765278 0.0844867515625
2 0.641495825 0.539999979167 0.157350986111 0.142822842187
2 0.481574473047 0.523907263194 0.0250331097222 0.0201158929687
2 0.263317031641 0.522119184722 0.0286092666667 0.0241390726562
2 0.283432924219 0.519437065972 0.0268211902778 0.014081125
2 0.346797987891 0.512284749306 0.0232450319444 0.0241390726562
2 0.533791812891 0.528490590278 0.0520805583333 0.0481101789063
2 0.467493348047 0.514072828472 0.0160927152778 0.0160927148438
2 0.223588142187 0.523013227083 0.0339735125 0.0352028125
0 0.132060827344 0.119801320139 0.0894039708333 0.0191100984375
0 0.309583584375 0.393377468056 0.0321854277778 0.0100579453125
0 0.376468930078 0.375496674306 0.0250331097222 0.00704056328125
0 0.383006595703 0.38622515 0.0286092666667 0.00804635703125
0 0.708884066797 0.422880777778 0.0268211916667 0.0140811257812
1 0.337242939844 0.397847666667 0.0232450305556 0.01307533125
1 0.699831915234 0.320960254861 0.0339735097222 0.0301738414062
1 0.699831916016 0.371026475694 0.0196688708333 0.0241390726563
1 0.376971828516 0.45864236875 0.0160927152778 0.0120695367187
0 0.0410364101563 0.368344358333 0.0286092722222 0.014081125
