1 0.696012801953 0.218356957639 0.0415918013889 0.101380016406
1 0.889024755469 0.287676627083 0.0346598347222 0.0467907765625
1 0.909495720312 0.357862790972 0.0259948736111 0.0331434671875
1 0.875377445703 0.343998857639 0.0259948763889 0.0155969257813
1 0.899747641797 0.253016792361 0.0277278680556 0.0136473101563
1 0.497639405078 0.506033584722 0.0103979527778 0.0185213492187
1 0.337770918359 0.499101616667 0.01039795 0.0224205804687
1 0.535169507422 0.514698543056 0.01039795 0.00974807890625
0 0.504950464453 0.172432676389 0.0953145444444 0.0194961570312
0 0.473756613281 0.500834609028 0.0173299180556 0.005848846875
0 0.529320660156 0.498235121528 0.0190629097222 0.005848846875
0 0.912907548047 0.486970675694 0.0450577875 0.0243701976562
0 0.931428896875 0.491303154861 0.0433247930556 0.0126725015625
3 0.847108017969 0.616945054167 0.0901155694444 0.0331434671875
3 0.894386198828 0.662002838889 0.166367205556 0.0263198117187
3 0.938739955859 0.646405914583 0.135173356944 0.0292442351563
3 0.919731202734 0.656803863889 0.100513519444 0.0204709648438
3 0.638011734766 0.577952740972 0.0398588097222 0.0146221164063
2 0.0926067453125 0.575353253472 0.214890973611 0.185213490625
5 0.0370426980469 0.507766575694 0.142105320833 0.0740853960938
5 0.135985694531 0.532028459722 0.173299172222 0.143296753125
2 0.229567247656 0.573620261111 0.0658536861111 0.0497152
5 0.245164173438 0.536360939583 0.0294608597222 0.043866353125
2 0.276845428125 0.564088807639 0.0537227458333 0.0428915453125
2 0.410881507031 0.578819236111 0.0866495861111 0.0575136625
2 0.339720533984 0.563222310417 0.0277278652778 0.0204709648437
2 0.377738040234 0.571020774306 0.0537227458333 0.0263198117188
2 0.364578134375 0.56408880625 0.0398588097222 0.013647309375
2 0.442075358203 0.574486757639 0.0467907763889 0.0107228867187
5 0.5078748875 0.570154277778 0.100513519444 0.0487403921875
5 0.476681036328 0.560622823611 0.0779846277778 0.0175465398438
5 0.708685303516 0.618678045833 0.166367205556 0.152070022656
2 0.599994229297 0.602214625 0.0641206944444 0.0633625101563
2 0.564413742578 0.599615136806 0.0381258180556 0.0214457726563
2 0.540530950391 0.585751203472 0.0415918013889 0.0243701960937
2 0.537606526953 0.560622823611 0.0190629083333 0.0224205804688
0 0.366040346094 0.497368625694 0.0207959013889 0.0048740390625
