3 0.638011735547 0.624743516667 0.150770277778 0.0302190445313
3 0.7081979 0.596149154167 0.159435238889 0.04581596875
1 0.667743374219 0.402920576389 0.0606547111111 0.0389923140625
1 0.676516644922 0.44884485625 0.0311938486111 0.0253450039062
1 0.672617413672 0.332734411806 0.0554557347222 0.0233953882812
0 0.352393036328 0.480038708333 0.0242618833333 0.00877327109375
0 0.232004267188 0.473106740972 0.0311938513889 0.0077984625
0 0.223230996875 0.473973236806 0.0225288930556 0.009748078125
0 0.34556938125 0.481771699306 0.0277278652778 0.0068236546875
0 0.422091797266 0.542426410417 0.0173299180556 0.00974807890625
0 0.195936376953 0.54849188125 0.0190629097222 0.0116976945312
1 0.0112102902344 0.514698542361 0.0450577847222 0.0185213492188
2 0.0414293332031 0.600481632639 0.0433247930556 0.0692113570313
2 0.222743592578 0.585751203472 0.0415918013889 0.0321686585937
2 0.240777537891 0.586617699306 0.0363928263889 0.0136473101563
2 0.256861867578 0.587484195139 0.0277278680556 0.0243701960937
2 0.275383216797 0.584018211806 0.0242618847222 0.0204709648437
2 0.290005333984 0.584018211806 0.0242618847222 0.0146221179687
2 0.303165240234 0.583151715972 0.0225288930556 0.0136473101562
3 0.342644957813 0.579685732639 0.0363928263889 0.0126725015625
2 0.344594573828 0.579685732639 0.0398588097222 0.0224205804688
2 0.483504691406 0.601348129167 0.0831836027778 0.0506900078125
2 0.474731420703 0.5866177 0.0883825805556 0.0643373179688
2 0.437688723047 0.589217186806 0.0623877013889 0.0253450039062
2 0.375301020703 0.574486757639 0.0294608597222 0.0136473101562
2 0.407469679297 0.584884707639 0.0329268430556 0.0233953882812
2 0.393334966016 0.583151715972 0.0467907763889 0.0204709648437
2 0.536144314844 0.614345565972 0.109178476389 0.0896823203125
5 0.318274761719 0.572753765278 0.025994875 0.0165717328125
1 0.414780738281 0.507766575694 0.0138639347222 0.0146221171875
1 0.203734839844 0.501701104861 0.0121309430556 0.013647309375
1 0.200323012109 0.513832047222 0.00866495833333 0.0146221179688
3 0.617540770312 0.590950178472 0.1074454875 0.0146221171875
3 0.177415028125 0.584018211806 0.0485237680556 0.009748078125
