0 0.278333439844 0.0727669118056 0.0928644402778 0.0202707828125
0 0.230385242187 0.369378707639 0.0207905458333 0.0085761
0 0.293926348828 0.371457761806 0.0194045097222 0.0124743257812
0 0.474804102344 0.331955724306 0.0318788375 0.0233893625
0 0.302112626953 0.079004075 0.0887063277778 0.0241690101562
1 0.313027663281 0.373536816667 0.0124743277778 0.016372553125
1 0.465448357031 0.255723722222 0.02079055 0.0218300734375
1 0.453753675 0.283444449306 0.0180184736111 0.0280672375
2 0.0584734117187 0.4580850375 0.115041019444 0.096676040625
2 0.368772316406 0.456005985417 0.0997946263889 0.068608803125
2 0.803814499609 0.456699003472 0.137217609722 0.215182155469
2 0.122014519922 0.459471075 0.0706878583333 0.0288468851563
2 0.14579370625 0.453926929861 0.0651437125 0.0202707828125
2 0.168403425391 0.452540894444 0.0429671333333 0.0311858195312
2 0.183996334766 0.453233911111 0.0388090194444 0.0202707804687
2 0.199199422656 0.447689766667 0.0332648777778 0.021050428125
2 0.211283927734 0.449075802083 0.0277207291667 0.0109150367188
2 0.334078092188 0.449075802083 0.0554414569444 0.0194911375
2 0.321213941797 0.44353165625 0.0443531652778 0.0187114914063
2 0.311858195703 0.441452602083 0.0291067652778 0.0171522007812
2 0.2225887875 0.442145619444 0.0249486555556 0.0148132640625
2 0.948828560547 0.494815004167 0.121971205556 0.0592530570313
2 0.278723261719 0.43590845625 0.0401950569444 0.0226097171875
2 0.251435670313 0.437987511111 0.0249486555556 0.0194911375
2 0.300163513672 0.441452602083 0.0291067652778 0.0109150367188
