2 0.545577235156 0.406271113194 0.0305084680556 0.019735165625
2 0.483797586719 0.400169419444 0.0183050805556 0.0111546578125
2 0.528845248047 0.40169484375 0.0183050819444 0.0154449132812
2 0.563882326172 0.417711788889 0.0503389722222 0.0386122804688
2 0.513686360547 0.404745691667 0.0335593194444 0.0223093179687
2 0.501673650781 0.403220265972 0.0213559263889 0.0102966078125
2 0.846939077734 0.443582186806 0.1539441625 0.176100335156
1 0.669565560547 0.149745729861 0.0716949013889 0.0652118539063
1 0.593199048047 0.14822030625 0.0686440541667 0.0617796476562
1 0.5164035125 0.147457595139 0.0549152430556 0.0643538015625
1 0.739925715625 0.320593160417 0.0594915152778 0.0223093171875
1 0.673483976953 0.338491461806 0.0289830458333 0.0145868617188
2 0.460673696094 0.398892161111 0.0149584555556 0.0147247296875
