1 0.00877327070312 0.526829484028 0.0623877013889 0.0175465414062
1 0.110640689844 0.519031021528 0.0329268430556 0.0672617421875
1 0.111128094531 0.544159402083 0.0554557347222 0.0545892390625
2 0.283181680078 0.605680608333 0.025994875 0.0185213492188
2 0.315837741406 0.586617697917 0.0571887263889 0.0272946203125
2 0.0102354816406 0.559756327778 0.0242618833333 0.0185213476562
2 0.367989960938 0.593549663889 0.150770275 0.0945563609375
3 0.751089444531 0.5944161625 0.121309422222 0.0224205796875
1 0.532732488281 0.490436658333 0.0346598333333 0.020470965625
1 0.793006182813 0.470507253472 0.0502567597222 0.01462211875
1 0.978219673437 0.434114427083 0.0467907763889 0.039967121875
1 0.980656692187 0.399454591667 0.0190629083333 0.0214457703125
1 0.981631500391 0.466174773611 0.0173299166667 0.0194961554688
2 0.188137913281 0.520764014583 0.0225288930556 0.0409419296875
1 0.165717333984 0.510366063194 0.0155969263889 0.00779846171875
2 0.0735979929687 0.540693419444 0.0173299166667 0.0126725015625
