0 0.271971388281 0.171566179861 0.0693196680556 0.015596925
0 0.640936157422 0.0684531736111 0.0849165944444 0.0185213476562
0 0.287080909766 0.180231138194 0.0762516319444 0.0185213492188
0 0.260761099219 0.177631651389 0.0779846277778 0.01462211875
0 0.619977790234 0.0710526604167 0.0727856513889 0.0214457726563
0 0.656045680469 0.0771181298611 0.0710526597222 0.0136473109375
0 0.172540988281 0.361328774306 0.0329268402778 0.0136473109375
1 0.148170792969 0.290276113889 0.0225288916667 0.0233953875
1 0.154507042969 0.31020551875 0.0173299180556 0.0185213484375
2 0.443050166406 0.436713915972 0.0207959013889 0.0087732703125
2 0.434764299609 0.438446907639 0.0173299180556 0.00974807890625
2 0.426478432812 0.438446906944 0.0242618833333 0.0087732703125
2 0.417705162891 0.443645881944 0.0207959 0.0126725023438
2 0.451823437109 0.437580411806 0.0190629097222 0.00877327109375
2 0.459621898828 0.433247932639 0.0138639347222 0.00877327109375
2 0.470344785156 0.436713915972 0.0207959013889 0.0107228859375
2 0.484479500391 0.441046394444 0.0225288916667 0.0175465414063
2 0.500076425391 0.444512377083 0.0363928236111 0.0155969242187
2 0.52737104375 0.460109302778 0.067586675 0.0487403921875
2 0.406007467578 0.447111864583 0.0346598319444 0.0185213492188
2 0.370426981641 0.438446907639 0.0762516375 0.0506900070313
2 0.0619002980469 0.474839733333 0.145571305556 0.123800596094
2 0.889512159375 0.631675483333 0.393389119444 0.21738215
3 0.203247435547 0.453177334722 0.0918485611111 0.0185213476562
3 0.251500423828 0.439313401389 0.0398588083333 0.00779846328125
8 0.247601192188 0.468774263194 0.0433247930556 0.0331434671875
