2 0.969446403125 0.530295468056 0.0901155694444 0.0594632796875
1 0.967984191016 0.292009105556 0.0363928277778 0.0311938507813
1 0.9674967875 0.343998856944 0.0710526611111 0.0263198125
1 0.138910118359 0.180231138889 0.0207959027778 0.0399671226562
1 0.182289067187 0.169833189583 0.0277278680556 0.01949615625
1 0.177415027734 0.307606031944 0.0329268416667 0.0136473101563
1 0.180339451172 0.365661254167 0.0658536861111 0.0194961570313
2 0.410881507812 0.486970675 0.713992591667 0.445487185938
2 0.135010885938 0.5025676 0.0831836027778 0.067261740625
2 0.175465411719 0.502567600694 0.0485237680556 0.0428915453125
1 0.649709429688 0.385590659028 0.0155969263889 0.01462211875
