2 0.4129100125 0.288348109722 0.0281249916667 0.0137109328125
2 0.402890485156 0.293973108333 0.0506249805556 0.02109374375
2 0.381796741406 0.30147310625 0.0656249763889 0.0379687359375
2 0.291093648438 0.2855356125 0.0562499805556 0.0316406140625
2 0.340136599219 0.322098101389 0.118124958333 0.08753903125
5 0.436640472266 0.270267754167 0.067499975 0.0316406148438
2 0.437167816406 0.290892747917 0.0374999875 0.0200390546875
2 0.528925596484 0.354642725 0.307499891667 0.197226494531
2 0.206718676562 0.361205222222 0.260624908333 0.23203116875
2 0.0991405894531 0.282455251389 0.0281249916667 0.0337499882812
2 0.0490429511719 0.278705251389 0.0393749861111 0.0622265398437
2 0.864202253125 0.212914284028 0.422078626389 0.240244371875
0 0.228867107422 0.198080276389 0.0168749944444 0.0105468710938
0 0.306386610547 0.191517782639 0.0262499902778 0.00738281015625
0 0.331171759375 0.216830272917 0.0206249902778 0.008437496875
0 0.386542833594 0.201160641667 0.0149999944444 0.0116015578125
0 0.389706895703 0.256205259028 0.0206249902778 0.00738281015625
0 0.407109232031 0.260892758333 0.0224999916667 0.008437496875
1 0.349628783594 0.254865979167 0.0168749944444 0.0200390546875
1 0.795008098828 0.162991011806 0.0693749763889 0.0348046742187
3 0.950574451172 0.305223103472 0.133124954167 0.0358593617188
3 0.684793294141 0.290223109722 0.0506249805556 0.0126562460937
