2 0.444458023828 0.512206231944 0.018529425 0.0134007445313
2 0.477959885156 0.51220623125 0.0238235458333 0.0089338296875
2 0.685671423828 0.533382717361 0.0555882736111 0.0491360632812
2 0.579954439844 0.528088595139 0.145588334722 0.111672870313
2 0.423612421484 0.510882701389 0.0476470916667 0.0312684039062
5 0.463814654688 0.496323868056 0.0291176666667 0.0223345734375
2 0.463070169141 0.516176822222 0.0317647277778 0.0208456023437
5 0.507739316797 0.506912110417 0.0502941513889 0.0387132617188
1 0.409467191406 0.46852973125 0.0264706069444 0.0268014890625
1 0.715450855859 0.497647398611 0.0423529694444 0.0253125179688
2 0.384005790625 0.505588579861 0.0211764847222 0.0163786875
2 0.400384478125 0.50426505 0.0238235444444 0.01935663125
