2 0.463140388281 0.436407194444 0.0780847861111 0.05953965
2 0.607109214062 0.442480457639 0.138817398611 0.101510223438
2 0.271832661328 0.419922629167 0.124935658333 0.0985820414063
2 0.196676055078 0.444215672222 0.0589973916667 0.0614917679687
2 0.0810212675781 0.461107751389 0.0858406777778 0.0956372648438
2 0.360166077344 0.427731109028 0.0433804375 0.0370902765625
2 0.389935901563 0.426863499306 0.0277634819444 0.026353615625
2 0.405064829688 0.418187411806 0.0242930430556 0.017569078125
2 0.508039141016 0.424260672917 0.0364395652778 0.0146408976562
2 0.533904725781 0.433804369444 0.0589973944444 0.0448987515625
2 0.850636141406 0.5249032875 0.529241333333 0.295746128125
0 0.383103483203 0.360057625694 0.0329691319444 0.0107366585938
0 0.464604479297 0.371336539583 0.0173521708333 0.00390423984375
0 0.499254602734 0.375674583333 0.0225578277778 0.00488029921875
0 0.512431409766 0.341837842361 0.0242930458333 0.00976059765625
1 0.329514640625 0.275829188889 0.0469194 0.0167950125
2 0.423686675781 0.416587390278 0.0298578 0.01799465625
