0 0.258811482812 0.155102757639 0.0571887263889 0.0146221171875
0 0.539068738281 0.219223452778 0.036392825 0.009748078125
0 0.403083044531 0.331867915972 0.0155969236111 0.008773271875
0 0.438663530859 0.353530313889 0.0173299166667 0.00779846328125
0 0.245164173047 0.158568743056 0.0606547111111 0.0107228867188
0 0.527858448828 0.226155422222 0.046790775 0.0107228851563
0 0.655070871875 0.343998858333 0.0225288944444 0.01169769375
1 0.654583467578 0.294608593056 0.0138639333333 0.0146221179688
1 0.64532279375 0.305873040972 0.0121309430556 0.015596925
1 0.646297601562 0.244351833333 0.0346598333333 0.009748078125
1 0.148658196094 0.3015405625 0.0103979527778 0.0185213484375
1 0.151095215625 0.336200395139 0.0277278680556 0.015596925
1 0.270996581641 0.329268427778 0.0138639333333 0.00779846328125
1 0.82225041875 0.337066890278 0.036392825 0.0126725015625
0 0.423066604687 0.3561298 0.0121309416667 0.0077984640625
0 0.136960502734 0.331001419444 0.0207958972222 0.00877327109375
1 0.391385350391 0.356996297222 0.0173299166667 0.00682365546875
0 0.581472880078 0.28940961875 0.0242618819444 0.00682365546875
0 0.586834323828 0.292875602778 0.0242618833333 0.00779846328125
2 0.430377662891 0.376925701389 0.0121309416667 0.0224205804688
2 0.428915451953 0.401187583333 0.0433247916667 0.0350930835938
2 0.294879373438 0.396855107639 0.0589217208333 0.04581596875
2 0.727694057422 0.447978360417 0.233953884722 0.166692142969
3 0.646785005859 0.389923136806 0.0311938513889 0.00877327109375
3 0.803729069141 0.415918014583 0.0658536875 0.0107228851562
4 0.352393037109 0.369127238194 0.1178434375 0.0789594351563
2 0.540043546875 0.458376311806 0.448844854167 0.243701960938
2 0.880251484375 0.567554790278 0.438446902778 0.2359035
2 0.179852046484 0.359595783333 0.0294608555556 0.0399671226562
