1 0.123310925781 0.237450652778 0.0213438777778 0.0200098859375
1 0.0977983199219 0.25523721875 0.0249011930556 0.0290143367187
1 0.252374692969 0.265909157639 0.0284585041667 0.018008896875
1 0.878684140625 0.237450652083 0.0640316347222 0.0190093921875
2 0.528094263281 0.39011868125 0.0142292513889 0.0090044484375
2 0.523091792578 0.392786664583 0.0124505958333 0.0110054351562
2 0.515588085937 0.396343979861 0.0160079125 0.01000494375
2 0.505082895313 0.403458602083 0.0195652236111 0.015007415625
2 0.495578198828 0.411462559722 0.0284585055556 0.0140069210937
2 0.489074986328 0.410573228472 0.0302371625 0.0110054382813
2 0.477569301953 0.415019872222 0.0355731305556 0.0260128523437
2 0.458559908594 0.413241215278 0.0498023833333 0.022010875
2 0.429045327344 0.413241213889 0.074703575 0.049024221875
2 0.544102173438 0.391008008333 0.02667985 0.0090044484375
2 0.546603408594 0.392786663194 0.0302371597222 0.0080039546875
2 0.548604397656 0.394565320139 0.0337944736111 0.0080039546875
2 0.555107610937 0.398122632639 0.0373517875 0.0110054375
2 0.564112060937 0.391897334722 0.0640316361111 0.013006425
2 0.577118486328 0.391897338194 0.0675889513889 0.0290143351563
2 0.615637518359 0.395454650694 0.103162079167 0.0680336132813
