2 0.0954957738281 0.405652984028 0.0636638486111 0.0762129742188
2 0.358109148047 0.356680793056 0.0244860944444 0.0321379992188
2 0.571138180859 0.408917797222 0.344437744444 0.269040975781
1 0.295210489062 0.324848870139 0.0261185013889 0.0128552
2 0.898945786719 0.382799295833 0.341172933333 0.191909776563
1 0.246544375 0.253022988889 0.0457073777778 0.02387394375
2 0.7081357375 0.327311615278 0.170660530556 0.121786665625
2 0.238660928125 0.354784682639 0.0254717208333 0.0229245484375
2 0.20928885 0.406092004861 0.0815095069444 0.124652234375
2 0.307434575 0.376799525694 0.0433019263889 0.0343868234375
