1 0.913196954687 0.48543845625 0.0704137263889 0.032778803125
1 0.392833450781 0.433235177083 0.0339928347222 0.0163894015625
1 0.438587198047 0.483010395139 0.0267086541667 0.0177551851563
0 0.4208320125 0.519431288889 0.0218525361111 0.0122920515625
0 0.474780459375 0.520645319444 0.0194244777778 0.0136578359375
2 0.455659491016 0.564350389583 0.0242805958333 0.0191209695313
2 0.470683108984 0.569206509028 0.0339928347222 0.0163894007813
2 0.482975160156 0.575276658333 0.0364208944444 0.01912096875
2 0.501413237109 0.577704718056 0.0412770138889 0.0286814523438
2 0.525314448437 0.582560834722 0.0412770111111 0.0355103703125
2 0.549215659375 0.586202925 0.0485611916667 0.0341445875
2 0.564239276562 0.594701131944 0.0558453638889 0.0396077203125
2 0.59496940625 0.598343224306 0.0534173097222 0.0382419390625
2 0.618187724609 0.611697550694 0.0607014875 0.0518997726562
2 0.678965088672 0.629907995833 0.0776979055556 0.0751180914063
2 0.743839804297 0.638406204167 0.0946943222222 0.0901417101563
2 0.885881285156 0.6723990375 0.162679988889 0.196672820312
2 0.434489847266 0.57163456875 0.0194244791667 0.0122920523438
2 0.422197796484 0.574062626389 0.0291367111111 0.00956048359375
2 0.414003094922 0.580132776389 0.0364208944444 0.0150236179688
2 0.401028151172 0.582560836806 0.0509892513889 0.0273156695312
2 0.390784775781 0.591059045139 0.0534173097222 0.02321831875
2 0.364151997266 0.586202925694 0.0971223791667 0.0491682039062
2 0.315666684375 0.595915163194 0.145683570833 0.0915074921875
2 0.276058964453 0.631122027083 0.148111631944 0.113360028906
2 0.123774106641 0.651760532639 0.509892498611 0.245841025781
