1 0.653691382812 0.447226818056 0.0291217472222 0.0117007015625
1 0.492806734375 0.422265322222 0.0374422444444 0.008190490625
1 0.857868625781 0.397303824306 0.0208012486111 0.0152109125
1 0.491051628906 0.45554731875 0.0124807486111 0.0093605609375
1 0.723310557031 0.446186758333 0.0228813722222 0.017551053125
1 0.522058487891 0.474268440972 0.0249614958333 0.00819048984375
2 0.570616400391 0.499229938889 0.0166409972222 0.0187211226562
2 0.591677663281 0.491949501389 0.0145608722222 0.0140408421875
2 0.588752487109 0.503390188194 0.0166409986111 0.0128707710937
2 0.638480469922 0.500269998611 0.0436826194444 0.0140408414062
2 0.682943136719 0.515870934722 0.0582434916667 0.0327619640625
2 0.708099644922 0.518991123611 0.0728043666667 0.0362721757812
2 0.446588962891 0.473228377778 0.0187211222222 0.0327619648438
2 0.467065190625 0.478428690972 0.0166409986111 0.012870771875
2 0.4799359625 0.481548877083 0.0104006236111 0.017551053125
2 0.499242120312 0.484669063194 0.0124807486111 0.0163809828125
2 0.499242120312 0.499229936806 0.0249614958333 0.0163809828125
2 0.513282962891 0.496109750694 0.0228813708333 0.0117007023438
2 0.602793330078 0.504430248611 0.0353621194444 0.0292517539063
2 0.7613378375 0.530431807639 0.1040062375 0.095945753125
2 0.441323646875 0.451387070139 0.0124807486111 0.0222313328125
2 0.466480155078 0.450347004861 0.0145608736111 0.0210612617187
2 0.515623102344 0.452427129861 0.0187211236111 0.02574154375
