2 0.439638367188 0.399577759722 0.0243074916667 0.012621196875
2 0.456992513672 0.40705698125 0.0467451902778 0.0283976945313
2 0.492226689063 0.394903229167 0.0486149805556 0.0315529921875
2 0.424387754297 0.409861684028 0.0411357541667 0.0283976929688
2 0.403878308594 0.418275817361 0.0617036347222 0.04207065625
2 0.390731227734 0.435104080556 0.0766620861111 0.0368118242188
2 0.37495473125 0.445388020139 0.0934903513889 0.049433021875
2 0.352867638672 0.454737051389 0.104709191667 0.0557436210937
2 0.306629346875 0.487645659722 0.15556795 0.128315504688
2 0.556384439844 0.414536203472 0.106578993056 0.04207065625
2 0.590566848047 0.420145624306 0.136495909722 0.0704683507812
2 0.648939888281 0.442583322222 0.143975141667 0.134626103125
1 0.189843841797 0.255228653472 0.0617036291667 0.0283976945313
1 0.191421490625 0.314127571528 0.0523545930556 0.0315529921875
1 0.276088686719 0.193525022222 0.0766620888889 0.0199835625
1 0.903116794922 0.160803400694 0.0860111208333 0.0189317960938
0 0.442267783203 0.347784099306 0.0149584569444 0.00736236484375
0 0.491700805859 0.333760546528 0.0243074902778 0.00736236640625
3 0.94869331875 0.415097150694 0.209418379167 0.063105984375
