2 0.314609765234 0.512577765278 0.0679687027778 0.0329589617188
2 0.308017973047 0.520780884722 0.0515624638889 0.0197753773437
2 0.232871540234 0.507890269444 0.0867186916667 0.133154205469
2 0.555869364844 0.482109036806 0.0257812319444 0.0197753765625
2 0.568393769922 0.493827777083 0.0210937347222 0.0210937367188
2 0.491269799609 0.483280911111 0.0187499888889 0.0171386601563
2 0.484018829297 0.489140281944 0.0210937361111 0.0210937351562
2 0.474131140234 0.491484029861 0.0351562263889 0.0197753773437
2 0.460947555078 0.496171526389 0.0445312194444 0.0276855273438
2 0.741098729688 0.521952759722 0.0867186916667 0.0843749421875
2 0.849204124219 0.543046494444 0.119531169444 0.13710928125
2 0.527524657031 0.490312154861 0.0234374819444 0.01845701875
5 0.636948410547 0.449296559722 0.232031091667 0.123925696094
2 0.104900133984 0.557108984028 0.147656148611 0.209800267969
2 0.928964811328 0.559452733333 0.161718638889 0.0988768851562
2 0.977084896094 0.609843323611 0.342187263889 0.0448241890625
2 0.443149716406 0.513749639583 0.0515624652778 0.0421874703125
2 0.709458126172 0.496171527083 0.0304687291667 0.0184570179688
