0 0.715264636719 0.391874863889 0.0374999888889 0.0137109328125
0 0.323975710547 0.378749867361 0.0374999875 0.0116015585937
0 0.994756726563 0.283124901389 0.0487499833333 0.007382809375
2 0.373018663281 0.48281233125 0.0431249847222 0.029531240625
2 0.344542110156 0.487499828472 0.0449999819444 0.0232031171875
5 0.317647588672 0.475312334028 0.0581249791667 0.0284765523437
2 0.288643692578 0.486562329167 0.0431249833333 0.0253124914063
2 0.257530421875 0.491249827083 0.0449999847222 0.0369140484375
2 0.229053869531 0.491249827778 0.0412499861111 0.02003905625
2 0.180010917969 0.501562322917 0.0656249763889 0.0653906015625
2 0.115675003125 0.507187322222 0.0656249777778 0.0759374734375
2 0.524893610156 0.527812314583 0.163124940278 0.253124910937
2 0.964698143359 0.490312327778 0.103124963889 0.0696093507813
