1 0.720898367969 0.280549347222 0.0203360388889 0.0175984953125
1 0.930842978516 0.176522686806 0.0438007013889 0.0292026273438
2 0.492557891406 0.401001269444 0.0172074194444 0.0061594734375
2 0.485958455859 0.404129889583 0.0140787958333 0.0105590976562
2 0.479359020312 0.403347734028 0.0156431069444 0.011439021875
2 0.470999735156 0.402565579167 0.0172074166667 0.010559096875
2 0.461320562891 0.402565579167 0.0203360388889 0.0140787960938
2 0.452521315234 0.404129889583 0.0172074180556 0.00879924765625
2 0.444601992578 0.401001269444 0.0265932833333 0.0140787960938
2 0.430083235156 0.406476356944 0.0250289722222 0.0219981203125
2 0.525115107031 0.400219113194 0.0125144847222 0.0061594734375
2 0.518075710937 0.397090490972 0.0156431069444 0.0079193234375
2 0.503996914063 0.401001268056 0.032850525 0.0202382703125
5 0.547993151953 0.391615405556 0.0672653611111 0.0431163132812
2 0.571751120312 0.400219113194 0.0250289708333 0.011439021875
2 0.580990330859 0.401783423611 0.0312862138889 0.0175984960937
2 0.589349616016 0.401783423611 0.0500579416667 0.0167185710937
2 0.616627283203 0.398654802083 0.0907300236111 0.0501557117187
2 0.643025026172 0.4111692875 0.0969872611111 0.0624746570313
2 0.741136637891 0.433851791667 0.170509866667 0.151347058594
5 0.353969741406 0.335300220139 0.148609518056 0.11615006875
2 0.276096400391 0.42194523125 0.0910784791667 0.0413564632813
5 0.181064525 0.426812395139 0.159559690278 0.15750653125
2 0.355729590234 0.445584122917 0.150173826389 0.139028113281
