0 0.463521130859 0.557156839583 0.0259948763889 0.00877327109375
0 0.529320660156 0.595282657639 0.0190629097222 0.005848846875
1 0.632162887891 0.559756327778 0.0207959 0.0126725023438
1 0.634112503906 0.582285220139 0.0207959013889 0.0087732703125
2 0.488866134766 0.6048141125 0.0173299166667 0.00877327109375
2 0.497152001563 0.606547104167 0.0138639333333 0.0077984625
2 0.501538636719 0.6152120625 0.0207959 0.0068236546875
2 0.507387483594 0.622144029861 0.0207959013889 0.0107228859375
2 0.517622966016 0.627343004861 0.0277278680556 0.0155969257813
2 0.528345852734 0.649871896528 0.0277278652778 0.0194961570312
2 0.549791625391 0.656803864583 0.0381258180556 0.0272946210937
2 0.581472880078 0.669801302083 0.0606547097222 0.0282694273437
2 0.607305287891 0.680199252778 0.0745186444444 0.0604380867188
2 0.719408189844 0.712259599306 0.1282413875 0.132573865625
2 0.480092864063 0.612612575 0.015596925 0.0107228859375
2 0.468395169922 0.605680608333 0.015596925 0.0107228867187
2 0.436713915234 0.622144029861 0.0207959013889 0.0194961570313
2 0.414293334766 0.629075996528 0.0173299180556 0.0175465414062
2 0.423066605078 0.647272409028 0.0259948736111 0.0233953882813
2 0.403083044141 0.644672921528 0.0346598347222 0.0224205804688
2 0.390897946484 0.651604888194 0.0346598319444 0.0175465414063
2 0.376275828516 0.640340442361 0.0433247930556 0.0155969257813
2 0.361653710547 0.646405914583 0.0519897541667 0.0214457726562
2 0.343619765625 0.651604889583 0.0485237708333 0.036067890625
2 0.453773051953 0.666335319444 0.0883825805556 0.0633625101563
2 0.304140048047 0.654204376389 0.0814506111111 0.0584884710937
2 0.195448973047 0.677599764583 0.1074454875 0.112102902344
2 0.0448411609375 0.687997715278 0.169833188889 0.089682321875
