1 0.861063285547 0.435178386806 0.0497748097222 0.0345937476562
1 0.575875808203 0.509290976389 0.0479999972222 0.0210937476563
1 0.469563316016 0.521290972917 0.0119999930556 0.0160312492188
1 0.642953927344 0.333040988889 0.0284999944444 0.0590624953125
1 0.515969564453 0.319540990278 0.0284999972222 0.0599062445312
1 0.500782064844 0.378040986111 0.0914999972222 0.0885937421875
1 0.615953929687 0.382540986806 0.0824999958333 0.113062490625
2 0.491501123438 0.548765580556 0.0359999972222 0.0202499984375
2 0.515547995703 0.562265580556 0.0389999944444 0.0261562476563
2 0.417251130078 0.548765580556 0.0359999972222 0.0253124976562
2 0.453110501562 0.579515577778 0.0824999972222 0.06328124375
2 0.573344869531 0.585515577083 0.0794999930556 0.0624374953125
2 0.366626133594 0.569015579167 0.0674999972222 0.0523124953125
2 0.692455023828 0.609749950694 0.196499981944 0.165374988281
2 0.0790488226563 0.647999948611 0.374999972222 0.1569374875
1 0.861091275391 0.499144739583 0.0781578958333 0.0299753289063
