0 0.696360608594 0.355149051389 0.0666834777778 0.0191374796875
0 0.679136880078 0.356509939583 0.0585181541667 0.0137789835937
0 0.710139591406 0.3537881625 0.0585181583333 0.0114824875
1 0.7564522875 0.50960975625 0.0190524236111 0.021433975
1 0.745352549609 0.532744835417 0.0163306458333 0.0329164585937
1 0.739611307031 0.569798088889 0.0503528305556 0.013778984375
1 0.580770247266 0.594974498611 0.00816531666667 0.0130134835938
1 0.580770247656 0.548023893056 0.0340221861111 0.017606478125
1 0.581152997266 0.577282963194 0.0190524180556 0.0107169898437
1 0.523452257031 0.604040367361 0.0206060625 0.008231603125
1 0.538856682422 0.603359927778 0.0165234055556 0.00842048984375
1 0.544597923828 0.61774561875 0.0176915319444 0.00765498828125
1 0.321837689062 0.601414969444 0.0258568583333 0.0183719796875
1 0.393411853125 0.589069786806 0.0163306513889 0.00535849375
0 0.393794601563 0.588486542361 0.0136088708333 0.0030619953125
0 0.487568242188 0.596651867361 0.0136088763889 0.003827496875
0 0.483357995703 0.600637325 0.0176915333333 0.00306200234375
0 0.389201607422 0.59043066875 0.0163306486111 0.00306199609375
0 0.397622098047 0.591111113889 0.0176915388889 0.00306199609375
1 0.1002257 0.581796713889 0.0702176916667 0.0359784578125
3 0.132767024219 0.698232397917 0.0748487930556 0.0183567578125
3 0.145608859766 0.69638546875 0.0793202736111 0.0134509101562
3 0.737941147266 0.68433189375 0.0816532347222 0.0199029742188
3 0.705407435547 0.687150869444 0.0884576777778 0.0176064820312
3 0.721482916797 0.687150869444 0.0884576777778 0.0176064773438
2 0.486037241797 0.655656058333 0.0313004083333 0.0405714507813
0 0.357602676562 0.650187558333 0.0166409972222 0.0070204203125
0 0.761861919922 0.583623566667 0.033282 0.0128707726563
0 0.772977584766 0.583623566667 0.033282 0.0163809820313
