1 0.119674799219 0.134693940278 0.0153061305556 0.0275510328125
1 0.247528810547 0.210459279167 0.0321428722222 0.0198023054687
1 0.278954209375 0.212755197917 0.0275510347222 0.0154974578125
1 0.400350944531 0.229591938889 0.0229591972222 0.0137755140625
3 0.963640419141 0.269387877778 0.151530680556 0.0361607304687
2 0.303491844531 0.241836840278 0.0122449 0.00947066875
2 0.291007782813 0.238010311111 0.0137755111111 0.0103316375
2 0.175207348828 0.254847052778 0.0260204194444 0.0198023054688
2 0.231600870703 0.24642868125 0.0183673513889 0.0154974570313
0 0.348864949609 0.225612349306 0.0153061291667 0.00688775546875
2 0.339519226953 0.296694109722 0.119017694444 0.0803369445312
