0 0.253527384766 0.0100539243056 0.0187211208333 0.0304218242188
0 0.210234788672 0.326232886806 0.0395223708333 0.0280816835938
1 0.197364016406 0.218066399306 0.0228813736111 0.01638098125
1 0.167527228516 0.192064840278 0.0208012472222 0.0245714726562
1 0.21198989375 0.0381356097222 0.0665639916667 0.0690341390625
1 0.189758560547 0.106779725694 0.1040062375 0.0222313335938
1 0.405520663281 0.364282903472 0.0632683236111 0.0418908390625
2 0.616249136719 0.439599684722 0.0208012472222 0.0140408421875
2 0.606888575781 0.443759935417 0.0208012458333 0.011700703125
2 0.595772909766 0.447920183333 0.0249614972222 0.0152109117187
2 0.584657242188 0.451040370139 0.0395223708333 0.023401403125
2 0.560670804297 0.453120495833 0.0728043666667 0.0362721773438
2 0.530248979297 0.458320807639 0.0832049902778 0.0549932976563
2 0.634970259375 0.438559622222 0.0187211222222 0.0117007015625
2 0.665977120313 0.444799997222 0.0228813694444 0.017551053125
2 0.723895591797 0.440639748611 0.0145608722222 0.0117007023438
2 0.737351398437 0.442719871528 0.0478428708333 0.0198911921875
2 0.795854907031 0.444799995833 0.0270416222222 0.01053063125
2 0.809310715234 0.445840058333 0.0374422444444 0.0163809820313
2 0.848508064844 0.453120495139 0.0603236180556 0.036272175
2 0.871324433984 0.454160558333 0.0748844916667 0.0397823851563
2 0.840317573047 0.438559622222 0.0686441166667 0.0573334367188
2 0.915202064063 0.459360869444 0.0936056138889 0.085415121875
2 0.685868311328 0.440639747222 0.0436826222222 0.0292517539062
2 0.646085925781 0.443759934028 0.0291217458333 0.0245714734375
2 0.764263012891 0.447920183333 0.0873652388889 0.0573334382812
2 0.479935962109 0.473921743056 0.0894453638889 0.0830749820313
2 0.952059275 0.479122054861 0.1081664875 0.0936056140625
2 0.0700152894531 0.46456118125 0.137288231944 0.140030578906
