1 0.192037145703 0.476572725 0.0485237694444 0.0233953882813
1 0.697475013281 0.483504692361 0.0519897541667 0.0263198109375
2 0.124227392969 0.561489320139 0.388190145833 0.246747598437
2 0.441587954297 0.614345568056 0.292875602778 0.284643891406
2 0.86124273125 0.635141466667 0.337933386111 0.275870620313
2 0.726231844922 0.596149154861 0.145571304167 0.105279247656
2 0.651659045312 0.577952739583 0.1126444625 0.0906571296875
2 0.585859515234 0.567554790278 0.0814506111111 0.0623877023438
2 0.561001915234 0.540693419444 0.0415918027778 0.0282694273438
2 0.506412677344 0.513832046528 0.0779846263889 0.0731105890625
5 0.327535435938 0.514698541667 0.162901222222 0.09553116875
5 0.397721600391 0.44104639375 0.0779846263889 0.0740853960937
