3 0.178372817578 0.486367039583 0.0632175208333 0.0195005648438
3 0.0762816226563 0.439463719444 0.018353475 0.0149121984375
3 0.760407330859 0.541427459722 0.0224320222222 0.0103238289063
3 0.747789317187 0.552643471528 0.0285498458333 0.010323828125
3 0.740333219141 0.548564922917 0.0285498458333 0.0114709195312
3 0.72771520625 0.549584558333 0.0346676722222 0.0091767359375
3 0.733450666016 0.55876129375 0.0448640458333 0.0114709210937
3 0.719685560156 0.554682747222 0.0326283972222 0.0091767359375
3 0.712803007812 0.557741658333 0.0346676722222 0.0091767359375
3 0.695596626953 0.558761295833 0.0326283972222 0.0114709210937
3 0.684699252734 0.560800571528 0.0448640458333 0.0172063820313
3 0.672081240234 0.563859484028 0.0509818708333 0.0126180132813
3 0.662904504297 0.561820206944 0.0387462194444 0.0103238289062
3 0.668639963672 0.562839845833 0.0489425944444 0.0103238289063
3 0.622182735156 0.555702384028 0.0591389680556 0.01376510625
3 0.560813308594 0.541427459722 0.0713746166667 0.01720638125
3 0.541886288281 0.538368548611 0.0734138916667 0.018353471875
3 0.348371859375 0.527152535417 0.104003015278 0.028677303125
3 0.372460793359 0.526132898611 0.106042288889 0.0195005648438
3 0.173575897656 0.4995586 0.0428247722222 0.010323828125
2 0.234945324609 0.586227779167 0.261027175 0.185828916406
5 0.919203128125 0.487726565972 0.0346676708333 0.0137651046875
2 0.922548801953 0.51542670625 0.0203927486111 0.0172063820313
2 0.942049367969 0.518485619444 0.0305891222222 0.02179475
2 0.967954542187 0.561480349306 0.0203927486111 0.0126180125
2 0.932394687109 0.547545285417 0.0265105708333 0.0149121960937
2 0.922070858594 0.536329274306 0.0203927486111 0.010323828125
2 0.952468799219 0.550604196528 0.0448640458333 0.022941840625
3 0.993190567188 0.605664613889 0.0570996916667 0.010323828125
2 0.935683020703 0.605664615972 0.0367069458333 0.0309714867188
2 0.805545409766 0.586801324306 0.0428247708333 0.0286773007813
3 0.795795128125 0.560290751389 0.0387462194444 0.0137651046875
2 0.771992975781 0.57143395 0.0550604194444 0.036706946875
1 0.478910950781 0.438881086806 0.0346676708333 0.024088934375
0 0.456907641406 0.43226253125 0.0387462236111 0.0263831171875
0 0.503364870312 0.0264468451389 0.0509818708333 0.03900113125
0 0.526306710938 0.0325646680556 0.0591389694444 0.027530209375
1 0.709841444141 0.080487625 0.0652567916667 0.130768496094
1 0.652486839453 0.379241385417 0.0876888180556 0.0229418414063
0 0.905994188281 0.144724782639 0.104003015278 0.022941840625
2 0.115944359766 0.694853415278 0.505588580556 0.231888719531
