3 0.779846276563 0.497368625 0.0623877027778 0.01169769375
2 0.415268142578 0.485237683333 0.0207959 0.0155969257813
2 0.462058919141 0.480905204167 0.0190629083333 0.0136473101563
2 0.533707295703 0.477439220833 0.0190629083333 0.00877327109375
2 0.526883640625 0.478305715972 0.0242618847222 0.0126725015625
2 0.511286715234 0.482638195139 0.0398588097222 0.0282694273438
2 0.484966903516 0.490436659028 0.0450577847222 0.0302190429687
2 0.435739107031 0.506033584028 0.0623877013889 0.0526396234375
4 0.376763232422 0.490436658333 0.0901155694444 0.0633625101563
2 0.348006401172 0.516431534028 0.110911470833 0.0760350117188
2 0.0633625101562 0.577952740278 0.233953883333 0.126725020312
2 0.185700894531 0.597015649306 0.296341584722 0.287568314062
2 0.930941492969 0.630808988194 0.530295468056 0.134523482812
