2 0.410540202344 0.432728019444 0.0224066277778 0.0086650640625
2 0.399118072266 0.432027806944 0.0602178111111 0.0189055929688
2 0.380212480859 0.433428226389 0.0602178166667 0.0346602523437
2 0.462136732813 0.433428225 0.0294087 0.015754659375
2 0.437717010938 0.417323461806 0.0112033152778 0.020481059375
2 0.481042326562 0.435528846528 0.0224066291667 0.0141791953125
2 0.439686342578 0.454434438194 0.0686203041667 0.0449007835938
5 0.288775773047 0.434657565278 0.218464630556 0.159909805469
2 0.678763309766 0.466571370139 0.0602178125 0.0551413132812
4 0.551526982031 0.387236434722 0.2646783 0.149669278125
2 0.841622591797 0.582411829861 0.360942090278 0.314173008594
1 0.74455095 0.308174674306 0.0322095291667 0.0141791953125
1 0.743619991797 0.352204196528 0.0434128430556 0.0181178601563
3 0.160697539844 0.429927188194 0.137240601389 0.037023453125
2 0.450425767578 0.406120148611 0.0112033166667 0.0110282632812
0 0.437900794531 0.374610823611 0.012603725 0.00551413125
