2 0.500430486328 0.430803547222 0.0186980722222 0.0105176648438
2 0.518310515625 0.422389415972 0.0467451763889 0.0231388609375
2 0.486757522656 0.437347870833 0.0243074916667 0.012621196875
2 0.472558675781 0.440152579861 0.0411357541667 0.0220870953125
2 0.424177419531 0.435478063889 0.0205678777778 0.0115694296875
2 0.413133872656 0.434543160417 0.0261772986111 0.012621196875
2 0.378951448438 0.451371422222 0.0560942083333 0.024190628125
5 0.1881865125 0.362245888194 0.724491776389 0.373887021875
2 0.553860208203 0.484840955556 0.155193977778 0.100969577344
2 0.446054148437 0.44464010625 0.0673130513889 0.043122421875
1 0.393991711719 0.358068044444 0.0160803388889 0.012621196875
0 0.492752572266 0.378635913889 0.0168282611111 0.00525883203125
1 0.508003184766 0.382749497222 0.0130886472222 0.00841413046875
