2 0.693954694531 0.427985344444 0.0280816611111 0.014625865625
2 0.687519314453 0.432145591667 0.0301617861111 0.00994558984375
2 0.679913864062 0.434745745139 0.0291217236111 0.0157959359375
2 0.66733561875 0.437345898611 0.0343220305556 0.019891178125
2 0.659145133594 0.442026176389 0.0353620944444 0.0128707625
2 0.640424025 0.438905991667 0.0499229555556 0.033932009375
2 0.612927396484 0.448266545833 0.0478428333333 0.0421224945312
2 0.763378800781 0.419664853472 0.0239214180556 0.0076054515625
2 0.767474042578 0.424865160417 0.0343220319444 0.00760544921875
2 0.7800522875 0.427465315278 0.0457627111111 0.0245714546875
2 0.78406135 0.441431859028 0.0540832041667 0.0163809703125
2 0.820040980469 0.437271610417 0.0977657875 0.0649388453125
2 0.899104231641 0.488457502083 0.175176090278 0.132802864844
2 0.946235040234 0.546656371528 0.351540818056 0.105306235156
2 0.118001486328 0.569537733333 0.336979955556 0.236002972656
1 0.441291625781 0.335939894444 0.029121725 0.0157959359375
2 0.558006037891 0.462827409028 0.0769645597222 0.0702041585938
