6 0.508381569531 0.539111845833 0.115460527778 0.031973684375
7 0.508381569531 0.577302634028 0.0959210513889 0.031973684375
5 0.557840862891 0.503585529861 0.108355265278 0.0449629929688
2 0.532361832422 0.530230265278 0.0301973694444 0.0159868429688
2 0.481403773047 0.534671054861 0.0639473680556 0.0339720382812
2 0.439438310547 0.552434213194 0.0817105263889 0.0719407898437
5 0.460920631641 0.49825658125 0.0408552625 0.0489597039063
2 0.269578114062 0.55865131875 0.0799342069444 0.069942434375
2 0.0733396328125 0.582631581944 0.106578947222 0.146679265625
1 0.876078938672 0.129671054167 0.0675000027778 0.0399671054688
1 0.835612245703 0.127894738889 0.024868425 0.0269777960937
1 0.668249991797 0.442302634028 0.0355263152778 0.0199835523437
1 0.854419077344 0.0649871902778 0.0779846277778 0.036067890625
