1 0.785695123828 0.3483313375 0.0346598361111 0.0175465414062
1 0.37968765625 0.399454593056 0.025994875 0.008773271875
2 0.525421428906 0.633408475 0.376059202778 0.28659350625
2 0.502513444531 0.440179898611 0.0173299166667 0.0731105890625
4 0.478143248438 0.433247931944 0.0381258194444 0.06141289375
5 0.565388550781 0.431514939583 0.0381258180556 0.0565388546875
5 0.633625099609 0.453177336806 0.206226015278 0.0662869335937
0 0.606817883984 0.418517502083 0.0225288930556 0.00682365546875
1 0.789640650781 0.379782766667 0.0381355861111 0.030889825
1 0.763041079688 0.413342082639 0.0320338930556 0.012012709375
