0 0.623764825391 0.149296764583 0.100781179167 0.0184570179687
0 0.822836954688 0.545390242361 0.0492187180556 0.02636716875
0 0.785922917578 0.550077739583 0.0351562263889 0.0105468679687
0 0.590805864453 0.146953015278 0.105468677778 0.0263671695312
1 0.789877992578 0.498515275 0.0492187166667 0.0184570179687
1 0.789218814453 0.468046545833 0.0351562277778 0.0197753773437
1 0.797128964453 0.43406219375 0.0328124763889 0.0435058289062
1 0.819541058984 0.388359100694 0.0210937347222 0.0408691117188
3 0.746372163281 0.704765132639 0.175781129167 0.042187471875
3 0.706821408594 0.710624504861 0.159374890278 0.0369140375
3 0.575644741797 0.68132765 0.105468677778 0.0197753773437
1 0.51961450625 0.588749588194 0.0234374847222 0.0105468671875
6 0.42403351875 0.678983900694 0.0914061875 0.02241209375
6 0.0399600425781 0.701237301389 0.164086805556 0.0584638085937
6 0.0139333992187 0.656718289583 0.131249909722 0.0278667984375
7 0.0112966816406 0.729374493056 0.154687394444 0.0225933632813
7 0.0384136664062 0.746952604167 0.0960936833333 0.0580077734375
7 0.423374339453 0.700077636806 0.0820311930556 0.0210937351562
7 0.544663317578 0.71765575 0.0562499611111 0.0184570179688
2 0.261216246094 0.664921411111 0.0257812305556 0.031640603125
2 0.232212361328 0.694218265278 0.0609374583333 0.0685546398437
2 0.373935896094 0.690702643056 0.0210937361111 0.0145019421875
2 0.359433953125 0.688358895833 0.0304687277778 0.01450194375
2 0.437876282812 0.68718701875 0.0421874708333 0.0158203015625
2 0.461606734375 0.695390140278 0.0867186888889 0.050097621875
2 0.120151891016 0.712968252083 0.117187418056 0.129199130469
2 0.308017973047 0.716483876389 0.147656147222 0.0988768851562
2 0.497202413281 0.715312 0.117187419444 0.081738225
