2 0.0175044914062 0.492165492361 0.0191338680556 0.0322883953125
2 0.11018414375 0.538937157639 0.133937043056 0.22003943125
2 0.299131046094 0.505984392361 0.1105512125 0.153070909375
2 0.401975561719 0.507047386806 0.0531496263889 0.06218505625
2 0.428284625 0.488976515972 0.0255118208333 0.0191338625
2 0.452201955859 0.495354469444 0.0382677277778 0.0454429257812
2 0.485686216016 0.486850529167 0.038267725 0.0358759945313
2 0.542489873047 0.4857875375 0.0276378027778 0.0107627976563
2 0.557438204297 0.491102497222 0.0425196972222 0.0287007945313
2 0.588530734375 0.483661552083 0.0786614430556 0.0430511953125
2 0.618427395703 0.49535446875 0.0892913652778 0.0597933210937
2 0.700344248047 0.494291475 0.0659055277778 0.0585974570312
2 0.965826603516 0.462401703472 0.0233858347222 0.0657726523437
2 0.523445035156 0.484051605556 0.0168282638889 0.017880028125
