2 0.491814778906 0.675000113194 0.0166461180556 0.0102997859375
2 0.4702788625 0.685820090278 0.0416152972222 0.023408603125
2 0.537227471484 0.690813927083 0.0549321902778 0.0430718320312
2 0.441720365625 0.685820090278 0.0249691777778 0.01123613125
2 0.328890891797 0.707460043056 0.0549321916667 0.0421354867188
2 0.456701871484 0.696640067361 0.0432799097222 0.0337083882812
2 0.426738859375 0.68831700625 0.0366214597222 0.0262176390625
2 0.385539714062 0.699136984722 0.0815659833333 0.0561806484375
2 0.2572605625 0.765721459028 0.168125798611 0.159178510938
2 0.696405980859 0.733261527083 0.239704109722 0.189141524219
2 0.551740806641 0.699969290972 0.0532675791667 0.0402627992187
0 0.145133346875 0.537170245833 0.0549321916667 0.01123613125
0 0.206463891016 0.600425496528 0.0482737430556 0.0102997867187
0 0.305716373047 0.482238058333 0.0416153027778 0.00842709765625
0 0.459744990234 0.507207230556 0.03495685 0.00749075234375
0 0.310866266797 0.479741139583 0.0366214597222 0.00749075546875
0 0.430718320312 0.62123315 0.0199753416667 0.007490753125
0 0.483621766406 0.623730077083 0.0216399541667 0.006554409375
1 0.718025493359 0.359318370833 0.0266337861111 0.0402627992187
1 0.740497753516 0.423405926389 0.0149815027778 0.0271539804688
1 0.747052164062 0.445878185417 0.0166461180556 0.032772046875
1 0.734411517969 0.465021224306 0.0216399541667 0.0093634421875
1 0.603323330859 0.554077959028 0.0133168958333 0.0205995710937
0 0.0344942441406 0.59010491875 0.0449445208333 0.0102997867187
2 0.0424531707031 0.664893543056 0.163131963889 0.0842709757813
3 0.814432152734 0.694143149306 0.126510504167 0.0337083882813
3 0.939902273437 0.684987784028 0.208076484722 0.0505625859375
3 0.577256184766 0.680493336806 0.0599260263889 0.0102997867187
3 0.590365003516 0.684654867361 0.0549321902778 0.0102997867187
