1 0.580252914062 0.281436677083 0.0403654152778 0.0201827078125
1 0.654676655859 0.172674295833 0.0246677583333 0.0403654210937
0 0.490061428125 0.281436678472 0.0201827097222 0.0138756109375
0 0.435189685937 0.287042985417 0.0224252347222 0.01261419375
2 0.476816524609 0.328529669444 0.0246677555556 0.0151370320312
2 0.491322846875 0.347591120139 0.0313953263889 0.0138756125
2 0.494476396484 0.363288780556 0.035880375 0.0151370320313
2 0.512766976563 0.381228969444 0.0807308388889 0.02648980625
2 0.570792269141 0.409260511111 0.154734108333 0.104697808594
2 0.452218846094 0.336378500694 0.0179401847222 0.0138756125
2 0.435820395312 0.3543186875 0.0313953277778 0.0163984515625
2 0.376533683594 0.36328878125 0.0224252347222 0.018921290625
2 0.367703747266 0.371137613194 0.0470929875 0.0189212898437
2 0.335537553516 0.396926632639 0.0941859791667 0.0580252914063
2 0.401762069531 0.393562846528 0.100913551389 0.0643323859375
2 0.290126458984 0.427200695139 0.1143686875 0.0958678726562
0 0.11352774375 0.272466583333 0.0381228944444 0.0201827078125
0 0.143801807422 0.272466585417 0.0336378486111 0.00504567890625
2 0.466725168359 0.365531304167 0.0538205611111 0.0302740664063
0 0.683148692187 0.259972523611 0.0381229 0.01513703125
