0 0.386716601953 0.246288729861 0.0378850208333 0.00623716796875
0 0.311870585547 0.323906821528 0.0323408708333 0.00935575234375
0 0.587865272266 0.266155265278 0.0277207472222 0.00935575234375
0 0.149964097656 0.315590597222 0.0231006222222 0.011954571875
1 0.167456048828 0.328182840278 0.0489733194444 0.0223498523437
1 0.159139824609 0.264425122917 0.0138603736111 0.00779646015625
1 0.308485351172 0.30184813125 0.00739219861111 0.0129941007813
1 0.654388307813 0.279209521528 0.0582135680556 0.0124743359375
0 0.586818987109 0.331416928472 0.0129363486111 0.00623716796875
0 0.522628132422 0.324024728472 0.00739219861111 0.00259881953125
0 0.475329608203 0.351283463194 0.00831622361111 0.00571740546875
2 0.417630394141 0.375587245833 0.0535934444444 0.0317056039062
2 0.363055173437 0.416706353472 0.0822382152778 0.0587333328125
2 0.262480838672 0.430566727083 0.206057551389 0.195431266406
2 0.153590279297 0.447199175 0.108110913889 0.0369032445313
2 0.554588209766 0.415320316667 0.129363486111 0.0727669601562
2 0.498311939062 0.494786456944 0.253182822222 0.171522121875
5 0.0625160558594 0.39555003125 0.244866598611 0.124223597656
7 0.625940238281 0.413568516667 0.0277207472222 0.0296265484375
