0 0.515071072266 0.467921755556 0.0242805972222 0.0122920507812
0 0.502779021094 0.466707725 0.0218525361111 0.0122920515625
2 0.493047834766 0.493705440278 0.019424475 0.0136578351563
2 0.361932620313 0.510701856944 0.0242805944444 0.0245841015625
2 0.521729287109 0.498966229861 0.0315647736111 0.0136578351563
4 0.553483752344 0.495324139583 0.0364208902778 0.0464366359375
2 0.533679892578 0.506250408333 0.0242805972222 0.0150236179688
2 0.478365662109 0.508678468056 0.0291367166667 0.0245841023438
2 0.589677015234 0.514748618056 0.0461331305556 0.0368761539063
2 0.662063538672 0.530531002778 0.131115213889 0.0969706257812
2 0.431929024219 0.509892497917 0.0364208902778 0.035510371875
2 0.281692842187 0.511106527083 0.0194244763889 0.0218525359375
2 0.218866801562 0.520211749306 0.0449190986111 0.032778803125
2 0.156040762891 0.522032795139 0.0485611902778 0.0409735039063
2 0.134188226563 0.518390704861 0.0218525347222 0.051899771875
2 0.127359308984 0.535387121528 0.0315647736111 0.0628260398437
2 0.0672648359375 0.523853838889 0.0400629805556 0.05736290625
1 0.263937656641 0.415198175 0.0485611888889 0.0327788039062
1 0.452074330078 0.473471604861 0.0194244763889 0.0109262679688
1 0.459449560156 0.446520139583 0.0169964152778 0.0109262671875
1 0.875330628906 0.497023781944 0.0422482361111 0.01502361875
3 0.742166740625 0.512320557639 0.0728417875 0.0136578359375
3 0.725777338281 0.515962647222 0.0655576083333 0.0163894015625
2 0.507559263281 0.501567715278 0.0437050694444 0.0218525359375
2 0.016762378125 0.54817740625 0.0790040763889 0.031965465625
