2 0.0580010667969 0.668068311806 0.116110445833 0.116002133594
3 0.122338384766 0.631675485417 0.164634215278 0.0243701960937
3 0.144271561719 0.63774095625 0.166367206944 0.0350930828125
2 0.156944062891 0.634274972222 0.0935815555556 0.161818102344
2 0.226155419531 0.616945054167 0.0901155694444 0.064337315625
2 0.488866134375 0.619544543056 0.0953145472222 0.0263198109375
2 0.561976723047 0.628209499306 0.140372329167 0.0419167367187
3 0.513723734766 0.583151715972 0.109178479167 0.0175465414062
2 0.365552942578 0.647272409028 0.348331334722 0.239802728906
2 0.665793758984 0.671534293056 0.26168175 0.224205805469
2 0.866604174219 0.637740954861 0.315404495833 0.265147734375
2 0.542480566406 0.581418722917 0.0225288930556 0.020470965625
2 0.524446620703 0.578819236111 0.0138639333333 0.0155969242187
