1 0.975107357813 0.1891404875 0.0304687305556 0.027685528125
1 0.758896569141 0.258281066667 0.0187499888889 0.0118652257813
6 0.714731560156 0.371952863194 0.124218665278 0.031640603125
7 0.715390739453 0.423515327778 0.0679687055556 0.0197753773438
3 0.521592044531 0.335624761806 0.0421874708333 0.0065917921875
3 0.524887941016 0.339140386111 0.0445312194444 0.0105468679687
0 0.562461157031 0.252421694444 0.0257812333333 0.0065917921875
0 0.650791175391 0.248906072222 0.0187499888889 0.00659179296875
0 0.644199382812 0.248906072222 0.0187499888889 0.0065917921875
0 0.504453384766 0.291093543056 0.0187499888889 0.0145019429688
1 0.524887941016 0.268827933333 0.0164062388889 0.0105468679687
2 0.582895714063 0.328593518056 0.0187499888889 0.01054686875
2 0.575644741406 0.330937265278 0.0234374833333 0.0092285078125
2 0.565757053516 0.328593515972 0.0281249791667 0.0131835851563
2 0.498520771484 0.329765391667 0.0398437222222 0.0210937351563
2 0.668589014063 0.342656008333 0.0421874722222 0.023730453125
2 0.684409315625 0.347343504167 0.0468749666667 0.0290038859375
2 0.726596786328 0.357890370833 0.0867186888889 0.0711913570313
2 0.462925092578 0.329765390972 0.100781179167 0.0553710554688
2 0.445786431641 0.352031001389 0.0843749416667 0.0421874695312
2 0.401621424219 0.344999755556 0.135937405556 0.05932613125
2 0.340317755078 0.3696091125 0.133593655556 0.0949218101563
2 0.550595930859 0.330937266667 0.0421874722222 0.0224120929688
2 0.218369596094 0.393046597222 0.189843619444 0.188525260937
2 0.873593755859 0.418827829861 0.203906106944 0.193798694531
4 0.627060722266 0.319218523611 0.0843749416667 0.0461425460937
0 0.0264523875 0.156456947917 0.0625827791667 0.0291680453125
