2 0.454961620703 0.433590519444 0.0416549861111 0.0223658867187
2 0.432595734766 0.432643813889 0.0246143083333 0.0181057179688
2 0.416620101172 0.444004264583 0.0435483930556 0.0330163085938
2 0.395851778516 0.44495096875 0.0416549847222 0.0213008445313
2 0.382006229297 0.446844376389 0.05680225 0.0255610132812
2 0.357510257812 0.449684489583 0.0889901930556 0.04686185625
2 0.310115879687 0.454418011111 0.113604502778 0.079878165625
2 0.476794985937 0.43359051875 0.0227209013889 0.0085203375
2 0.489575492578 0.440217447917 0.0359747597222 0.0149105914062
2 0.504486084375 0.444004264583 0.0397615763889 0.0255610140625
2 0.522591801172 0.451577897222 0.0473352083333 0.0234309289063
2 0.542295082422 0.450631194444 0.0833099694444 0.0351463929688
2 0.565193489844 0.461991644444 0.0984572361111 0.0447317734375
2 0.619510642969 0.458204827083 0.159046301389 0.123544896875
2 0.730807553906 0.491339474306 0.251823315278 0.214073484375
2 0.221717376172 0.491339474306 0.157152895833 0.145910783594
3 0.904941955859 0.468618574306 0.187447429167 0.0468618570312
2 0.946478602344 0.662692931944 0.378681675 0.1043741375
