1 0.486901809766 0.370279075694 0.0218525375 0.0177551882812
1 0.506022777344 0.372707134028 0.0169964180556 0.0150236203125
2 0.140675698047 0.454926288194 0.346542768056 0.281351396094
2 0.338031410547 0.401843847917 0.0509892486111 0.0396077210938
2 0.295009230469 0.407913997917 0.0631295486111 0.0546313390625
2 0.388565398437 0.386061460417 0.0922662569444 0.047802421875
2 0.452074330078 0.356924747917 0.0388489513889 0.0300472367188
2 0.417246851562 0.394559671528 0.0364208958333 0.0204867515625
2 0.432270469922 0.390917577083 0.0242805958333 0.0150236179688
2 0.526509530859 0.40184385 0.0655576083333 0.0478024210937
2 0.555873874219 0.424910411111 0.0922662638889 0.060094475
2 0.626211722266 0.440692802778 0.143255513889 0.121554728906
2 0.466415056641 0.437050713889 0.126259094444 0.0942390601562
