1 0.757526833984 0.441229474306 0.0405063152778 0.0256329023437
1 0.638381313672 0.475828616667 0.0320674972222 0.0151898679688
2 0.609623958984 0.521181223611 0.0337552611111 0.0170886007812
2 0.572123976172 0.516117934722 0.0236286833333 0.0142405007812
2 0.560731575391 0.5228689875 0.0371307888889 0.0237341679687
2 0.542218925391 0.525400630556 0.0523206555556 0.0170886007813
2 0.470067055469 0.516117934028 0.0371307847222 0.0322784671875
2 0.437313904297 0.524556749306 0.0405063125 0.0332278351562
2 0.5136073875 0.526582064583 0.108016834722 0.0588607359375
2 0.646518724609 0.5358647625 0.0995780166667 0.0740506007813
2 0.130063239063 0.556961797917 0.182278406944 0.18227840625
