2 0.522729133594 0.63593705 0.215624852778 0.135790920312
4 0.348046636719 0.570312096528 0.0468749680556 0.0527343390625
2 0.657201696875 0.578124579861 0.0515624652778 0.038232396875
2 0.616991762891 0.584765203472 0.0351562236111 0.0263671679688
1 0.571508396094 0.542577734028 0.0117187430556 0.02241209375
1 0.765307091016 0.521818828472 0.0351562236111 0.0118652257813
2 0.182114739844 0.566015234722 0.0257812305556 0.0210937375
5 0.452946770703 0.571093350694 0.0531249763889 0.0275042570313
2 0.429784860547 0.57265584375 0.0234374819444 0.0158203007812
3 0.413958428906 0.582053219444 0.0204030333333 0.0066947453125
1 0.408379464844 0.5198522875 0.0119017694444 0.0076511375
1 0.426072720313 0.524102919444 0.0136020222222 0.0066947453125
1 0.409335857031 0.536854815278 0.015302275 0.005738353125
