2 0.374088094141 0.55359756875 0.0291367125 0.0204867507812
2 0.353601341406 0.556025628472 0.0339928319444 0.028681453125
2 0.328334347656 0.562095775694 0.0509892486111 0.043705071875
2 0.515446684375 0.549955479861 0.0267086569444 0.013657834375
2 0.560517538281 0.549955479167 0.0946943222222 0.02731566875
2 0.604222609766 0.556025627083 0.121402976389 0.0874101429688
2 0.716899744922 0.579092194444 0.177248344444 0.178917635156
2 0.0913709152344 0.596088610417 0.0946943208333 0.0641918226563
2 0.881954678906 0.599730698611 0.424910413889 0.230817407812
2 0.0358518171875 0.593660549306 0.179676404167 0.071020740625
2 0.248231147266 0.570593986806 0.0995504402778 0.0860443585937
2 0.481097228516 0.569379955556 0.1019785 0.0710207414063
1 0.510461573047 0.526888914583 0.0121402958333 0.0150236179688
1 0.500901088672 0.44797698125 0.0145683569444 0.0204867523437
1 0.515241815625 0.468615485417 0.0315647736111 0.051899771875
1 0.583530989844 0.458903247917 0.0315647736111 0.0546313390625
1 0.550069294531 0.05584536875 0.104406559722 0.32642225
1 0.907221672656 0.0449191006944 0.0874101430556 0.183014984375
