0 0.244289414844 0.343622603472 0.0290816458333 0.0068877578125
0 0.416483368359 0.328316472917 0.0260204180556 0.00688775859375
0 0.249250749609 0.344387909722 0.0229591944444 0.00430484921875
0 0.238488626953 0.343622603472 0.0244898069444 0.00516581796875
0 0.447273798047 0.310714426389 0.0229591944444 0.00774872890625
0 0.344818395703 0.381122620833 0.0168367444444 0.00344388203125
0 0.355580516797 0.394898135417 0.0168367430556 0.00602678828125
0 0.387005913672 0.39413283125 0.00918367638889 0.00688775859375
0 0.383992520312 0.404081813194 0.0076530625 0.007748728125
1 0.188552380859 0.342857297222 0.0229591944444 0.00688775859375
1 0.187260926953 0.368112410417 0.00918367638889 0.0111926070313
1 0.190704805078 0.378061394444 0.0107142916667 0.0111926070313
1 0.313823483203 0.365051183333 0.0122449027778 0.00947066796875
1 0.460618828125 0.32755116875 0.0107142902778 0.0103316359375
1 0.462340768359 0.335204233333 0.0107142916667 0.0137755164062
1 0.458035919531 0.3535715875 0.0107142916667 0.0086096984375
1 0.455883495313 0.363520570139 0.00918367638889 0.018080365625
1 0.455022526172 0.375000170139 0.0107142902778 0.0198023054687
1 0.482573558203 0.247193988889 0.0336734833333 0.0146364851562
1 0.489891801563 0.277040940278 0.0260204194444 0.01549745625
1 0.489891801953 0.308418506944 0.0183673555556 0.0137755164062
1 0.513998955859 0.359694038194 0.0076530625 0.0103316382812
1 0.506250226953 0.368112409028 0.00612245138889 0.0137755164063
1 0.507972166406 0.375765475 0.00918367777778 0.013775515625
1 0.591916719922 0.358928733333 0.0275510305556 0.0111926070313
1 0.665099150391 0.335204232639 0.0382653236111 0.0163584257812
1 0.675861273437 0.430102234028 0.0168367430556 0.0086096984375
1 0.540258533984 0.339030763889 0.0183673527778 0.00774872890625
1 0.484295496484 0.390306297917 0.0352040986111 0.00774872578125
0 0.503667317969 0.391836909722 0.0107142916667 0.0094706671875
0 0.310810089062 0.406377733333 0.0122449027778 0.0060267890625
1 0.3151149375 0.402551200694 0.0076530625 0.0094706671875
1 0.325016090234 0.399489975694 0.0137755180556 0.00688775859375
6 0.247098325 0.430867540278 0.0183673555556 0.0086096984375
7 0.246667840234 0.449234895833 0.0214285805556 0.00774872890625
3 0.493766165625 0.427806315278 0.0551020666667 0.0094706671875
3 0.223421657031 0.44158183125 0.0367347097222 0.0094706671875
3 0.563935201172 0.440051221528 0.153061298611 0.0266900632812
3 0.541980473047 0.450765509722 0.143877616667 0.0223852148438
3 0.528635442188 0.446938977083 0.151530681944 0.023246184375
7 0.614301935547 0.435459378472 0.0306122569444 0.0198023085937
2 0.415417916797 0.422449169444 0.0107142916667 0.00774872890625
2 0.403364339063 0.420918555556 0.0137755111111 0.007748728125
2 0.396476582031 0.420918556944 0.0168367444444 0.007748728125
2 0.380548639453 0.414796105556 0.00765306388889 0.0103316351562
2 0.386144944531 0.424745088194 0.0153061291667 0.0094706671875
2 0.350414698047 0.420918557639 0.0198979680556 0.0137755164063
2 0.360746336328 0.430867540278 0.0214285805556 0.00860969765625
2 0.316406391797 0.429336927778 0.0183673555556 0.00602678828125
2 0.151100194922 0.446938976389 0.0535714527778 0.0387436398437
1 0.0964286140625 0.355867506944 0.00918367777778 0.0086096984375
1 0.0985810386719 0.365816490972 0.0107142902778 0.0180803648438
1 0.105468797266 0.391836911111 0.0137755166667 0.00602678828125
2 0.0774872792969 0.464541025 0.125510261111 0.154974558594
2 0.286272448828 0.430867540278 0.0704081944444 0.0439094554687
2 0.327168514453 0.428571620833 0.0229591944444 0.0137755164063
2 0.343096455078 0.428571620833 0.0229591944444 0.0163584257812
2 0.373230397266 0.433928765278 0.0336734833333 0.0284120023438
2 0.435220220703 0.427041008333 0.044387775 0.0266900632813
0 0.187117427344 0.404336911806 0.0107142902778 0.013775515625
