0 0.441845582422 0.265887403472 0.0160927152778 0.00502897265625
0 0.451400633203 0.26320528125 0.0143046319444 0.00402317890625
0 0.429273149219 0.260523164583 0.0160927125 0.0040231796875
0 0.424244175781 0.242642368056 0.0160927138889 0.0060347671875
2 0.377692886328 0.294496672917 0.0339735097222 0.0175348304688
2 0.354844344531 0.296284750694 0.0518543041667 0.0321854296875
2 0.272369183203 0.293602632639 0.0929801291667 0.0683940367188
2 0.229622908984 0.307907269444 0.100132447222 0.0734230101563
2 0.162234666406 0.323999983333 0.125165558333 0.0975620828125
2 0.0687963488281 0.346692060417 0.2049469625 0.137592697656
2 0.487106342578 0.297178791667 0.0500662222222 0.0251448679687
2 0.51778308125 0.301648990278 0.09119205 0.038220196875
2 0.584165529297 0.357973491667 0.135894036111 0.112649002344
2 0.541922151953 0.314165545833 0.09119205 0.0523013226563
1 0.580645248047 0.200622502778 0.0178807916667 0.0291680460938
1 0.566564121875 0.175589391667 0.0178807944444 0.0211216875
1 0.568575709766 0.129993366667 0.041125825 0.0231332773437
1 0.569581506641 0.0736688673611 0.0643708597222 0.0211216882812
1 0.657085641406 0.182741709028 0.0715231736111 0.031179634375
1 0.314109661719 0.219397336111 0.0160927138889 0.0150869203125
1 0.302040125391 0.197046346528 0.0143046347222 0.0150869195313
