2 0.648976900781 0.55718664375 0.121971206944 0.0997946234375
2 0.611086137109 0.523921769444 0.0776180388889 0.116946824219
2 0.436445546484 0.50798235 0.0845482194444 0.107591077344
2 0.518698146875 0.505903297222 0.0526693833333 0.02260971875
2 0.523765842578 0.509368386806 0.0485112736111 0.0311858195312
2 0.884897630859 0.553028534028 0.0831621847222 0.0873202945312
3 0.450946950781 0.516991588194 0.102566695833 0.015592909375
3 0.423659358594 0.512140459028 0.106724804167 0.02027078125
3 0.767249132031 0.539168170833 0.0748459666667 0.0194911375
3 0.687179530859 0.514219513194 0.0471252375 0.0109150367187
3 0.748771523437 0.53085195 0.0803901111111 0.0218300734375
2 0.547233163672 0.498973113194 0.0166324375 0.0101353914062
3 0.577249516016 0.496201042361 0.0221765847222 0.00623716484375
3 0.559707492578 0.505210276389 0.0291067638889 0.0101353914062
3 0.540606176953 0.52322875 0.0512833472222 0.00779645390625
1 0.315288635937 0.126822331944 0.0900923694444 0.0452194390625
1 0.744327558984 0.413038855556 0.0110882916667 0.0194911382813
0 0.891914440625 0.446303728472 0.0277207291667 0.018711490625
0 0.443540319922 0.340964961806 0.0166324375 0.0101353914062
0 0.425062724609 0.439373546528 0.0194045097222 0.00935574609375
0 0.535382560938 0.474024459028 0.0138603652778 0.00545751875
0 0.752279928125 0.454619948611 0.0194045111111 0.010135390625
0 0.694586162109 0.31463026875 0.0415810930556 0.0101353914062
1 0.876711352734 0.311165177083 0.0152463986111 0.0210504289063
0 0.453285886719 0.352746269444 0.0318788361111 0.0077964546875
0 0.706124928516 0.321560451389 0.0360369472222 0.0101353914062
0 0.375009481641 0.409573765278 0.0235626194444 0.0155929101563
