7 0.714565001563 0.468019183333 0.116649158333 0.0432099765625
7 0.639747725781 0.433166690278 0.0896206944444 0.050411640625
7 0.642948464063 0.436011790972 0.0981559986111 0.0488112703125
7 0.603339318359 0.428187763889 0.0711275361111 0.0320073914063
3 0.235254323047 0.41396225625 0.133719765278 0.0304070210938
3 0.624144122656 0.395469095139 0.0825079375 0.0176040640625
3 0.690559458203 0.408272052778 0.136564863889 0.0304070210938
3 0.724167219141 0.410405877778 0.129452111111 0.0272062820312
3 0.744571930469 0.408983326389 0.149367825 0.0280064671875
2 0.385288967969 0.416096081944 0.0810853916667 0.0648149671875
2 0.535723705078 0.403293125694 0.115226606944 0.0776179210937
2 0.481711233203 0.374842111111 0.0327186666667 0.0224051726563
2 0.438101162891 0.383377415278 0.0327186666667 0.0264060976562
8 0.394891185156 0.399025474306 0.0697049847222 0.0728168140625
5 0.523720933984 0.359905328472 0.0711275347222 0.0456105320313
1 0.182842220703 0.2020022 0.0341412166667 0.0296068367187
1 0.321674279297 0.275263561111 0.0270284611111 0.0160036960937
1 0.616542366797 0.275974835417 0.0825079402778 0.0200046195312
0 0.953929214844 0.164928790278 0.0639810027778 0.03478966875
