1 0.857343501172 0.259948759028 0.0450577847222 0.0204709664063
1 0.850032441797 0.201027039583 0.0207958986111 0.0194961570313
1 0.677004048828 0.309339021528 0.0121309430556 0.0146221179687
1 0.669692990625 0.277278675694 0.0103979513889 0.0175465421875
1 0.140372329687 0.219223452778 0.0155969277778 0.0175465421875
1 0.135985694141 0.239152858333 0.0138639361111 0.0360678898437
1 0.284643891016 0.292009105556 0.015596925 0.0194961570313
1 0.284643891797 0.268613717361 0.0242618847222 0.0116976945313
1 0.358241883594 0.337933386806 0.0311938513889 0.0321686578125
0 0.142321945313 0.266014229861 0.0225288930556 0.0077984625
0 0.675054433594 0.331001419444 0.0173299166667 0.008773271875
0 0.861730135156 0.303273552778 0.0173299194444 0.01169769375
0 0.345081978125 0.155969254861 0.0727856541667 0.0194961578125
0 0.564901146875 0.215757469444 0.0433247916667 0.0087732703125
0 0.453285648828 0.309339022917 0.0190629097222 0.00584884765625
0 0.406494871875 0.309339022917 0.0259948763889 0.005848846875
0 0.489353537891 0.3639282625 0.0138639333333 0.00584884765625
1 0.493252770313 0.343998857639 0.0155969263889 0.0077984640625
2 0.204222242969 0.388190147222 0.0762516333333 0.06141289375
2 0.235903498047 0.379525188889 0.0485237694444 0.0214457726563
2 0.356779671484 0.383857667361 0.0537227430556 0.0350930820313
2 0.518110369922 0.4055200625 0.0831836027778 0.0555640476563
2 0.801292049219 0.406386560417 0.0675866791667 0.0545892390625
3 0.836872535156 0.375192707639 0.0675866791667 0.028269428125
2 0.63752433125 0.401187584028 0.129974379167 0.093581553125
5 0.429890260156 0.438446906944 0.239152858333 0.146221176563
2 0.286593506641 0.399454592361 0.129974379167 0.105279249219
2 0.847595422266 0.627343003472 0.526829484722 0.303165239844
