0 0.510408490625 0.320669333333 0.0716512444444 0.013434609375
0 0.528321301953 0.332611208333 0.0659646388889 0.0121551226562
0 0.497293753516 0.323512638194 0.0545914263889 0.0127948648438
1 0.504650802344 0.483874949306 0.0409435708333 0.015993584375
1 0.652431496484 0.37639808125 0.0238837486111 0.0198320414062
0 0.3907765 0.605568336111 0.0136478527778 0.0057576890625
0 0.372543814844 0.610686281944 0.0147851777778 0.0076769171875
0 0.38182009375 0.605568335417 0.0159224986111 0.0019192296875
0 0.401012392578 0.604999674306 0.0147851763889 0.00319871796875
1 0.441955960547 0.607842978472 0.0159224986111 0.00703717578125
2 0.371370966406 0.629507376389 0.0102358916667 0.0076769203125
2 0.366572891797 0.63576264375 0.0113732152778 0.00575768828125
2 0.361135073828 0.639743265972 0.0170598180556 0.00639743359375
2 0.347700466406 0.640311928472 0.0159224986111 0.0076769203125
2 0.337464573047 0.640880590278 0.0193344666667 0.0115153789063
2 0.324349835937 0.642017909028 0.0216091041667 0.0134346078125
2 0.316353045703 0.64315523125 0.0261583902778 0.0140743539063
2 0.305477409375 0.643723890972 0.0363942847222 0.012794865625
2 0.300359464844 0.651116478472 0.0329823180556 0.0191922984375
2 0.281806908984 0.652253798611 0.046630175 0.0230307570312
2 0.264533840234 0.65111648125 0.0693766041667 0.0268692179688
2 0.242782569922 0.655097104861 0.0727885680556 0.0409435710938
2 0.192242851953 0.675568890972 0.0750632097222 0.0703717585937
2 0.403038277734 0.622079244444 0.0193344611111 0.0102358914063
2 0.407836352344 0.631746478472 0.0204717875 0.012155121875
2 0.415193400391 0.635158439583 0.0181971402778 0.00639743359375
2 0.423829933203 0.640276384028 0.0261583902778 0.0108756351562
2 0.433106210938 0.637433082639 0.0204717875 0.012794865625
2 0.443661975 0.639139065278 0.0284330333333 0.013434609375
2 0.458376071484 0.640845047917 0.0318449986111 0.0223910148437
2 0.480767085937 0.641982367361 0.0568660680556 0.0313474203125
2 0.502838228125 0.647100315278 0.0602780333333 0.0345461359375
2 0.538983722266 0.64937495625 0.0762005319444 0.0582166367187
0 0.678767626563 0.5271129125 0.0318449972222 0.0179128125
1 0.674289422656 0.471384164583 0.0204717875 0.019192296875
1 0.656696483203 0.490149968056 0.0193344666667 0.0159935820313
0 0.651258665234 0.531093536111 0.0261583916667 0.0115153804688
0 0.06429421875 0.565213178472 0.0307076763889 0.0083166609375
0 0.0550179402344 0.56691915625 0.0295703569444 0.0115153789063
2 0.355478877344 0.642421433333 0.0257812333333 0.009228509375
