1 0.182350560937 0.432715216667 0.0429139055556 0.02715645625
1 0.346797989063 0.409470182639 0.0357615875 0.0221274828125
1 0.371942854687 0.413046342361 0.0250331125 0.0160927140625
1 0.404128283203 0.430033097222 0.019668875 0.0181043039062
2 0.480568678516 0.507814551389 0.0679470194444 0.0462665523437
2 0.437822405859 0.498874153472 0.0286092708333 0.0191100992187
2 0.414186230078 0.487251636806 0.0160927125 0.0140811242188
2 0.380995007031 0.480993361111 0.0286092694444 0.02011589375
2 0.316121251172 0.469370842361 0.0125165569444 0.0211216867187
2 0.357358831641 0.478311241667 0.019668875 0.0130753320312
2 0.429273151172 0.490827796528 0.0160927152778 0.0120695367187
0 0.377977623438 0.442549654167 0.0125165555556 0.0080463578125
0 0.391052952734 0.4461258125 0.00894039722222 0.00804635703125
0 0.403122489453 0.447913891667 0.0125165555556 0.00804635703125
1 0.654068257812 0.490827796528 0.0339735097222 0.0191100984375
