2 0.905569886719 0.4469883125 0.0701575 0.0861023859375
2 0.775220441797 0.440610359028 0.0403937125 0.0861023867187
2 0.662211058984 0.443799336111 0.0595275777778 0.118390780469
2 0.579696272266 0.450177290972 0.0510236375 0.0968651835938
2 0.451738560547 0.460807214583 0.0637795458333 0.106432114844
2 0.209575599219 0.450177290972 0.0807874236111 0.18655516875
1 0.577603506641 0.376299316667 0.0318897722222 0.0143503976563
1 0.778509073437 0.290196930556 0.02125985 0.0334842609375
1 0.691210820703 0.335905605556 0.0148818944444 0.0167421304688
1 0.441872662109 0.343346550694 0.0170078791667 0.0155462648438
4 0.774522876562 0.412441059028 0.0892913625 0.119586646875
4 0.230802229687 0.401102474306 0.1346457125 0.461604459375
