1 0.82225041875 0.225635517361 0.0277278680556 0.024370196875
1 0.662869335547 0.262028345139 0.0277278680556 0.0233953882813
1 0.66384414375 0.23083449375 0.0277278680556 0.0214457734375
2 0.465958150781 0.419730588889 0.0277278694444 0.0233953875
2 0.491303153906 0.416264609028 0.0346598375 0.0292442359375
2 0.513236330469 0.414531616667 0.0415918 0.0321686578125
2 0.536631719531 0.413665120833 0.0398588083333 0.020470965625
2 0.558564895703 0.412798625 0.0554557361111 0.0331434664062
2 0.580010669141 0.410199138889 0.0467907777778 0.0253450039062
2 0.588296534375 0.413665121528 0.0537227430556 0.0243701953125
2 0.618028173047 0.402400675 0.0762516361111 0.0565388554687
2 0.744753194922 0.400667681944 0.110911469444 0.0974807835937
2 0.788132142578 0.410199136806 0.0953145430556 0.0945563617187
2 0.856368693359 0.407599650694 0.100513520833 0.116002133594
2 0.388948330469 0.403267170139 0.0121309430556 0.0077984625
2 0.372864000781 0.411065633333 0.0242618861111 0.0126725015625
2 0.364578133984 0.420597084028 0.0294608597222 0.0155969242188
2 0.336308705859 0.419730590972 0.0415918013889 0.0116976945312
5 0.311451107422 0.404133665278 0.117843436111 0.0419167367187
2 0.931428896484 0.397201697222 0.131707372222 0.135498289844
2 0.952874669141 0.400667681944 0.128241388889 0.0926067445312
2 0.943126590234 0.340879465972 0.0606547097222 0.112102902344
2 0.971396017578 0.418864095139 0.1334403625 0.0555640476563
2 0.656533083594 0.424063070833 0.119576427778 0.09260674375
2 0.4099067 0.417131104167 0.0641206944444 0.043866353125
5 0.408931891016 0.378138790972 0.0277278680556 0.0282694273437
4 0.148170792969 0.363408359722 0.490436658333 0.296341585937
