2 0.12445308125 0.438124840972 0.0712499736111 0.042187484375
2 0.0711913816406 0.454062335417 0.0393749847222 0.0369140507812
2 0.111269492578 0.4503123375 0.0618749777778 0.0411327992188
2 0.0300585832031 0.455937336111 0.0543749805556 0.0326953007813
2 0.0137109324219 0.463437333333 0.0318749888889 0.0274218648437
2 0.164531192578 0.4503123375 0.0206249916667 0.0126562460938
2 0.194062432031 0.4493748375 0.0187499916667 0.0126562453125
2 0.209355395703 0.464374834722 0.0412499861111 0.0284765523438
2 0.394452986719 0.485937325694 0.133124954167 0.103359339063
2 0.227812420312 0.461249838889 0.0412499861111 0.01687499375
0 0.108105430469 0.370624865972 0.0187499930556 0.0116015578125
0 0.203027272266 0.383749860417 0.0187499930556 0.00949218359375
0 0.255761628906 0.434374842361 0.0187499930556 0.0116015578125
3 0.279492089453 0.466562327083 0.0393749847222 0.00632812265625
3 0.274218653906 0.469374826389 0.0412499888889 0.008437496875
3 0.255234285547 0.471249825694 0.0299999902778 0.00843749609375
3 0.336445194531 0.478749822917 0.0524999819444 0.0105468703125
3 0.532089657031 0.483437322222 0.0656249777778 0.0263671765625
3 0.641601341016 0.502812320139 0.0918749680556 0.0232031179687
3 0.608378695312 0.511249816667 0.157499944444 0.028476553125
3 0.575156051953 0.513124816667 0.153749947222 0.0379687382812
3 0.709277095703 0.497187320833 0.125624955556 0.0305859273438
3 0.772030980078 0.502812319444 0.136874952778 0.0337499882813
3 0.810527060156 0.501874820139 0.131249954167 0.0411327984375
3 0.853769232422 0.506562318056 0.14062495 0.0411327976563
3 0.969257473047 0.520624813889 0.116249961111 0.0274218648437
0 0.620156033203 0.369687365278 0.0393749861111 0.0126562460938
1 0.593788854297 0.288437390278 0.0543749833333 0.0253124898438
1 0.596425572266 0.236562397917 0.0243749930556 0.0200390554688
1 0.602753695313 0.34656236875 0.0431249847222 0.0221484296875
1 0.368613151563 0.318437379167 0.0506249833333 0.01582030625
0 0.258398346875 0.376874868056 0.0262499916667 0.008437496875
