0 0.483359649219 0.355546623611 0.0257812333333 0.009228509375
0 0.526865478125 0.364921618056 0.0257812305556 0.0092285078125
0 0.582895714063 0.415312206944 0.0234374833333 0.01054686875
1 0.406235679297 0.388774536111 0.0172371083333 0.0131835851563
1 0.583554892969 0.39070285 0.0164062361111 0.0145019421875
1 0.735825295312 0.254765440972 0.0304687291667 0.013183584375
1 0.741098728906 0.286406044444 0.0328124777778 0.031640603125
1 0.8940283125 0.204374853472 0.0937499375 0.0527343390625
1 0.896665028516 0.274687303472 0.0328124763889 0.0290038851562
2 0.484018828906 0.424687201389 0.0281249805556 0.01054686875
2 0.478086215625 0.428202823611 0.0210937361111 0.011865225
2 0.441831357031 0.458671552778 0.0492187166667 0.0158203015625
2 0.432602848047 0.461015302778 0.0492187166667 0.0184570179687
2 0.422715158984 0.465702796528 0.0492187152778 0.0145019429687
2 0.411509113281 0.462187174306 0.0562499597222 0.023730453125
2 0.39700716875 0.468046547222 0.0632812055556 0.0210937359375
2 0.5710304875 0.45281218125 0.0374999736111 0.013183584375
2 0.580918176172 0.450468433333 0.0656249555556 0.0145019445312
2 0.607944525 0.452812181944 0.0796874444444 0.0527343390625
4 0.547959214063 0.428202822917 0.0351562236111 0.0250488109375
2 0.464902630859 0.445780938194 0.0374999736111 0.0197753757813
2 0.509726818359 0.429374697222 0.0234374833333 0.0171386601563
2 0.552573469141 0.445780938194 0.0374999736111 0.0210937351563
2 0.493247337891 0.453984055556 0.0492187166667 0.0316406023437
2 0.656723787891 0.476249667361 0.0984374319444 0.0738280742187
2 0.354160519922 0.464530924306 0.112499923611 0.0909667335937
