2 0.458016858984 0.527031661111 0.0276378027778 0.0119586648438
2 0.446656127344 0.523842684028 0.0297637875 0.010762796875
5 0.401295415625 0.490677306944 0.125007880556 0.075175159375
2 0.527137962891 0.523842684028 0.0212598486111 0.00717519921875
2 0.534313162109 0.52596866875 0.0255118180556 0.0143503976563
2 0.546869760937 0.525968669444 0.0467716666667 0.0203297296875
2 0.564209823438 0.534472608333 0.0552756055556 0.0191338640625
2 0.597694085156 0.530220638194 0.0850393930556 0.0550098578125
5 0.163435082031 0.465590679861 0.323149695833 0.25352369375
1 0.303949392187 0.384803256944 0.0510236388889 0.0227214625
2 0.883909751562 0.595700945833 0.340157575 0.2296063625
