1 0.457672283984 0.399454593056 0.0121309416667 0.0204709648437
1 0.440125742578 0.428915452083 0.0433247930556 0.0594632789063
1 0.500076424609 0.432381435417 0.0329268430556 0.0233953882813
1 0.540530950391 0.455776824306 0.0311938513889 0.0185213492188
1 0.329972455859 0.397721601389 0.0225288916667 0.0243701960937
1 0.329485051953 0.436713914583 0.0485237680556 0.0311938507813
2 0.0891949179687 0.654204377083 0.459242809722 0.178389835937
2 0.439150934766 0.54069341875 0.0485237680556 0.0302190429688
2 0.502026040625 0.54329290625 0.0537227430556 0.0350930828125
2 0.292929757813 0.53549444375 0.0346598347222 0.036067890625
2 0.464983342578 0.551957864583 0.0225288930556 0.0136473101563
2 0.14670858125 0.532028460417 0.0519897541667 0.0497152015625
