2 0.273081472266 0.484452785417 0.0210937375 0.0131835835938
2 0.290879312109 0.496171525694 0.0445312180556 0.0276855273438
2 0.55257346875 0.489140281944 0.0398437222222 0.05537105625
2 0.757578210156 0.489140373611 0.0492188972222 0.061962846875
7 0.677158344141 0.503202771528 0.0398437236111 0.0224120945312
2 0.345591189453 0.505546519444 0.124218663889 0.0949218101562
0 0.406235677344 0.429374697917 0.0234374847222 0.00791015
5 0.439194639844 0.505546520833 0.0960936833333 0.0843749421875
2 0.932919887109 0.614530820833 0.239062333333 0.133154205469
1 0.26754995 0.447187345139 0.0356249875 0.0126562453125
