3 0.839516404687 0.486854828472 0.159458290278 0.0384408375
5 0.509172496484 0.481971671528 0.0527531208333 0.0182088179688
2 0.544983175391 0.471780727083 0.0107904125 0.00472080390625
2 0.526774357422 0.485740479861 0.00993549305556 0.00876720859375
2 0.554761985156 0.48496900625 0.0107904097222 0.0080928078125
2 0.5827496125 0.483770071528 0.0155861486111 0.0047208046875
2 0.589156417578 0.486767406944 0.0119893472222 0.0121392117187
2 0.596237625781 0.485568474306 0.0143872125 0.0128136125
2 0.597586426562 0.489764744444 0.01558615 0.0114648109375
2 0.506205137891 0.500555154861 0.0515541847222 0.0134880132812
5 0.439555960937 0.421388009028 0.306927229167 0.143647339062
5 0.0580904230469 0.492724615278 0.423223880556 0.116180846094
