1 0.626801444531 0.376059204861 0.0311938513889 0.015596925
1 0.657020488281 0.369993735417 0.0363928291667 0.0233953875
1 0.637036927344 0.354396808333 0.0502567611111 0.03021904375
1 0.578061051953 0.418517502083 0.0259948763889 0.0136473101563
1 0.53809393125 0.39685510625 0.0103979513889 0.015596925
1 0.522984408984 0.386457154167 0.0173299194444 0.0107228851562
1 0.412343717969 0.376059205556 0.0138639361111 0.0194961546875
0 0.443050166406 0.369993733333 0.0294608583333 0.008773271875
0 0.511774119531 0.383857667361 0.0259948763889 0.005848846875
0 0.520059985938 0.418517502083 0.0155969263889 0.0068236546875
2 0.549791624609 0.476572725 0.0935815527778 0.0623877007813
2 0.350930825391 0.474839734722 0.0693196694444 0.0604380867187
2 0.471319594141 0.487837171528 0.171566179167 0.114052517969
