1 0.811810400781 0.198088813889 0.0266337888889 0.0505625859375
1 0.831473628516 0.166461188194 0.0233045652778 0.0299630148437
1 0.796360722656 0.146485844444 0.0332922388889 0.0290266703125
1 0.827728251562 0.0532675805556 0.0732429222222 0.0168541953125
1 0.597387584766 0.322102397917 0.0482737458333 0.0224722601563
0 0.470044776563 0.317108560417 0.0216399541667 0.007490753125
0 0.392328210156 0.318773172222 0.0216399527778 0.0093634421875
0 0.829477460547 0.268834819444 0.0516029694444 0.0264645960938
0 0.853009544531 0.2646732875 0.0499383555556 0.0168541953125
2 0.459276817578 0.374537669444 0.0299630138889 0.00842709765625
2 0.468172088281 0.372873059028 0.0366214597222 0.0112361296875
2 0.476599185938 0.376202283333 0.0399506833333 0.0168541953125
2 0.492517036719 0.37953150625 0.0599260263889 0.01498150625
2 0.426972944531 0.374537670833 0.0166461194444 0.018726884375
2 0.417141330859 0.384525341667 0.0399506833333 0.0252812929687
2 0.406373373047 0.411991438889 0.0516029694444 0.0374537679688
2 0.375005842969 0.413464543056 0.0711952972222 0.05524430625
2 0.339892935937 0.406165295139 0.0366214597222 0.020599571875
2 0.330997666797 0.4086622125 0.0382860722222 0.0177905398437
2 0.315547987891 0.402836072917 0.0532675819444 0.0374537679687
2 0.299630136719 0.409494520139 0.0532675791667 0.0243449484375
2 0.280903253516 0.418649884028 0.0582614152778 0.0374537679687
2 0.242513141797 0.425308333333 0.0848952055556 0.0617987164063
2 0.198504964844 0.449445204861 0.0965474875 0.059926028125
2 0.0992524820313 0.457768264583 0.143156620833 0.159178510938
2 0.515457469141 0.396177625694 0.0499383541667 0.0327720460937
