3 0.040168471875 0.395648815278 0.0221032833333 0.009563921875
2 0.02677898125 0.424553113889 0.0561083416667 0.0535579625
2 0.017215059375 0.477771032639 0.119017695833 0.03443011875
1 0.133416708984 0.358753336111 0.0238035388889 0.0124330960938
1 0.367254600781 0.346851565278 0.0238035388889 0.015302275
1 0.24866196875 0.248236904861 0.0442065708333 0.0286917640625
1 0.246959116797 0.111620990278 0.0430151861111 0.0329371992187
1 0.721980486328 0.176826288889 0.0680101111111 0.0219970210938
1 0.909911551953 0.294143730556 0.0510075833333 0.0114767054687
1 0.922822845703 0.140270852778 0.015302275 0.0277353726562
1 0.91230253125 0.0790617548611 0.0731108680556 0.0105203140625
1 0.248088142578 0.2898931 0.0357053083333 0.0210406289063
0 0.741108330469 0.317097144444 0.0289042972222 0.0162586671875
2 0.508226802734 0.386807506944 0.0255037916667 0.0114767054688
2 0.516929977344 0.399559402778 0.0272040444444 0.012433096875
2 0.528406684766 0.398709276389 0.0323048027778 0.0219970210938
2 0.546578135937 0.40125965625 0.0408060680556 0.0296481578125
2 0.40790126875 0.399559404167 0.0340050583333 0.0181714515625
2 0.304610912109 0.395308770833 0.0255037916667 0.0296481585937
2 0.277831929687 0.391058138889 0.0204030333333 0.0162586671875
2 0.253922125781 0.388507759722 0.0221032861111 0.0258225890625
2 0.227621340625 0.411461173611 0.0476070777778 0.032517334375
2 0.159239299609 0.420812561111 0.0595088472222 0.0659910617187
3 0.208971693359 0.433564458333 0.115617188889 0.0219970210938
3 0.668518139844 0.411461172222 0.0612091 0.013389490625
3 0.990248495313 0.435264709722 0.142821233333 0.017215059375
3 0.955340180078 0.427613573611 0.110516430556 0.0258225882812
3 0.905129590234 0.431014079861 0.141120979167 0.0267789820312
3 0.947689042578 0.423362941667 0.0748111222222 0.0105203132813
3 0.932386767578 0.431864206944 0.146221738889 0.0315609414063
3 0.971120651953 0.417412056944 0.192128563889 0.0401684726563
3 0.842485902344 0.431014079167 0.120717947222 0.0353865125
3 0.754976016797 0.434414584722 0.117317441667 0.0229534132812
3 0.728197035938 0.4284637 0.119017694444 0.024866196875
3 0.809012176172 0.412311299306 0.1139169375 0.0219970210938
3 0.780320409766 0.433564457639 0.125818704167 0.0258225882812
3 0.632557816797 0.406360413889 0.0714106166667 0.0172150585937
3 0.650729269141 0.423362941667 0.0850126388889 0.0229534132812
7 0.662684171094 0.435264710417 0.0544080875 0.0143458828125
3 0.681812014844 0.403810034722 0.0663098583333 0.0143458828125
2 0.587702999219 0.404660160417 0.0748111208333 0.0602527078125
2 0.359603463281 0.428463700694 0.136020220833 0.0956392171875
2 0.462893819531 0.459068252083 0.200629829167 0.128156553125
0 0.535898433203 0.170592029861 0.0476070791667 0.00956392265625
0 0.420789864453 0.0733347777778 0.0743633055556 0.0204484414062
0 0.396105770313 0.0680101125 0.0646096083333 0.0181714515625
1 0.247996177344 0.150354486806 0.0344518069444 0.03229856875
0 0.240459844531 0.160562429167 0.105907408333 0.0215323796875
