1 0.548237688281 0.443701117361 0.0234374986111 0.021972653125
1 0.547358782422 0.470263613889 0.0265624944444 0.0202148414063
1 0.592124223438 0.501513609028 0.0296874958333 0.023730453125
1 0.506899733203 0.471826111111 0.0203124972222 0.0254295476563
5 0.509126364063 0.542919854861 0.0499999958333 0.0369140578125
2 0.488032616797 0.552294852083 0.0249999986111 0.0140624976563
2 0.472212305859 0.557763603472 0.0328124958333 0.0193359335938
2 0.276216237109 0.535107354861 0.0312499958333 0.0351562460938
2 0.211177182812 0.537451103472 0.0203124958333 0.028124996875
2 0.156245548437 0.567919851389 0.0999999888889 0.10986326875
2 0.398823642969 0.612451096528 0.210937473611 0.15029295
2 0.0119558613281 0.528984004167 0.0398437222222 0.0239117226563
2 0.319224019531 0.542812127083 0.0140624902778 0.01845701875
