1 0.686152241797 0.269184273611 0.0326283972222 0.0263831195313
2 0.299773390625 0.410234109722 0.0795317166667 0.036706946875
2 0.243565877734 0.411253745139 0.142749234722 0.0848848132812
2 0.220050489453 0.436744679861 0.161102709722 0.0814435382813
2 0.106297196094 0.453398761111 0.314048319444 0.212594392187
2 0.0284861136719 0.558421418056 0.144788511111 0.0562075117188
2 0.451763090625 0.404796047917 0.0469033208333 0.02638311875
2 0.464381103516 0.419070972917 0.0876888180556 0.0286773023438
2 0.526324076172 0.420090609028 0.171299084722 0.134209772656
2 0.620959170703 0.495203897917 0.234516604167 0.192711469531
2 0.865672153516 0.529871570139 0.471072479167 0.266125361719
3 0.696076337109 0.498353572917 0.362990915278 0.103238285156
2 0.377758287891 0.527088810417 0.297734118056 0.205329480469
