1 0.638934053516 0.356952861111 0.0750906944444 0.0284650867187
1 0.601745795312 0.471221308333 0.0228536888889 0.0146916578125
1 0.804368241016 0.219830723611 0.0555018166667 0.0165281148437
1 0.456359607031 0.474486120139 0.0097944375 0.0146916578125
1 0.540377522266 0.472037509722 0.0114268444444 0.0137734273438
0 0.480080507422 0.474214049306 0.0212212819444 0.0101005148438
0 0.522319022656 0.475846457639 0.0146916569444 0.0082640578125
2 0.0858745707031 0.609843323611 0.135937405556 0.166113166406
2 0.222058275781 0.570253964583 0.159975826389 0.134979601562
4 0.347396476953 0.487001239583 0.0587666291667 0.112023888281
2 0.475489365625 0.519921429861 0.0212212819444 0.0156098859375
2 0.551243223047 0.539782376389 0.0424425666667 0.0202010289062
2 0.347396476563 0.615417202083 0.218742454167 0.22221131875
2 0.492017478516 0.520737633333 0.0261185027778 0.0174463429688
2 0.587972365625 0.556106442361 0.104474009722 0.0642760015625
2 0.529664851953 0.515296281944 0.019588875 0.0156098867187
