0 0.519433412109 0.298124894444 0.0599999805556 0.0116015585938
0 0.788378630859 0.0965624666667 0.114374961111 0.0263671789063
0 0.442441251172 0.452812340278 0.0206249916667 0.00738281015625
0 0.491484202734 0.207187426389 0.0506249805556 0.0189843695312
0 0.75040989375 0.1059374625 0.103124963889 0.028476553125
0 0.749355205859 0.532499813194 0.0187499930556 0.00949218359375
0 0.803144249219 0.544687309028 0.0168749958333 0.009492184375
0 0.458261557812 0.452812340972 0.0243749902778 0.0116015578125
0 0.513105288672 0.474374834722 0.0262499888889 0.00949218359375
0 0.455624841797 0.392812360417 0.0131249930556 0.0168749945312
0 0.850077828125 0.559687303472 0.0168749930556 0.010546871875
3 0.328535040625 0.518437319444 0.106874963889 0.0326953
2 0.697600204688 0.55647301875 0.0431249847222 0.0295312390625
2 0.663096867969 0.556473019444 0.0543749805556 0.0415848109375
2 0.903339526953 0.598749780556 0.0412499861111 0.0263671773437
2 0.918632490234 0.606249779861 0.0412499847222 0.0274218632813
2 0.268945218359 0.503437324306 0.0768749736111 0.0949218414062
2 0.870644226563 0.584999795833 0.0374999888889 0.045351546875
2 0.833730176563 0.579374795833 0.0224999916667 0.02214843125
2 0.812636433984 0.577499799306 0.0149999958333 0.0158203070312
2 0.796288783594 0.574687298611 0.0168749944444 0.0126562453125
2 0.759374734375 0.567187301389 0.0206249916667 0.01898436875
2 0.727206777344 0.563437303472 0.0356249875 0.0242578046875
2 0.610136505469 0.561562303472 0.0656249763889 0.0580077921875
2 0.953437166797 0.621562282639 0.0656249763889 0.0506249835938
4 0.137636669531 0.449062342361 0.166874940278 0.174023376562
4 0.0358704710938 0.389654531944 0.0794406388889 0.0717409421875
2 0.0738280988281 0.475312334722 0.14812495 0.147656197656
2 0.783105194531 0.562767665278 0.0299999888889 0.0221484296875
