2 0.09129293125 0.597520701389 0.0499052111111 0.0467861359375
2 0.0952517585937 0.627591788889 0.0563033138889 0.05182464375
2 0.145276933203 0.595601270833 0.0358293833333 0.0496652820313
2 0.15283469375 0.626951979861 0.0473459708333 0.0547037890625
2 0.189183921484 0.601999373611 0.0307109 0.0395882679688
2 0.20357965625 0.642307429167 0.0499052111111 0.0755776046875
2 0.251085577734 0.653824015278 0.0473459694444 0.0798963242187
2 0.264761524219 0.612236340278 0.0511848333333 0.0482257078125
2 0.273398965234 0.57320790625 0.0499052125 0.0280716820313
2 0.225893042969 0.605838236111 0.0255924166667 0.025192534375
2 0.232011229297 0.582165252083 0.0294312791667 0.0316706148438
2 0.3532952875 0.589842975694 0.0806161097222 0.019434240625
2 0.400081422656 0.578326388889 0.0422274861111 0.04966528125
2 0.384246116016 0.598160511806 0.0511848319444 0.0525444289063
2 0.392523662891 0.641027806944 0.0550236916667 0.0892535507812
2 0.453345639063 0.559132075694 0.0345497597222 0.038148696875
5 0.457664358594 0.602639182639 0.0831753513889 0.087094190625
2 0.514887400781 0.562331128472 0.0460663486111 0.044626775
2 0.513807719922 0.583444871528 0.0422274847222 0.0338299726563
2 0.528203454687 0.620553873611 0.0550236916667 0.07269845625
2 0.564912576172 0.558492267361 0.0486255902778 0.0367091210938
2 0.57714895 0.580245820139 0.0409478652778 0.030950828125
3 0.61061903125 0.56553018125 0.0601421763889 0.0215936015625
2 0.666762392969 0.532260040278 0.0447867277778 0.047505921875
2 0.646248472266 0.591762407639 0.0435071069444 0.0583027210937
5 0.739134962109 0.592387899306 0.0371376402778 0.0639930054687
2 0.983468538672 0.509226865972 0.0473459680556 0.0316706148438
2 0.959355684375 0.517544400694 0.0383886236111 0.06118186875
2 0.895654562109 0.515624971528 0.0499052125 0.0676599492188
2 0.827994612891 0.527141556944 0.0473459694444 0.0345497617188
2 0.772211144141 0.529700798611 0.0447867277778 0.0410278414062
2 0.721466182031 0.526501746528 0.0511848319444 0.041747628125
2 0.810987987891 0.557037388194 0.0585120402778 0.0642442898437
2 0.876711352734 0.647972029861 0.0485112763889 0.237791874219
2 0.695833599609 0.58005624375 0.0568274930556 0.0397619195313
2 0.790950349609 0.627874500694 0.0803901125 0.117726469531
2 0.934015296094 0.607776973611 0.0762320055556 0.120065404688
2 0.976895798047 0.604311881944 0.0526693833333 0.0436601460937
