2 0.307001892969 0.344471223611 0.0136020222222 0.005738353125
2 0.315131226563 0.34532135 0.015302275 0.0124330984375
2 0.276875538281 0.346171477083 0.0136020236111 0.0047819609375
2 0.281657499219 0.347021602778 0.015302275 0.0066947453125
2 0.287874048438 0.347871729861 0.0170025291667 0.009563921875
2 0.256791302344 0.351272234722 0.0136020222222 0.0124330984375
2 0.244836400391 0.347871729861 0.0102015180556 0.00956392265625
2 0.214231849609 0.355522866667 0.015302275 0.0133894898438
2 0.198451378906 0.362323877778 0.0221032861111 0.0162586671875
2 0.166890436719 0.362323877778 0.0187027805556 0.0105203140625
2 0.150631769531 0.364024130556 0.0221032861111 0.0143458828125
2 0.140111455469 0.3682747625 0.0204030333333 0.0086075296875
2 0.0889444734375 0.374225647222 0.0391058138889 0.028691765625
2 0.0726858066406 0.381876784722 0.03060455 0.0248661976562
2 0.0349083148437 0.403129944444 0.0867128916667 0.0698166296875
2 0.328042520703 0.344726251389 0.0238035388889 0.0133894898438
2 0.298394363281 0.3515272625 0.0272040444444 0.0172150609375
2 0.270180792969 0.348976883333 0.015302275 0.0086075296875
2 0.126721965234 0.367679663889 0.0255037916667 0.0181714523437
2 0.347170365234 0.339625493056 0.0136020222222 0.00765113828125
2 0.873951199219 0.414861677778 0.197229322222 0.250574753125
2 0.230900474219 0.347481429167 0.0112292027778 0.0070182515625
