3 0.959466811719 0.268091098611 0.140552613889 0.03904239375
5 0.848684022266 0.203158850694 0.228813720833 0.241086777344
2 0.440202983594 0.35571958125 0.2394600125 0.091749625
0 0.343037752734 0.240041234722 0.0404827722222 0.0105306320312
0 0.373459576953 0.125803265972 0.0399100041667 0.00585035078125
2 0.397256350391 0.327956102778 0.0937017444444 0.0331860335937
2 0.339180790625 0.333161754167 0.152699136111 0.0907735640625
2 0.152753362891 0.333161754167 0.145758266667 0.112246880469
2 0.081012965625 0.343573059028 0.204755659722 0.158121692187
2 0.251335405859 0.366130885417 0.180462618056 0.172762589844
2 0.0595396492188 0.471979153472 0.333161756944 0.119079298438
2 0.885286264062 0.3860858875 0.400835236111 0.228398
2 0.624678290234 0.321882843056 0.609061333333 0.370902735156
