0 0.209627455078 0.272664475694 0.0586184236111 0.0119901320313
0 0.450928855078 0.238914473611 0.0621710527778 0.0149876648438
0 0.703720797656 0.322401315972 0.0444078958333 0.0089925984375
0 0.469413641406 0.243355263194 0.0532894736111 0.0099917765625
1 0.234606897266 0.372138159028 0.0266447347222 0.0239802632813
1 0.223615942969 0.416546054861 0.0124342097222 0.0159868421875
1 0.240601962891 0.406776317361 0.0142105263889 0.00799342109375
1 0.879076472266 0.3330592125 0.03375 0.0259786179688
1 0.87757770625 0.373026318056 0.0177631583333 0.026977796875
1 0.745686258203 0.323289475694 0.0497368430556 0.0269777960937
3 0.29505714375 0.535559213889 0.0444078944444 0.012989309375
3 0.311543574609 0.541776319444 0.0568421055556 0.00799342109375
3 0.991983545312 0.5719736875 0.113684211111 0.0159868421875
3 0.965505337891 0.562203950694 0.129671051389 0.0449629929687
3 0.939027130859 0.544440793056 0.0941447361111 0.0139884867188
3 0.92503864375 0.548881581944 0.0888157888889 0.0179851984375
2 0.797643495313 0.555986845139 0.344605265278 0.252791942187
2 0.144780833984 0.611052635417 0.525789476389 0.289561667969
5 0.523369233984 0.625263161806 0.561315790278 0.425649672656
