2 0.0506900082031 0.67673326875 0.3587292875 0.101380016406
2 0.991866982813 0.719191566667 0.0831836027778 0.0126725015625
2 0.915344566797 0.630808988194 0.239152856944 0.165717333594
2 0.814939358594 0.5944161625 0.155969255556 0.155969254688
2 0.0594632785156 0.551957864583 0.0537227430556 0.0565388554688
2 0.093581553125 0.53809393125 0.0433247930556 0.0584884703125
2 0.223230996875 0.526829484722 0.0485237694444 0.0526396234375
2 0.265147733984 0.527695979861 0.0363928236111 0.0350930820313
2 0.289517930078 0.528562476389 0.03119385 0.0194961570313
2 0.381149867578 0.513832045833 0.036392825 0.0233953882813
2 0.427453240234 0.57968573125 0.150770279167 0.108203671094
5 0.483504691406 0.507766575694 0.103979504167 0.0506900078125
4 0.564569377734 0.507745585417 0.173341151389 0.0919432070312
5 0.657507892188 0.54069341875 0.1074454875 0.0887075140625
2 0.704786072656 0.53029546875 0.0415918013889 0.01169769375
2 0.725744441016 0.526829484028 0.0450577847222 0.0380175054688
