2 0.315837741797 0.480038708333 0.0623877027778 0.0662869335937
2 0.0809090511719 0.501701104167 0.161168230556 0.161818102344
5 0.448411608984 0.450577849306 0.0519897541667 0.0214457726562
5 0.512748926953 0.404653569444 0.0433247972222 0.0721357804687
2 0.571724801172 0.462708790972 0.0485237680556 0.0146221164062
2 0.598044613281 0.4739732375 0.0745186444444 0.04581596875
2 0.654583468359 0.486104179861 0.133440365278 0.100405208594
2 0.781795892578 0.495635633333 0.249550808333 0.202760032031
2 0.510799311328 0.535494443056 0.239152858333 0.150120408594
2 0.990404771484 0.67413378125 0.197561056944 0.0136473101562
2 0.560514511328 0.337933386806 0.0519897513889 0.0272946195313
2 0.514211139063 0.341399370139 0.0623877013889 0.0536144328125
2 0.460596707031 0.324935948611 0.0675866777778 0.03801750625
2 0.411856314844 0.345731849306 0.0606547097222 0.04581596875
