0 0.227656482813 0.436601474306 0.0360369486111 0.0077964546875
0 0.292367058984 0.361062486806 0.0401950513889 0.0109150398437
0 0.468177116016 0.373536814583 0.0401950513889 0.0101353914062
0 0.41165281875 0.451847875 0.0249486555556 0.0077964546875
0 0.358247102344 0.479568603472 0.0277207291667 0.007016809375
2 0.802255208203 0.505903294444 0.235626191667 0.221419317969
2 0.526650528906 0.501052165972 0.0291067597222 0.035084046875
1 0.688426967578 0.286216521528 0.00693018194444 0.0358636929688
1 0.696613246484 0.335420814583 0.0166324375 0.0210504320313
1 0.0218300738281 0.46501521875 0.0401950513889 0.0233893648437
1 0.118116291797 0.439373547222 0.0277207277778 0.0319654648437
1 0.251045846484 0.455312965972 0.0180184736111 0.00935574296875
0 0.584344294531 0.437294491667 0.0180184722222 0.00545751875
0 0.302892272266 0.358983434028 0.0388090180556 0.0101353914062
1 0.568751385547 0.386011145139 0.0152464013889 0.0194911367187
0 0.683359271484 0.381853035417 0.0263346930556 0.0116946820313
2 0.354738698047 0.498973115278 0.0360369472222 0.0311858195312
2 0.374619657031 0.494121984722 0.0318788361111 0.0148132640625
2 0.385534694531 0.500359149306 0.0221765847222 0.0116946828125
2 0.395280263281 0.499666130556 0.0180184722222 0.0093557453125
1 0.224537900781 0.411652818056 0.0110882916667 0.012474328125
