2 0.0261205878906 0.509719050694 0.0946943208333 0.0505339882812
5 0.0848492773438 0.498792783333 0.0874101416667 0.094239059375
2 0.159284476562 0.503648902778 0.0582734277778 0.0573629046875
2 0.205721114844 0.496364723611 0.0534173083333 0.051899771875
2 0.246694619141 0.492722634028 0.0412770097222 0.0327788039062
2 0.323178494141 0.489080545139 0.0388489513889 0.0109262679688
2 0.330007411328 0.487866515972 0.0315647736111 0.0109262679687
2 0.727450402734 0.510933079861 0.0679856652778 0.0300472367188
2 0.54170385 0.490294575 0.0364208916667 0.01912096875
2 0.573116869531 0.5060769625 0.0874101444444 0.0546313390625
2 0.657112553516 0.513361140278 0.155395808333 0.118823163281
2 0.461805516406 0.49150860625 0.194244759722 0.105165328125
2 0.351859947266 0.492722634722 0.0218525361111 0.0109262679687
2 0.362786214063 0.489080545833 0.0291367138889 0.0109262671875
0 0.620236399609 0.123657589583 0.0752698430556 0.0150236179688
0 0.838078863281 0.342182944444 0.0461331305556 0.0109262671875
1 0.687159789844 0.399242345139 0.0437050708333 0.0259498859375
0 0.974657210938 0.40323130625 0.0315647736111 0.0163894015625
0 0.986266370703 0.310965045139 0.0655576069444 0.0177551851562
2 0.289033907031 0.506076961111 0.0679856638889 0.0600944734375
2 0.521899989453 0.493936663889 0.0242805944444 0.0150236179688
