1 0.577573648828 0.40725305625 0.0415918013889 0.0204709648437
1 0.322173992969 0.460109302778 0.0225288916667 0.0107228859375
0 0.383099483203 0.441046394444 0.015596925 0.00584884609375
0 0.450361225391 0.444512377778 0.015596925 0.00389923203125
2 0.117464345312 0.571020773611 0.164634213889 0.166692142188
2 0.884150716406 0.622144029861 0.509499568056 0.230054651562
2 0.731105884375 0.582285220139 0.211424990278 0.18716310625
2 0.629238464453 0.55369085625 0.147304295833 0.102354824219
2 0.585859515234 0.53289495625 0.1126444625 0.0799342429687
2 0.548816817187 0.526829484722 0.0831836027778 0.0428915453125
2 0.524446621094 0.519897518056 0.0762516361111 0.0350930828125
2 0.504950464453 0.518164525 0.0554557333333 0.0175465414062
2 0.493740173828 0.518164525 0.05198975 0.0165717335937
2 0.483992095703 0.514698542361 0.0450577847222 0.0185213492188
2 0.214945129688 0.547625386111 0.117843438889 0.08480828125
2 0.297803796875 0.539826922917 0.0571887263889 0.047765584375
2 0.262223310547 0.534627947917 0.0329268430556 0.0194961570313
2 0.322173993359 0.513832046528 0.0259948763889 0.0224205804687
2 0.385536503125 0.521630509722 0.0623877027778 0.034118275
2 0.410881507422 0.519031021528 0.0225288902778 0.0165717335937
2 0.421604393359 0.511232559722 0.0173299194444 0.0126725023437
2 0.349956016797 0.540693418056 0.0797176194444 0.0643373179688
2 0.447924205469 0.529428972222 0.0606547111111 0.04581596875
