2 0.301332982422 0.492735947917 0.212063573611 0.209724636719
3 0.838118901172 0.438680527778 0.167710405556 0.0530158929688
3 0.656851324609 0.440066566667 0.08177615 0.0194911382812
2 0.0628995203125 0.401257544444 0.0512833472222 0.0327451109375
2 0.115525590625 0.404722635417 0.0360369486111 0.0226097171875
2 0.140474246875 0.40264358125 0.0374229847222 0.0257283015625
2 0.162304320313 0.408880747222 0.0277207277778 0.0163725546875
4 0.807980730469 0.397792455556 0.174640588889 0.29938386875
2 0.969367346484 0.442838639583 0.0568274930556 0.0358636914063
1 0.745609091016 0.440528578472 0.0568274930556 0.0374229835937
1 0.787709948047 0.288757588194 0.0332648736111 0.0140336195312
1 0.538613213281 0.346971119444 0.033264875 0.0163725546875
1 0.175298415234 0.324794536111 0.0249486555556 0.0179318476562
1 0.176857706641 0.36498959375 0.0637576736111 0.0693884492188
