1 0.646297601953 0.509499567361 0.0554557347222 0.0253450039062
1 0.54589239375 0.563222311111 0.0242618833333 0.01169769375
1 0.520547389844 0.559756327778 0.0138639333333 0.0077984625
2 0.0619002980469 0.689730706944 0.173299172222 0.121850980469
2 0.168154353516 0.646405914583 0.135173356944 0.116002133594
2 0.309501491406 0.623877020833 0.0762516361111 0.0536144328125
2 0.355804863672 0.618678046528 0.0450577847222 0.0272946195313
2 0.384561695703 0.607413600694 0.0433247958333 0.0302190445313
2 0.832485900391 0.736521483333 0.301540561111 0.333384283594
2 0.667743374219 0.655070872917 0.194095073611 0.142321945312
2 0.599019421094 0.642939929861 0.121309420833 0.04581596875
2 0.570262590234 0.633408475694 0.109178479167 0.0292442367188
2 0.554178260547 0.61781155 0.0675866777778 0.0146221179688
2 0.538581334766 0.620411038194 0.0554557347222 0.0263198117187
2 0.519085177734 0.613479071528 0.0415918013889 0.0185213492187
2 0.430377664062 0.594416161806 0.0242618847222 0.0107228859375
2 0.438663530469 0.587484195139 0.0207959013889 0.0077984625
