0 0.136374012891 0.330912166667 0.0764728055556 0.0154857429688
0 0.133062680859 0.463935017361 0.0367069458333 0.0177799273438
0 0.949218692578 0.229928234722 0.0785120805556 0.0177799273437
0 0.948358373047 0.147847423611 0.0469033194444 0.0183534726562
0 0.963557344141 0.381344388889 0.0367069472222 0.0235153882812
1 0.970174652344 0.344739410417 0.0152945597222 0.0378540390625
1 0.972468835156 0.0913595118056 0.0448640458333 0.032118578125
2 0.441248090625 0.489086080556 0.0727341444444 0.060413503125
2 0.797515765625 0.476680484722 0.0540407833333 0.0263831171875
2 0.9480716 0.446601180556 0.0632175166667 0.06595779375
2 0.552754994141 0.465804361111 0.0601586055556 0.0461704554687
2 0.493249592578 0.472432004861 0.0530211430556 0.0390011304687
2 0.349385139453 0.533100430556 0.105022652778 0.0797228992188
2 0.697718754297 0.608213710417 0.376246198611 0.287920110156
2 0.986212412109 0.438953902083 0.0499622347222 0.0252360257812
4 0.681659466406 0.358912364583 0.163141984722 0.12044466875
