2 0.1741280625 0.596261934722 0.295465552778 0.348256125
2 0.953368762891 0.817452997222 0.326481275 0.0899864007813
2 0.553363921875 0.504879984028 0.0424425652778 0.0321380015625
2 0.520766807422 0.516306827778 0.0489721916667 0.0275468570313
2 0.604325609766 0.50732859375 0.0310157236111 0.0183645710938
2 0.620394610938 0.516306827778 0.0489721916667 0.021119259375
2 0.652991723047 0.540792922917 0.0881499430556 0.0422385148438
2 0.670897182422 0.555484578472 0.0979443819444 0.0358109148438
2 0.742978124609 0.582419285417 0.135489729167 0.115696802344
2 0.870152786328 0.643867720139 0.238331331944 0.248839949219
2 0.480758251172 0.505113175 0.0881499444444 0.0550937148437
