0 0.200355437891 0.278072895139 0.0672757013889 0.0214441289062
0 0.631760864844 0.361046258333 0.0538205611111 0.018921290625
1 0.573104864062 0.350581136806 0.0627906541667 0.0479339359375
1 0.382630537891 0.377865182639 0.0201827097222 0.0454110976563
1 0.335958021094 0.375622659722 0.0246677583333 0.0479339359375
0 0.122778145703 0.4047754625 0.0201827111111 0.0151370320313
0 0.728890157422 0.458596022917 0.0246677569444 0.0113527742188
0 0.761056351172 0.451868452083 0.0246677569444 0.0151370320313
5 0.0168189183594 0.474293686806 0.1547341125 0.0302740648437
2 0.404074667578 0.477657470833 0.0179401861111 0.0151370320313
2 0.448855055078 0.473172425 0.0179401888889 0.0113527742188
2 0.472191314063 0.484385040972 0.0403654208333 0.0277512265625
3 0.611578155078 0.5056890125 0.0381228972222 0.00882993515625
3 0.552922154297 0.488870088194 0.0224252347222 0.00756851640625
2 0.305683955859 0.487748825694 0.0470929902778 0.0605481304688
0 0.212531251562 0.279254066667 0.0571572666667 0.013013484375
