1 0.365142091406 0.408187729167 0.0180184722222 0.0155929078125
1 0.504698635547 0.358290416667 0.0429671305556 0.0202707835938
2 0.350255735156 0.431057325694 0.0180184763889 0.0077964546875
2 0.357272544531 0.433136379861 0.0221765847222 0.012474325
2 0.333883180859 0.431750345833 0.0609856027778 0.0311858195312
2 0.252800051953 0.42551318125 0.0651437152778 0.0327451101562
2 0.0134628050781 0.377298916667 0.0540554194444 0.0257283007813
2 0.186920007031 0.434522422222 0.0859342611111 0.0834220671875
2 0.293731439453 0.437987510417 0.101180659722 0.0740663210937
2 0.397814111328 0.473331440278 0.138603644444 0.0951167492187
