1 0.265171322656 0.321562272222 0.0796874472222 0.023730453125
1 0.379868508984 0.405937213889 0.0234374833333 0.00791015078125
1 0.435239565625 0.391874724306 0.0281249791667 0.01054686875
1 0.394370451953 0.354374749306 0.0374999736111 0.0553710554688
2 0.342295292578 0.429374697222 0.0328124777778 0.0355956773438
2 0.271763114844 0.442265313889 0.0210937361111 0.01845701875
2 0.527524657812 0.4082809625 0.0234374833333 0.01845701875
2 0.547300034766 0.403593465278 0.0234374833333 0.0210937351563
2 0.574985563281 0.401249715278 0.0281249805556 0.0263671703125
2 0.602011911719 0.401249717361 0.0374999736111 0.0276855265625
2 0.63035661875 0.394218470833 0.037499975 0.0316406046875
2 0.667929834766 0.389530974306 0.0749999458333 0.0593261304688
2 0.705503050781 0.396562220139 0.0515624652778 0.0158203015625
2 0.731211041406 0.394218470833 0.037499975 0.0303222453125
2 0.770761796094 0.394218471528 0.0468749680556 0.0698729984375
2 0.836679719141 0.39070285 0.0679687055556 0.104150319531
2 0.936215783984 0.370780988194 0.0937499347222 0.105468677344
2 0.290879313281 0.438749691667 0.0234374833333 0.0171386609375
2 0.311313869141 0.441093440972 0.0281249819444 0.0210937351562
2 0.46688016875 0.41765595625 0.0187499875 0.01054686875
8 0.156702796484 0.488503288194 0.0500662236111 0.0382201976562
2 0.920395481641 0.74343698125 0.314062281944 0.158203016406
6 0.154691207031 0.459894017361 0.0679470180556 0.0261506609375
1 0.434302123828 0.416086072222 0.0125165555556 0.0100579460937
