2 0.547166984375 0.553424120833 0.0364208916667 0.0327788046875
2 0.521217095703 0.555852182639 0.0364208902778 0.0273156679688
2 0.493218534766 0.558280242361 0.0461331347222 0.0423392867188
2 0.456342383203 0.566778450694 0.0582734263889 0.0450708554688
2 0.377126942187 0.582560833333 0.0801259638889 0.0696549578125
2 0.172942311719 0.628693966667 0.15296775 0.177551851563
2 0.0520704746094 0.68696739375 0.186960581944 0.102433760156
2 0.971242753125 0.634764117361 0.189388643056 0.055997121875
0 0.547849875 0.506076959028 0.0242805958333 0.0095604828125
0 0.590189162891 0.508505020139 0.0242805958333 0.00682891484375
1 0.900904905469 0.440519354861 0.0874101430556 0.035510371875
1 0.924806115234 0.492722636111 0.0218525361111 0.0286814523437
1 0.292448365625 0.476940247917 0.0291367152778 0.0314130203125
