1 0.125334744922 0.268531070833 0.0666163111111 0.0397658585938
1 0.7657944875 0.385449490972 0.0203927458333 0.02676548125
1 0.742087917188 0.411280305556 0.01223565 0.0114709203125
1 0.745529194531 0.426914744444 0.0217522638889 0.019882928125
1 0.568303467578 0.498969121528 0.0543806625 0.0237065695313
1 0.555303091406 0.464981207639 0.0380664625 0.014529834375
1 0.267765345313 0.463621691667 0.0435045305556 0.0244712984375
1 0.249794234766 0.481975163194 0.0312688819444 0.0328833054687
0 0.211366651172 0.231824120833 0.0747734083333 0.0191182007812
0 0.695439507031 0.0924736784722 0.103323256944 0.0237065703125
0 0.721057896484 0.0992712604167 0.108761320833 0.0229418414062
0 0.231249580859 0.238621704861 0.0802114763889 0.0145298320313
0 0.673644757422 0.0985915020833 0.101963740278 0.0183534726563
0 0.193395541797 0.237262186806 0.0856495402778 0.0137651054687
3 0.118069829297 0.687262161806 0.488066434722 0.152180882031
3 0.261456337891 0.654633764583 0.392900276389 0.0948262773438
3 0.328370042578 0.644437389583 0.377945598611 0.0833553570313
3 0.319575669141 0.662111103472 0.435045290278 0.0550604195312
2 0.409511870703 0.596827759028 0.0108761347222 0.00841200859375
2 0.400335135547 0.594108727083 0.0163141986111 0.00688255390625
2 0.389246577734 0.596827756944 0.0190332277778 0.0122356492188
2 0.373952017188 0.601586065278 0.0203927472222 0.019882928125
2 0.429012436719 0.596827759722 0.0135951638889 0.0076472796875
2 0.437806808594 0.597507515278 0.0176737111111 0.0099414640625
2 0.448513001562 0.598187274306 0.0326283986111 0.0145298328125
2 0.466484110156 0.594108725694 0.0625377597222 0.029059665625
4 0.517720889844 0.586631385417 0.120996973611 0.0810611734375
4 0.745269958984 0.482878559722 0.0339879138889 0.0137651054687
4 0.771270713672 0.481519040972 0.0367069458333 0.0229418414063
1 0.902718978516 0.0381655916667 0.0666163083333 0.151416153906
1 0.0111044726562 0.47560419375 0.0367069458333 0.0191182
1 0.0351934070312 0.474924435417 0.0380664625 0.01223565
