0 0.416782546484 0.300468536111 0.0562499611111 0.0105468679688
0 0.66924819375 0.486796534028 0.0257812347222 0.01450194375
0 0.0924663628906 0.533671500694 0.0257812319444 0.0105468679687
0 0.251328558594 0.456327804167 0.0445312194444 0.009228509375
0 0.412168291406 0.496171527083 0.0257812319444 0.0092285078125
0 0.431284489453 0.305156032639 0.0515624625 0.0131835851562
1 0.246055124609 0.410624710417 0.0281249791667 0.0197753773438
1 0.236826615625 0.350859127083 0.0773436986111 0.027685528125
1 0.625742363672 0.4071090875 0.035156225 0.0197753773437
1 0.654087070703 0.418827829861 0.0210937347222 0.0237304523438
1 0.851840840625 0.266484184028 0.0492187152778 0.02636716875
1 0.849204123828 0.30749978125 0.0187499875 0.0263671695312
1 0.578940637891 0.369609113889 0.0210937361111 0.0553710554688
0 0.511045177344 0.350859127083 0.0539062125 0.01450194375
3 0.396347990234 0.577030846528 0.0749999486111 0.0171386601562
3 0.712094843359 0.52664025625 0.0304687291667 0.0158203007813
3 0.702866333984 0.5336715 0.0304687277778 0.0131835851563
3 0.649472816016 0.546562118056 0.0234374861111 0.0145019429688
3 0.638925948437 0.543046494444 0.0539062138889 0.01450194375
3 0.161680182813 0.607499575694 0.0468749680556 0.02241209375
3 0.152451673438 0.612187072222 0.0609374583333 0.0197753765625
3 0.0990581554688 0.616874569444 0.0562499611111 0.01845701875
2 0.321860736719 0.554765236806 0.0257812319444 0.02636716875
2 0.308017972656 0.562968355556 0.0281249805556 0.02241209375
2 0.287583416406 0.578202720139 0.0351562263889 0.031640603125
2 0.267808039453 0.578202720833 0.0445312194444 0.0263671695313
2 0.224302210156 0.577030845833 0.0328124777778 0.031640603125
2 0.182114739063 0.582890217361 0.0351562263889 0.031640603125
2 0.154429211328 0.58054646875 0.0304687291667 0.0263671695313
2 0.133994654687 0.587577713889 0.0398437222222 0.017138659375
2 0.0792827785156 0.603983952778 0.0492187166667 0.0421874710938
2 0.482700469922 0.533671501389 0.0210937361111 0.0210937351562
2 0.507749280469 0.530155877778 0.00937499166667 0.031640603125
2 0.535434808594 0.548905865972 0.0421874708333 0.0210937359375
2 0.468857705469 0.568827727083 0.0492187152778 0.025048809375
2 0.501157488672 0.58171834375 0.0984374347222 0.0580077726562
2 0.574326383594 0.595780833333 0.149999897222 0.106787035938
5 0.467539347266 0.530155879167 0.0281249833333 0.0197753773438
4 0.0251394460938 0.574687097917 0.1265624125 0.0502788921875
2 0.0562115050781 0.606327700694 0.0539062125 0.0197753773437
2 0.761533285938 0.711796378472 0.349218509722 0.34145484375
1 0.406894857813 0.39890596875 0.0374999736111 0.009228509375
