2 0.334020674609 0.522238670139 0.0412371208333 0.0231958820312
2 0.306185617578 0.535640734028 0.0309278402778 0.0255154679688
2 0.675662866016 0.570692286111 0.138144352778 0.0765464039062
2 0.722054626172 0.578939711111 0.150515488889 0.0835051679688
2 0.813678352344 0.607805694444 0.212371169444 0.19252580625
2 0.907621666797 0.633578892361 0.239175295833 0.180927864844
0 0.251095402344 0.498527326389 0.0226804138889 0.015077321875
0 0.474355748437 0.423269580556 0.0247422722222 0.011597940625
0 0.556701122266 0.493372685417 0.0288659819444 0.0115979414063
0 0.576997518359 0.478939694444 0.0247422694444 0.0150773226563
0 0.771263013281 0.351104620833 0.0371134083333 0.0162371171875
1 0.574098032812 0.521207742361 0.0309278402778 0.0139175265625
1 0.677319698828 0.232547900694 0.0762886736111 0.0695876414062
1 0.678479492969 0.343888125 0.0515464 0.0533505234375
1 0.26733251875 0.468630414583 0.0618556819444 0.0150773234375
1 0.429123780859 0.522238670139 0.0412371208333 0.0162371148437
0 0.481622496484 0.378757209722 0.0293478361111 0.0129194273438
0 0.502437130078 0.380671199306 0.0331758152778 0.0143549195313
