2 0.114917214062 0.450332679167 0.115828361111 0.120196885937
2 0.408753666797 0.415883726389 0.0339496916667 0.0224667085937
2 0.0243623363281 0.458820102778 0.177736622222 0.0487246726563
5 0.111912289453 0.415883727083 0.145783970833 0.133115246094
2 0.327311851172 0.41114075625 0.0269600513889 0.0207817054687
2 0.333209362109 0.421625219444 0.0359467333333 0.0280833851562
2 0.369717763281 0.409642976389 0.02196745 0.0157266953125
2 0.432343710547 0.38667700625 0.0159763263889 0.00954835078125
2 0.386286959375 0.398159990278 0.0149778055556 0.0106716859375
2 0.483595888281 0.394165909722 0.0149778055556 0.00898668125
2 0.451299995312 0.383182185417 0.0109837236111 0.0129183578125
2 0.454670001953 0.414136316667 0.0289570916667 0.0219050398438
2 0.449053324609 0.396662209722 0.015976325 0.0140416929688
2 0.440066641016 0.393167388889 0.0169748472222 0.0117950210937
1 0.604803770703 0.304548707639 0.0179733652778 0.0134800257812
1 0.737638182031 0.187222566667 0.0329511722222 0.0499884265625
1 0.765721566016 0.142788410417 0.0239644875 0.0488650898437
1 0.746905698437 0.102847597222 0.0359467333333 0.0190967015625
0 0.76148098125 0.261113071528 0.0459319347222 0.0275217171875
0 0.725253415625 0.265606413194 0.0429363736111 0.0157266953125
0 0.499228995312 0.368953270139 0.0229659680556 0.0106716859375
0 0.0665576214844 0.329511717361 0.0179733680556 0.00617834453125
0 0.477979211328 0.364959188889 0.010983725 0.00674001015625
0 0.417038266016 0.348982861806 0.00898667916667 0.00393167421875
2 0.839871917578 0.487246727778 0.564164 0.318465585156
1 0.442500557813 0.343490999306 0.00998520138889 0.005055009375
1 0.525908211328 0.298557585417 0.0159763263889 0.00786334765625
