1 0.378888255469 0.451184327083 0.0127894763889 0.022381584375
0 0.295756656641 0.447631696528 0.0170526347222 0.00639474140625
0 0.282567507422 0.446210644444 0.0142105305556 0.0103914507812
2 0.284965534375 0.507315922917 0.0341052736111 0.0247796109375
2 0.254990198438 0.510158026389 0.0198947416667 0.0143881625
2 0.210227030078 0.520105398611 0.0341052722222 0.0303750101562
2 0.153873394531 0.530763297917 0.0213158013889 0.011990134375
2 0.169860241797 0.534315929861 0.0255789541667 0.0151875039062
2 0.13069246875 0.529342243056 0.035526325 0.031174353125
2 0.0863289710937 0.53502645625 0.0326842208333 0.041565803125
2 0.342518182031 0.502342235417 0.0213157930556 0.0167861875
2 0.355478877734 0.512343397917 0.0374999736111 0.0224120945312
2 0.383164405469 0.538124630556 0.0843749416667 0.0566894140625
0 0.325815812109 0.446952810417 0.0257812319444 0.00791015078125
0 0.360752311719 0.448124684722 0.0234374833333 0.009228509375
2 0.0318218738281 0.5275777625 0.035156225 0.0263671695313
