2 0.0851747058594 0.422807775 0.0426539972222 0.0623814757812
2 0.152354757031 0.418542375 0.0341231972222 0.0527843234375
2 0.33230131875 0.383352826389 0.0191943 0.0287914484375
2 0.451665873828 0.380153775694 0.0170615986111 0.0179946554688
2 0.272918953906 0.372689326389 0.0149289 0.0179946578125
2 0.371289740234 0.364158526389 0.0191943 0.0155953679687
2 0.226132848047 0.375888373611 0.0170615972222 0.0155953679687
2 0.449866407422 0.356694077083 0.0170615986111 0.0167950117187
2 0.479857501953 0.357760426389 0.0149289 0.0143957257813
2 0.560233633203 0.364158526389 0.0191943 0.0143957257812
2 0.440269258203 0.366291226389 0.0149289 0.0167950132812
