3 0.443973414453 0.501530846528 0.113265356944 0.0258290929688
2 0.429480418359 0.499234925 0.1301021 0.0731824304687
2 0.544850369141 0.479336958333 0.160714355556 0.107621221094
1 0.436798661328 0.425765504167 0.0168367444444 0.0120535757812
1 0.494483635937 0.413520600694 0.0168367430556 0.01549745625
1 0.586607402344 0.387500181944 0.0321428722222 0.0103316375
2 0.182812577734 0.464796131944 0.2724491 0.160140377344
2 0.0487882847656 0.617347229861 0.281632779167 0.0975765695313
2 0.324442105078 0.506887991667 0.218877652778 0.186830439844
2 0.588759826563 0.513775748611 0.205102133333 0.12484061875
2 0.867450958203 0.616837011111 0.645918655556 0.261686991406
1 0.806298194141 0.314540958333 0.0872449388889 0.0241071523438
