1 0.0316904621094 0.418606417361 0.0361417430556 0.0107627976562
1 0.869873302344 0.439015868056 0.0148818944444 0.0143503984375
1 0.830409708203 0.4475198125 0.0403937138889 0.0119586664062
1 0.784368850391 0.4485828 0.0340157583333 0.0131545335938
2 0.532638919922 0.484724541667 0.0127559083333 0.00956693046875
2 0.504057717188 0.486850528472 0.0127559097222 0.010762796875
2 0.49329491875 0.485787536806 0.0106299263889 0.0107627984375
2 0.483727988672 0.488976513194 0.0212598513889 0.0155462632813
5 0.453831326562 0.491102498611 0.0297637888889 0.0322883953125
5 0.456223058984 0.473031626389 0.031889775 0.0442470601563
5 0.517810182812 0.481535565972 0.0191338625 0.0191338640625
2 0.440676795312 0.500669429861 0.0276378013889 0.037071859375
2 0.416759466406 0.498543445139 0.0318897736111 0.0275049296875
2 0.392842135156 0.5049214 0.0446456833333 0.0538139890625
2 0.363543407422 0.510236363194 0.0595275791667 0.0502263914063
2 0.307935616016 0.50917336875 0.0786614402778 0.0777313210938
2 0.542923378516 0.491102499306 0.0127559069444 0.0119586648438
2 0.55308824375 0.490039505556 0.0191338638889 0.008371065625
2 0.562057241016 0.494291475 0.0191338583333 0.0191338632813
2 0.573417974219 0.500669429861 0.0233858319444 0.0155462625
2 0.586572504297 0.501732423611 0.0297637888889 0.0155462648438
2 0.607500168359 0.505984391667 0.038267725 0.0263090617187
2 0.612881567187 0.518740301389 0.0297637888889 0.01315453125
2 0.650551360938 0.527244239583 0.0765354513889 0.0813189203125
2 0.516358769141 0.561706402778 0.149711747222 0.109508622656
1 0.687623222266 0.467716664583 0.0212598513889 0.00956693203125
1 0.566123180078 0.473031626389 0.0148818916667 0.0119586664063
2 0.857795042188 0.573378121528 0.210472501389 0.178184104687
5 0.189544835937 0.523417459028 0.148818940278 0.24276089375
