1 0.638793928906 0.143549197917 0.0574196791667 0.0315808234375
1 0.625156755469 0.214366802083 0.0867675152778 0.0416292671875
1 0.558406378906 0.244990630556 0.0510397138889 0.0287098390625
1 0.560559616797 0.207348841667 0.02679585 0.0100484445313
1 0.535438507031 0.270510488194 0.0229678708333 0.0200968875
1 0.536873999219 0.290926374306 0.0204158875 0.0200968875
1 0.517494857031 0.276890451389 0.0280718416667 0.0157904109375
1 0.515341619141 0.246904620139 0.0242438652778 0.0143549195313
1 0.509599651172 0.300496320833 0.0293478361111 0.0114839367188
1 0.0698606089844 0.194588913194 0.0165879097222 0.0186613945313
1 0.0680788394531 0.121160358333 0.0690215444444 0.0237108085938
1 0.07237271875 0.2303167125 0.0523157083333 0.0165081578125
0 0.664752423828 0.238610665972 0.0433837569444 0.0236856179687
0 0.635922945703 0.0410444340278 0.0778355652778 0.0143549195312
0 0.650636738281 0.0416824305556 0.0765595722222 0.0165081578125
0 0.333273386328 0.0197778895833 0.0395557791667 0.0244033632812
3 0.67779146875 0.392580467361 0.160775101389 0.0315808234375
2 0.334469630859 0.297944334722 0.0331758138889 0.0488067273438
2 0.332675265625 0.330482152083 0.0370037930556 0.0624439015625
2 0.218553653516 0.360467984722 0.168431058333 0.204557607031
2 0.0595729171875 0.378331885417 0.119943329167 0.119145834375
2 0.450026734766 0.442769525 0.358553994444 0.469405877344
2 0.976254183203 0.474031350694 0.139083220833 0.0466534898437
