1 0.738750319922 0.364591761111 0.0312244833333 0.0278954023438
1 0.307611385547 0.456428473611 0.0202040777778 0.00619898046875
2 0.454591740234 0.48489785625 0.0220408125 0.0175637695313
2 0.575988397266 0.47663255 0.0165306111111 0.0103316304687
2 0.432378734766 0.485816220833 0.0348979527778 0.0289285648437
2 0.586836611328 0.477550915972 0.0183673430556 0.0113647945313
2 0.551709067188 0.483061120139 0.0734693708333 0.040293359375
2 0.595618496484 0.477550920833 0.0220408111111 0.00826530546875
2 0.602850636719 0.476632552778 0.020204075 0.0103316296875
2 0.612149105078 0.478469284028 0.0275510125 0.0123979570312
2 0.625580225 0.479387651389 0.0293877472222 0.016530609375
2 0.512965452734 0.5032652 0.0955101833333 0.0681887617187
2 0.662257512109 0.5005101 0.0899999833333 0.0733545757812
2 0.926747251563 0.485816222222 0.0422448888889 0.0960841625
3 0.835828903906 0.484897857639 0.0881632458333 0.0196300984375
