2 0.0618775761719 0.416667521528 0.288216193056 0.123755152344
2 0.114982339844 0.354283064583 0.0561460125 0.010527378125
2 0.132527968359 0.361145354861 0.0698705930556 0.0175456289062
2 0.188673980469 0.412300610417 0.137245806944 0.142470507813
2 0.269734785156 0.402942940972 0.101062820833 0.0617606140625
2 0.305176955078 0.374869934722 0.0524029444444 0.0189492789062
4 0.463830302344 0.288495708333 0.143008447222 0.108864625
5 0.531866477734 0.377989156944 0.0586413888889 0.0231602289062
2 0.555026709375 0.394832961806 0.107301268056 0.0386003859375
2 0.629771086719 0.374246090278 0.195887197222 0.130539478125
2 0.683109797266 0.442868993056 0.260767030556 0.202125641406
0 0.378068453906 0.223899547917 0.0399260541667 0.0079167109375
0 0.369043044141 0.222651859722 0.0324399194444 0.00631642734375
1 0.282367636719 0.260082532639 0.0124768902778 0.021054753125
2 0.405187449609 0.493789188889 0.383510697222 0.298976691406
1 0.609645011719 0.2692372375 0.0106779638889 0.0214512671875
3 0.950205348828 0.381355859722 0.0793220194444 0.0360381289062
7 0.919544335156 0.460932123611 0.0838982888889 0.065211853125
0 0.272002066797 0.309660958333 0.0213559277778 0.0188771148437
