0 0.388480252734 0.289539475 0.0355263166667 0.00799342109375
0 0.510879512891 0.293980263194 0.0373026319444 0.00699424296875
0 0.232108952344 0.389901317361 0.0195394736111 0.0089926
0 0.250094150391 0.391677634028 0.0230921069444 0.0129893101563
0 0.380486832422 0.291315790278 0.0355263138889 0.00799342109375
0 0.397472851953 0.290427633333 0.03375 0.00799342109375
0 0.502386503125 0.295756580556 0.03375 0.0039967109375
0 0.518373345313 0.297532895833 0.03375 0.007993421875
0 0.742688725391 0.357039475694 0.0390789486111 0.0229810851563
0 0.714212162891 0.357039475694 0.0390789486111 0.0119901320313
0 0.593811257422 0.417434213889 0.0248684222222 0.0109909539062
1 0.234107308594 0.349934213194 0.0106578930556 0.010990953125
1 0.234107307422 0.330394738194 0.0142105263889 0.0129893101562
1 0.318537819141 0.384572369444 0.0550657888889 0.0279769742187
1 0.298554266016 0.423651319444 0.0230921055556 0.0119901320313
1 0.779158708984 0.206940790278 0.0976973694444 0.0599506585938
1 0.5343601875 0.403223686111 0.0106578944444 0.01199013125
2 0.209627455859 0.475164477778 0.0408552638889 0.0439638164063
2 0.545351141797 0.468947370833 0.0497368416667 0.0259786179688
2 0.572328937109 0.475164475694 0.0657236847222 0.0399671054688
2 0.687733955469 0.482269739583 0.0692763152778 0.0549547703125
2 0.732696948828 0.490263161111 0.0461842111111 0.0209827304687
2 0.624785763281 0.532894739583 0.166973684722 0.13488898125
2 0.289062078516 0.51157895 0.120789475 0.116903783594
3 0.352509858594 0.450296055556 0.0515131583333 0.0179851984375
4 0.402468740625 0.436085528472 0.0444078958333 0.0899259875
2 0.114805504297 0.650131582639 0.426315790278 0.229611008594
2 0.442435845703 0.613717109722 0.378355266667 0.305748357031
2 0.827119235938 0.641250004167 0.387236844444 0.3457154625
