2 0.186447777734 0.313121949306 0.0244898069444 0.0327168523438
2 0.239827902734 0.337611754861 0.0336734847222 0.0413265492187
2 0.325733560937 0.400510389583 0.0183673569444 0.0086096984375
1 0.529770365234 0.367160121528 0.0260204208333 0.0180803648438
1 0.498344967578 0.243180473611 0.0627551305556 0.0637117632813
1 0.410956535547 0.2508335375 0.0872449388889 0.0886798882813
1 0.489304785156 0.389354011806 0.0153061319444 0.007748728125
1 0.457879388672 0.389354009028 0.0122449013889 0.00688775859375
1 0.414400415625 0.389354009028 0.0122449013889 0.007748728125
1 0.361020288672 0.369456041667 0.0275510333333 0.0180803648438
1 0.36231174375 0.391649929167 0.0198979666667 0.0086096984375
2 0.334760711328 0.387058088194 0.0198979652778 0.0120535789063
1 0.340357014062 0.367160120833 0.0137755166667 0.018080365625
0 0.4959800875 0.286443283333 0.0244898083333 0.066294671875
1 0.529783396875 0.391326713889 0.0153061333333 0.0086096984375
1 0.0393458554688 0.30240934375 0.0116580319444 0.010492228125
1 0.102299225 0.298911933333 0.009326425 0.010492228125
