2 0.473732216016 0.757019543056 0.0356604083333 0.0300884695312
2 0.448658491406 0.763387475694 0.0331132375 0.0315212546875
2 0.425733941016 0.762113890278 0.0356604083333 0.0257901164062
5 0.397794649219 0.749378027778 0.0815095083333 0.0415507453125
5 0.634920449609 0.666594938194 0.471226840278 0.255035605469
2 0.159236061719 0.800321470833 0.0713208222222 0.0630425078125
2 0.103357473828 0.806689404167 0.0840566777778 0.0515802351563
2 0.0524936324219 0.818151683333 0.08660385 0.0902654117187
2 0.0345838269531 0.821972438889 0.0738679916667 0.0630425101562
2 0.0145248472656 0.82961395625 0.0993397125 0.0286556851562
3 0.112670571484 0.824519611111 0.0687736472222 0.0128950585937
6 0.0661050808594 0.848717747917 0.137547295833 0.0515802351563
7 0.0661050808594 0.888198915278 0.0993397138889 0.0573113726562
2 0.811012696094 0.777396920833 0.443207944444 0.377974607813
0 0.432897863281 0.684425139583 0.0280188930556 0.011462275
0 0.396361864453 0.676783631944 0.02292455 0.0128950601563
1 0.328304608594 0.681877971528 0.0280188930556 0.01432784375
1 0.493791196875 0.713717613889 0.0305660638889 0.015760628125
