2 0.217159573047 0.592446515972 0.0437050736111 0.0355103695313
2 0.281351394922 0.599730700694 0.0728417847222 0.0327788007813
2 0.307984174609 0.6033727875 0.0898382 0.0423392882813
2 0.353055028516 0.607014879861 0.126259101389 0.0696549585938
2 0.448348365625 0.628937879167 0.165248972222 0.159173654687
2 0.643725491016 0.620799670139 0.285254181944 0.284965913281
5 0.107373346484 0.442240652778 0.648473919444 0.214746692969
2 0.963218796094 0.559060704167 0.0752698472222 0.0682891734375
1 0.736498741016 0.357531759028 0.0849820819444 0.0382419367187
1 0.264961995312 0.506736019444 0.0169964166667 0.0191209734375
0 0.252669942578 0.524460859028 0.0194244763889 0.00819470390625
1 0.407686363672 0.489253993056 0.0218525388889 0.0259498882812
