5 0.437042080859 0.187613279861 0.131873101389 0.0726491664062
5 0.598782064062 0.142069478472 0.280060409722 0.188887829688
0 0.238977515234 0.16518125625 0.0190332291667 0.00841201015625
0 0.324244694141 0.156344399306 0.0203927486111 0.00611782265625
0 0.209153122266 0.208006030556 0.0203927472222 0.00688255234375
0 0.331127246484 0.156344401389 0.0176737111111 0.00611782421875
1 0.199976384375 0.210725061806 0.0176737152778 0.006882553125
1 0.354833816016 0.152945610417 0.0108761291667 0.0137651039063
5 0.305891221094 0.209365545833 0.0367069472222 0.032118578125
5 0.290979023047 0.224320230556 0.0149546833333 0.0282949382813
5 0.360186910938 0.2127643375 0.0706948583333 0.0611782421875
3 0.476807939063 0.201208445833 0.0584592083333 0.0145298328125
3 0.407217687891 0.216163127778 0.0503021111111 0.00994146484375
2 0.256566260547 0.260347416667 0.0625377611111 0.0313538492187
2 0.199594021875 0.261027176389 0.0312688805556 0.032118578125
2 0.177799270703 0.278700889583 0.0394259819444 0.0221771148438
2 0.163269438281 0.284138956944 0.0421450083333 0.03135385
2 0.360569275781 0.239274913194 0.0475830819444 0.0405305875
2 0.217565129687 0.297734122222 0.107401805556 0.0665313390625
2 0.111650294531 0.322205416667 0.202567963889 0.148357242187
2 0.0481778671875 0.507099666667 0.314048319444 0.096355734375
2 0.308185405078 0.314048319444 0.180815702778 0.120827032031
3 0.820213309375 0.183633858333 0.281419919444 0.06423715625
3 0.979574146094 0.125174650694 0.248791526389 0.039001128125
3 0.829305083984 0.12585440625 0.163141984722 0.0290596617188
