2 0.0607309035156 0.696253510417 0.4063604125 0.121461807031
2 0.190800241016 0.569584680556 0.265239436111 0.228577732031
2 0.0430376484375 0.483721915278 0.100314913889 0.086075296875
2 0.288352244922 0.506675327083 0.0748111236111 0.0258225882812
2 0.326607930469 0.517726972222 0.0901134 0.050688784375
2 0.612091000781 0.520277352083 0.214231851389 0.162586671875
5 0.511191624609 0.490522925 0.130919458333 0.0602527070313
5 0.425116327344 0.425063194444 0.0408060694444 0.0927700421875
5 0.351474128516 0.449716859722 0.100314913889 0.0583399210937
2 0.422725347266 0.581486452083 0.268639940278 0.195104005469
3 0.692427944531 0.510075832639 0.119017695833 0.028691765625
7 0.797152889844 0.594238347917 0.113916934722 0.0545143578125
1 0.807195007031 0.261838927778 0.0748111222222 0.036342903125
1 0.662301589844 0.245686525694 0.0255037902778 0.0143458828125
1 0.676169276953 0.266939684722 0.0204030305556 0.0382556882813
1 0.674734689063 0.113916936111 0.105415672222 0.0793805515625
