1 0.661338042578 0.396562220139 0.0234374847222 0.0145019429688
3 0.165635258203 0.531327753472 0.0492187180556 0.0118652257812
2 0.317905660938 0.514921514583 0.0164062402778 0.013183584375
2 0.304722076562 0.5172652625 0.0210937361111 0.013183584375
2 0.291538491797 0.521952758333 0.0210937333333 0.0131835851562
5 0.272422293359 0.513749638194 0.0421874708333 0.0250488101563
2 0.262534605469 0.530155877083 0.0328124763889 0.01845701875
2 0.247373483594 0.528984004167 0.035156225 0.0171386609375
2 0.238144973828 0.531327752083 0.0351562263889 0.0171386601562
2 0.451719046484 0.507890269444 0.0257812333333 0.00922851015625
2 0.461606733984 0.511405891667 0.0281249805556 0.0131835835938
2 0.478086216016 0.503202770833 0.0398437222222 0.0224120945312
2 0.482700470313 0.509062141667 0.0328124777778 0.0184570171875
2 0.489292261719 0.511405891667 0.0328124777778 0.013183584375
2 0.497202413281 0.514921513889 0.0398437222222 0.01845701875
2 0.514341072656 0.513749639583 0.0515624652778 0.031640603125
2 0.619150571094 0.530155877778 0.0890624361111 0.0645995640625
2 0.679795060547 0.546562116667 0.107812427778 0.0988768851562
2 0.360093132422 0.511405890278 0.0187499888889 0.0105468679687
2 0.379209330078 0.509062140972 0.0140624902778 0.0171386601563
2 0.338999396484 0.517265260417 0.0304687291667 0.0237304523437
2 0.216392058984 0.536015248611 0.0445312194444 0.0395507539062
2 0.551255110547 0.512577765972 0.0820311930556 0.0500976226562
2 0.810971728906 0.555937109028 0.187499870833 0.203027204688
5 0.421396801562 0.500859023611 0.0398437222222 0.02241209375
2 0.406894857813 0.50789026875 0.0210937347222 0.0118652265625
2 0.992905196875 0.6262495625 0.112499922222 0.013183584375
1 0.0206158269531 0.328593516667 0.0328124777778 0.0171386601562
