0 0.0410003195313 0.319549540278 0.0277251 0.01079679375
1 0.215548484766 0.330213040972 0.0234597013889 0.0143957257812
1 0.536453189453 0.271563788889 0.0383886 0.0179946554687
1 0.625226826953 0.249170438889 0.0746445 0.0443868210937
1 0.702004026563 0.323814940278 0.0533175027778 0.02279323125
1 0.793176953516 0.186255791667 0.0298578 0.0467861070312
1 0.772783008203 0.154265290278 0.0426540027778 0.0419875320313
0 0.769184077734 0.233175188889 0.0298578 0.0179946554687
2 0.787778554688 0.359004490972 0.0554502013889 0.0743779125
2 0.722997791797 0.368601640278 0.0618483 0.0839750617187
2 0.601233951172 0.354739090278 0.0341232 0.0179946570313
2 0.582039650781 0.359004489583 0.0298577986111 0.02279323125
2 0.559846241797 0.356871790278 0.0383886 0.0287914507813
2 0.524456751563 0.364336240972 0.0362559013889 0.0347896703125
2 0.391896116406 0.381397840278 0.0533175 0.0647807625
2 0.871253834766 0.351360234028 0.0429671291667 0.0584734117187
