2 0.408531123828 0.683524028472 0.469889484722 0.535618069531
2 0.339306335156 0.584076519444 0.111878447222 0.2964778875
2 0.771436840234 0.581590331944 0.0720994444444 0.106284524219
2 0.711302175391 0.570402488194 0.0795580069444 0.0419544179688
2 0.613408532031 0.555485359722 0.0646408805556 0.0615331453125
2 0.614107773438 0.571645580556 0.0720994416667 0.0405559375
2 0.659558392188 0.57786105 0.114364636111 0.100690603125
2 0.821782142578 0.621369334722 0.146685075 0.165020711719
1 0.921773504687 0.376479840278 0.02983425 0.0265711328125
1 0.925968946875 0.405071001389 0.0223756861111 0.0293680921875
1 0.0770912222656 0.345402496528 0.0273480652778 0.0181802492187
1 0.0924745082031 0.36404890625 0.0198895041667 0.0237741695313
1 0.0896775488281 0.388910781944 0.0248618777778 0.0153832882812
1 0.260991420703 0.0806235027778 0.124309386111 0.0279696117187
