0 0.471672425781 0.416587389583 0.0298577986111 0.00599821875
0 0.505262450781 0.425118190278 0.0298578 0.00599821875
0 0.480669753906 0.414454690278 0.0255924 0.0071978625
1 0.709201888672 0.376066090972 0.0511848013889 0.0251925179687
1 0.535853367969 0.427250890278 0.0127962 0.0215935875
1 0.440481688281 0.408056589583 0.0213269986111 0.01079679375
1 0.375101103906 0.417653740278 0.0106635 0.014395725
1 0.380499500781 0.445378840278 0.0106635 0.01319608125
0 0.444680441797 0.480568389583 0.0170615986111 0.00719786328125
0 0.471672425781 0.482701090278 0.0170616 0.00599821875
1 0.484268685156 0.474170290278 0.0085308 0.0191943
1 0.564644816406 0.431516290278 0.0127962 0.0167950125
2 0.468673316406 0.518956990278 0.0255924 0.0167950125
2 0.438082400781 0.516824290972 0.0255924013889 0.01319608125
2 0.427885428906 0.521089690278 0.0255924 0.0167950125
2 0.405092197656 0.525355090278 0.042654 0.033590025
2 0.291725862109 0.552013839583 0.130094698611 0.0755775554687
2 0.227544921484 0.570141790278 0.1748814 0.105568649219
2 0.0945781613281 0.580805290278 0.3327012 0.189156322656
2 0.486068150781 0.515757940278 0.0191943 0.01319608125
2 0.496265122656 0.517890640278 0.0149289 0.0119964375
2 0.504062807813 0.517890640278 0.0191943 0.0155953703125
2 0.513060135937 0.525355090278 0.0170616 0.0095971515625
2 0.549049448828 0.518956990278 0.0810426 0.0575828992187
2 0.654018275781 0.513625240278 0.2324643 0.17154905625
2 0.821368580078 0.526421440278 0.1855449 0.184745138281
2 0.8824926625 0.576539890278 0.255924 0.235014675
