2 0.493249577734 0.513673708333 0.0153061305556 0.0215242445313
2 0.476030183203 0.504490032639 0.0306122597222 0.0129145476562
2 0.464407090234 0.509081870139 0.0367347097222 0.0223852148437
2 0.453214484375 0.516734936111 0.0397959361111 0.0258290921875
2 0.427815875391 0.528214532639 0.0780612597222 0.0456314007812
2 0.416623269531 0.5381635125 0.0734694194444 0.0266900640625
2 0.365051183594 0.562500252083 0.148469454167 0.1050383125
1 0.532940292187 0.481683881944 0.0137755138889 0.0086097
1 0.533657773437 0.476020622222 0.0153061333333 0.006026790625
2 0.515720893359 0.507398186111 0.0260204194444 0.0120535757813
2 0.519164773828 0.511990025694 0.0352040986111 0.0103316351562
2 0.529065925 0.515051252778 0.0474490027778 0.018080365625
2 0.539397562109 0.522704315278 0.0596939055556 0.0232461804687
2 0.56350471875 0.532653300694 0.0948980013889 0.0576849765625
2 0.593638657422 0.558291068056 0.111734744444 0.0783482492187
1 0.994334012891 0.185204165278 0.0306122611111 0.00947066640625
1 0.964200072266 0.215816426389 0.0428571666667 0.0301339429688
1 0.974101223047 0.270153185417 0.0505102291667 0.0275510320313
1 0.306935725781 0.386862420139 0.0474490013889 0.0180803640625
1 0.675430786719 0.376913434028 0.0520408375 0.018080365625
