2 0.324079812891 0.539468652778 0.0191338611111 0.0143503945313
2 0.301358351563 0.544783615972 0.0552756069444 0.0334842625
2 0.263688557813 0.559665509722 0.0510236361111 0.041855328125
2 0.230802230078 0.569232439583 0.0446456819444 0.0143503976563
2 0.481037289453 0.559665510417 0.0850393958333 0.0418553257812
2 0.539634744531 0.551161570833 0.16157485 0.125565979688
2 0.813653453516 0.706880780556 0.443286194444 0.371049177344
2 0.398522501953 0.568169447917 0.212598481944 0.130349444531
2 0.141112245312 0.549035584028 0.187086659722 0.172204773437
0 0.418962754297 0.468257324306 0.0259321930556 0.0137288101562
0 0.354608953906 0.456816650694 0.0152542347222 0.012012709375
