1 0.377640559766 0.706020845833 0.0173299166667 0.0175465414063
1 0.398598928125 0.706020845833 0.0173299166667 0.0263198109375
1 0.572114725391 0.592509886806 0.0363928263889 0.0204709648438
2 0.389338254297 0.746919433333 0.0242618861111 0.00974807890625
2 0.424918740234 0.743453449306 0.0173299180556 0.0126725023438
2 0.435641626563 0.743453449306 0.0173299180556 0.0087732703125
2 0.447339320703 0.739120970139 0.0155969236111 0.0126725023438
2 0.377640559375 0.746919434722 0.0173299166667 0.009748078125
2 0.444414897266 0.751945127083 0.0294608597222 0.0204709648438
2 0.406884794922 0.76407606875 0.0571887291667 0.0370426976562
2 0.461961438281 0.743280165972 0.0190629097222 0.0165717328125
2 0.490230866016 0.770141538194 0.0623877013889 0.0477655851562
2 0.632065407031 0.813466332639 0.176765154167 0.157918870313
2 0.868358846094 0.798735901389 0.123042408333 0.140372328125
2 0.945076205859 0.823171068056 0.235686872222 0.108203669531
