2 0.473296407031 0.371887125694 0.0203773763889 0.0229245484375
2 0.488340644141 0.371038061111 0.0203773777778 0.0128950585937
1 0.577889663281 0.37231165 0.0331132361111 0.0229245484375
1 0.474729192969 0.34429275625 0.0229245513889 0.0171934125
1 0.208231311719 0.321368204861 0.0483962680556 0.034386821875
0 0.493355388672 0.344292754861 0.0280188930556 0.0143278429688
1 0.239752566797 0.31202858125 0.0993397125 0.0458490976562
1 0.281303311719 0.313302168056 0.0967925388889 0.042983528125
1 0.249782057031 0.328585201389 0.0254717222222 0.0171934125
2 0.332456702734 0.365519195833 0.0433019277778 0.0593232539062
2 0.193187076953 0.353207858333 0.0305660666667 0.0386851773438
0 0.0109846757812 0.416887159722 0.0662264722222 0.0219693515625
0 0.360822840234 0.2954719625 0.020377375 0.0128950601562
1 0.109231897266 0.276368173611 0.089151025 0.0616097257812
