1 0.0274946066406 0.470888695139 0.111007981944 0.0473350585937
1 0.218345524219 0.440451022222 0.0286472222222 0.0322281234375
1 0.218849089844 0.474469596528 0.0214854152778 0.0473350578125
1 0.465092095313 0.508544526389 0.0392772194444 0.022156834375
1 0.463581403516 0.455669859028 0.0447612847222 0.0251782210937
2 0.708313715234 0.48700275625 0.0214854152778 0.00906415859375
2 0.703278072266 0.500431139583 0.00895225694444 0.00906416015625
2 0.709320844531 0.515649977778 0.0214854166667 0.0231639640625
2 0.686660446484 0.525497456944 0.0304376722222 0.0140998054688
2 0.67961054375 0.533554490278 0.0286472222222 0.0181283203125
2 0.671553511719 0.53713539375 0.0286472208333 0.0201425765625
2 0.661482223437 0.545192425 0.0375994777778 0.0241710921875
2 0.649396676953 0.549668551389 0.032228125 0.0241710929687
2 0.643353904687 0.568468290972 0.0447612847222 0.0201425765625
2 0.611629344922 0.568468290972 0.0734085041667 0.0513635710937
2 0.565301417578 0.606962995139 0.0931034680556 0.0735204070313
2 0.775791348437 0.495059786111 0.0232758694444 0.0191354484375
2 0.792408976172 0.516545202083 0.0196949625 0.0241710929688
2 0.821112147656 0.512964299306 0.0196949625 0.0292067375
2 0.834708387891 0.523707007639 0.0375994763889 0.0241710929687
2 0.854850965234 0.534449714583 0.0411803819444 0.0322281226562
2 0.884057701953 0.534449715972 0.0447612847222 0.0422994117188
2 0.914271567969 0.547427743056 0.0563937277778 0.0523707015625
2 0.967145832422 0.563992161111 0.06803715 0.0634491195313
2 0.991126659766 0.598905963889 0.0590848944444 0.0167406601562
2 0.703525513281 0.533671501389 0.0210937361111 0.01450194375
