0 0.452336634766 0.238595150694 0.0312688680556 0.0206476570312
0 0.394982032422 0.22160119375 0.0367069458333 0.0206476570313
0 0.625547539453 0.287877626389 0.0305891222222 0.0229418414063
0 0.610061797266 0.315407838889 0.0312688861111 0.0172063804687
0 0.545251094922 0.302492435417 0.0326283986111 0.0160592882812
0 0.790728798047 0.438104206944 0.0305891222222 0.0137651054688
0 0.210873753125 0.444222034722 0.0265105722222 0.014912196875
2 0.0342215738281 0.5125377375 0.0856495416667 0.0676784335938
2 0.216035667578 0.47787006875 0.0326283958333 0.0252360257813
2 0.251595523047 0.453398770833 0.0163142 0.0183534742188
2 0.255036798437 0.473791517361 0.0163141986111 0.0160592890625
2 0.286008285547 0.481948616667 0.0326283972222 0.0206476570313
2 0.916737936719 0.543419556944 0.064482675 0.102896304687
1 0.839480210938 0.441163120139 0.0489425958333 0.0149121984375
1 0.669137037109 0.454418405556 0.0305891222222 0.0137651039062
1 0.743698023047 0.474811155556 0.0305891222222 0.0160592882812
1 0.667989945312 0.482968254167 0.0305891222222 0.0114709203125
2 0.473557839453 0.47175224375 0.0285498458333 0.0126180132813
1 0.597443782422 0.453398770139 0.0326283986111 0.0126180132813
2 0.692078880078 0.519675199306 0.0591389652778 0.0871789976562
2 0.612355981641 0.519675202083 0.0509818708333 0.0699726164062
2 0.331318422656 0.503361002083 0.0509818708333 0.0355598546875
2 0.364584092969 0.501321729167 0.0346676722222 0.024088934375
2 0.397849762891 0.503361002778 0.0346676722222 0.0355598539062
2 0.456925003906 0.506419914583 0.0407854958333 0.057354603125
