2 0.320280544531 0.469285613889 0.0128571416667 0.0103316296875
2 0.310465495703 0.469285614583 0.0165306125 0.0113647960938
2 0.293934887109 0.464693779167 0.0404081555556 0.0196300976563
2 0.385059864453 0.477550918056 0.0330612194444 0.0258290773437
2 0.337017782422 0.472959081944 0.0202040777778 0.0165306085937
2 0.453765207422 0.498673363194 0.0753061097222 0.0330612179687
2 0.875577829297 0.594761809722 0.157169975 0.231372817969
2 0.49259738125 0.499329347917 0.102857118056 0.0733545765625
2 0.415848126172 0.502897858333 0.08816325 0.0671555992187
3 0.246409386719 0.4615713375 0.0569387666667 0.0154974453125
3 0.176154300391 0.460101942361 0.0569387652778 0.0134311210937
3 0.18958541875 0.4457142 0.0404081527778 0.0113647953125
3 0.0991836519531 0.442959099306 0.0716326375 0.00826530546875
3 0.075420903125 0.428418276389 0.0826530444444 0.0227295875
3 0.0191135160156 0.468826429861 0.185510165278 0.0382270320313
2 0.357990994922 0.481224388889 0.0514285611111 0.0361607054688
6 0.0496387886719 0.458040835417 0.1506122125 0.0382270320312
7 0.0486056277344 0.495860863889 0.104693855556 0.0444260117188
3 0.121443621484 0.44259556875 0.0716326375 0.0185969351563
3 0.578261369141 0.511530504861 0.0606122319444 0.0113647929688
3 0.665563645703 0.51979580625 0.0661224347222 0.0144642820313
3 0.54117080625 0.500510097917 0.0679591652778 0.01446428125
3 0.611115942187 0.506938668056 0.0624489666667 0.013431121875
3 0.685503681641 0.519795807639 0.0551020291667 0.0113647945312
3 0.695318728906 0.521632542361 0.0587754986111 0.0103316296875
3 0.739228159766 0.532652948611 0.0697959055556 0.0134311195312
3 0.750076371875 0.531734580556 0.0679591694444 0.01239795625
3 0.819814876562 0.515203972917 0.0477550930556 0.0227295859375
0 0.581483533203 0.446785620139 0.0247959152778 0.0151229210937
0 0.452150891016 0.3232652375 0.0367346888889 0.00929846953125
0 0.236736394922 0.2295917875 0.0477550916667 0.0144642820312
0 0.095051 0.331530540972 0.0422448875 0.01239795625
0 0.0800701363281 0.365510125694 0.0330612152778 0.0185969351562
0 0.807726887109 0.4316325625 0.0404081527778 0.0227295867188
1 0.986154127734 0.341632579861 0.159795881944 0.0268622398438
1 0.189585419141 0.231428522917 0.0422448875 0.0134311195313
1 0.155491038672 0.249795866667 0.0459183583333 0.0754209023438
1 0.101766558984 0.296632590278 0.0220408111111 0.0134311195313
1 0.113131353516 0.301224427778 0.0385714222222 0.0237627507812
1 0.534455263281 0.371020327083 0.0220408097222 0.021696425
1 0.588179740625 0.401326445139 0.0165306097222 0.0216964234375
1 0.573715459766 0.420612156944 0.0183673416667 0.0237627507812
1 0.787580208594 0.357244824306 0.0238775486111 0.03409438125
1 0.786547045703 0.380204001389 0.014693875 0.0196300976563
3 0.899811217578 0.523994069444 0.0514285611111 0.0237627507813
3 0.221096891406 0.468367247917 0.0808163097222 0.01446428125
2 0.2712053 0.47020398125 0.0587754986111 0.040293359375
