3 0.293568900391 0.526663375 0.0939012194444 0.0176064789063
3 0.274814173438 0.530405811806 0.0911794458333 0.0183719796875
3 0.135493339062 0.562386663889 0.168750022222 0.0344474578125
3 0.205536505078 0.535168920833 0.0925403333333 0.0199029742188
7 0.821992914062 0.543674464583 0.0612399291667 0.0244959703125
5 0.822299130859 0.527479914583 0.0881854763889 0.0229649726562
2 0.803391296484 0.525982932639 0.0340221847222 0.0329164601563
2 0.846259245313 0.523941599306 0.0598790375 0.0359784578125
2 0.948759591406 0.532106923611 0.0353830694444 0.0275579671875
2 0.932224806641 0.532106923611 0.0299395166667 0.0143913742188
2 0.914312132422 0.534828697917 0.0272177458333 0.0244959710938
4 0.866851188672 0.511693613194 0.0789314625 0.0872668976562
2 0.0822911523438 0.507157331944 0.0299395194444 0.063536425
2 0.00535849375 0.508518217361 0.0217741958333 0.0107169875
2 0.707321160547 0.577016202083 0.322530284722 0.219698238281
2 0.970270097266 0.581779309722 0.163306475 0.0551159335938
0 0.920436125781 0.438886146528 0.0231350847222 0.0061239921875
0 0.885605917187 0.451814575694 0.0217741986111 0.006889490625
0 0.945697595703 0.479032320139 0.0217741958333 0.00612399296875
0 0.196350516016 0.0963508125 0.100705658333 0.0329164601563
0 0.526050983203 0.23516131875 0.0680443652778 0.0199029757813
0 0.403571130469 0.333825652778 0.0503528305556 0.0153099828125
0 0.412374369531 0.442016188194 0.0272177458333 0.014544484375
5 0.923345013281 0.517137163194 0.0408266180556 0.0244959703125
3 0.31150345 0.566809557639 0.189163309722 0.04210245
3 0.249476160156 0.571572656944 0.190524219444 0.0436334484375
3 0.199718714453 0.532787366667 0.118397191667 0.0237304726562
1 0.422478943359 0.389213759722 0.0190524222222 0.0221994726563
1 0.419263860938 0.423235942361 0.0299395208333 0.0145444828125
1 0.178361289063 0.431809535417 0.0340221847222 0.0107169875
1 0.351746832422 0.430448646528 0.0313004069444 0.0114824867188
