5 0.864421806641 0.412124967361 0.309749973611 0.269999978906
2 0.724570254297 0.454499963194 0.112499990278 0.0502031210938
2 0.656015571875 0.4642499625 0.0809999916667 0.08184374375
2 0.589612468359 0.466499964583 0.0539999958333 0.0506249960938
2 0.540337450781 0.458249963889 0.0524999972222 0.0455624953125
2 0.506370504688 0.459214248611 0.032571425 0.0219375
1 0.599484326563 0.305999975 0.0479999944444 0.0295312484375
5 0.389390595312 0.387428539583 0.353999968056 0.186468735937
2 0.282234353125 0.449357111806 0.122999990278 0.044718746875
2 0.193640608984 0.488571390972 0.1619999875 0.147656238281
1 0.207562482422 0.356678542361 0.0404999986111 0.0303749976563
1 0.1662187375 0.383357115278 0.021 0.0134999984375
1 0.127406239453 0.381857113889 0.0299999944444 0.0185624976562
1 0.607861573438 0.4088571125 0.0209999972222 0.0151874984375
