2 0.454094648438 0.450226581944 0.0272040222222 0.0102015078125
2 0.469715707813 0.460428090972 0.0362720291667 0.0019127828125
2 0.474178867969 0.466662345833 0.0238035194444 0.0095639140625
2 0.478323230859 0.470062848611 0.0442065361111 0.0165774507812
2 0.495857072656 0.472329850694 0.0646095541667 0.0261413640625
2 0.523634939453 0.483929348611 0.0787405416667 0.0396158757813
2 0.443446816406 0.446486008333 0.0238035194444 0.0095639140625
2 0.431651322266 0.442518755556 0.0158690138889 0.00892631953125
2 0.407040179688 0.436171160417 0.0158690125 0.00765113125
2 0.419473267187 0.437871411806 0.0124685097222 0.008288725
2 0.189301739844 0.48661196875 0.1076825875 0.120505317187
2 0.0545143101563 0.490805902083 0.1382871125 0.109028620313
2 0.2518497375 0.477770640972 0.0476070375 0.0471819765625
2 0.288830205859 0.477203890278 0.0419395333333 0.0293293382812
2 0.311146004687 0.4726698875 0.0374055305556 0.0204030171875
2 0.334099398828 0.463035129167 0.0272040222222 0.0204030164062
2 0.352270835156 0.457367625 0.0272040222222 0.0184902328125
2 0.372036257812 0.453967121528 0.0294710236111 0.018490234375
2 0.395946042969 0.451133369444 0.030604525 0.0178526390625
2 0.576982966797 0.490919254861 0.119017590278 0.0668198726563
2 0.685629026953 0.559496065278 0.197229161111 0.140270739844
2 0.875254388281 0.62206365625 0.286098940278 0.246631114062
1 0.488397212109 0.384823565278 0.0226700194444 0.00892631953125
1 0.365022720703 0.412594336806 0.0238035180556 0.00446316015625
1 0.390526490625 0.413161088194 0.0158690125 0.005738346875
1 0.541636333594 0.40465983125 0.0170025125 0.004463159375
1 0.345576096094 0.412027588194 0.0249370208333 0.0127518859375
0 0.430330601953 0.412351445833 0.0102015083333 0.00828872421875
0 0.459022344141 0.4163187 0.0113350111111 0.00701353671875
1 0.486484429687 0.40279765625 0.0306045263889 0.0153022625
2 0.465231285937 0.466246718056 0.0272040222222 0.014027075
2 0.452798197656 0.45321145625 0.0306045236111 0.0133894796875
0 0.399100533594 0.412345836806 0.00970225416667 0.007016809375
