7 0.859291407031 0.464948531944 0.0639175361111 0.0498711421875
7 0.935837811719 0.549484628472 0.134020640278 0.103221665625
7 0.952654824609 0.563917619444 0.129896930556 0.0881443445312
7 0.896404815234 0.509278434722 0.0453608305556 0.0382732023438
4 0.569806817188 0.395876352778 0.292783552778 0.156572190625
4 0.367306757812 0.412371201389 0.164948480556 0.0777061984375
2 0.342603142187 0.481443379167 0.105154658333 0.02783505625
2 0.753866105078 0.54226813125 0.251546431944 0.259793857031
2 0.448840279297 0.524742355556 0.257732002778 0.171649513281
2 0.955403820703 0.707802847222 0.332830605556 0.0855496195312
4 0.17211343125 0.442858747917 0.881593781944 0.3442268625
0 0.421005223047 0.364948513889 0.0288659833333 0.00927835078125
1 0.408247489062 0.362886657639 0.0206185597222 0.0115979390625
