2 0.262613375781 0.469316829861 0.0995767847222 0.0762129734375
2 0.415957551562 0.453808972222 0.0555018166667 0.0339744609375
2 0.77636226875 0.486457100694 0.1240628875 0.113860342188
2 0.619345180859 0.448095551389 0.0930471638889 0.0606030867188
2 0.337908120313 0.472581647222 0.135489730556 0.11661503125
2 0.0883795011719 0.497067740972 0.204050795833 0.176759002344
2 0.5601194375 0.453808971528 0.0424425652778 0.024792171875
2 0.507321293359 0.466052022222 0.128960105556 0.0789676585938
2 0.892518185156 0.5019649625 0.1779323 0.212110803125
2 0.454982263672 0.43666870625 0.0179564736111 0.0202010273438
0 0.502795738672 0.373937663194 0.0244860958333 0.00918228671875
0 0.434614293359 0.372953846528 0.0261185069444 0.00459114296875
