0 0.621100175781 0.346645590278 0.0298342527778 0.0097893625
0 0.653964469141 0.346645592361 0.0198895041667 0.00839088359375
0 0.449786301953 0.371507467361 0.0198895013889 0.0111878460938
0 0.521808053125 0.329242275 0.024861875 0.006992403125
0 0.518311851563 0.407557190278 0.0223756888889 0.008390884375
0 0.572852595703 0.351617965972 0.0248618763889 0.00839088515625
0 0.566559432812 0.350374872222 0.0273480638889 0.0097893625
1 0.197360553906 0.23725333125 0.0994475097222 0.076916434375
1 0.326020767969 0.196231232639 0.0770718208333 0.02377416875
1 0.332313930469 0.277032334722 0.0248618777778 0.016781765625
1 0.339306334375 0.321783713889 0.0497237555556 0.01398480625
1 0.325321529297 0.318054431944 0.0422651916667 0.0111878460938
1 0.451884022656 0.334214652778 0.0248618777778 0.0153832875
1 0.451184782422 0.3043804 0.0149171277778 0.0139848070313
1 0.506424766797 0.339187027778 0.0149171277778 0.0237741695312
1 0.512018688672 0.362805811111 0.0223756888889 0.0153832867187
1 0.504327044922 0.38145221875 0.00994475138889 0.0139848070312
1 0.642776625781 0.341673215278 0.0149171277778 0.01398480625
1 0.663054594141 0.289463272222 0.0397790055556 0.0153832867187
1 0.725286979687 0.244711891667 0.0596685055556 0.03636049375
1 0.708505212891 0.350374872222 0.0323204416667 0.0279696132813
1 0.726685461328 0.390153874306 0.0422651930556 0.0167817664063
1 0.734377104297 0.331728464583 0.0198895013889 0.0153832867187
1 0.73507634375 0.350374872222 0.0174033138889 0.016781765625
2 0.582641958984 0.447336195139 0.0372928180556 0.0251726507813
2 0.536492099219 0.464739509028 0.0720994458333 0.0699240296875
2 0.501530083984 0.451065475694 0.0795580069444 0.0279696132813
2 0.368674426563 0.5803472375 0.407734788889 0.318853578125
2 0.665293117578 0.436171575 0.0257812333333 0.0197753773438
