2 0.282567423438 0.579967108333 0.0515131583333 0.0279769734375
2 0.252092505859 0.595065792361 0.0710526319444 0.0529564148438
2 0.578324003516 0.575526319444 0.0284210527778 0.0219819085937
2 0.588815369531 0.587072372222 0.0444078944444 0.018984375
2 0.605801389063 0.589736845833 0.0639473694444 0.0229810859375
5 0.522869644922 0.534671054861 0.131447368056 0.0749383226562
5 0.441436668359 0.517796055556 0.03375 0.0419654617187
5 0.116304271094 0.636809213889 0.445855266667 0.232608542187
5 0.799142261719 0.414769738194 0.825986845833 0.399671054687
2 0.535858954297 0.6057236875 0.106578947222 0.0789350335937
2 0.372493410937 0.6563486875 0.296644738889 0.24379934375
