1 0.121359949219 0.330830122222 0.0569170083333 0.017008403125
1 0.561577451953 0.295256990972 0.0426877569444 0.0650321304688
1 0.553573497266 0.372628552778 0.0302371611111 0.0130064257813
1 0.291443984375 0.369071238889 0.0266798472222 0.0110054375
0 0.425907003906 0.332510151389 0.0152464 0.00579603125
0 0.342954853906 0.371286776389 0.00976704444444 0.007974778125
0 0.432713795312 0.374110770139 0.0142292513889 0.005002471875
0 0.488741477344 0.388340023611 0.0142292527778 0.0090044484375
0 0.445720221484 0.386561366667 0.0142292527778 0.00900444921875
0 0.402698965625 0.39723330625 0.0142292513889 0.0090044484375
2 0.43961720625 0.417094967361 0.0302371625 0.0140069203125
2 0.422608802734 0.420652280556 0.0586956666667 0.0360177960938
2 0.498654117188 0.426115024306 0.0376053375 0.02402735625
2 0.466904348438 0.441477379167 0.103903177778 0.0625782390625
2 0.268032429687 0.417094967361 0.0551383541667 0.049024221875
2 0.332564313281 0.451778770139 0.142292526389 0.114056353125
2 0.228512903906 0.457114740972 0.110276709722 0.104051409375
2 0.653491705469 0.436660188889 0.329051466667 0.18055156875
3 0.977282844141 0.496245184722 0.192094911111 0.0400197742187
0 0.485719140234 0.340133351389 0.0110882916667 0.00311858203125
3 0.555107588672 0.417889982639 0.0568274930556 0.00935574609375
3 0.519243896094 0.417196964583 0.0194045097222 0.00311858125
3 0.513786377734 0.417889982639 0.0207905458333 0.00311858203125
