1 0.601046965625 0.474011976389 0.0320158166667 0.0080039546875
2 0.502748396875 0.547826225 0.0177865638889 0.0110054375
2 0.49474444375 0.552272865972 0.0160079069444 0.005002471875
2 0.491742960156 0.550494211111 0.0160079083333 0.007003459375
2 0.486240241406 0.552272868056 0.0195652222222 0.0080039546875
2 0.480737523828 0.554051523611 0.0195652222222 0.00900444765625
2 0.469231836719 0.552272865972 0.0231225375 0.0140069203125
2 0.459727142187 0.556719506944 0.0249011888889 0.0090044484375
2 0.455224917578 0.558498165972 0.0249011902778 0.00800395546875
2 0.451222940234 0.561166149306 0.0266798486111 0.0100049429688
2 0.446720715625 0.562944804861 0.0266798486111 0.0090044484375
2 0.434214537109 0.562055477083 0.0426877597222 0.0240118632813
2 0.429212065625 0.568280776389 0.0409091027778 0.0180088984375
2 0.543768665234 0.54533611875 0.0249011930556 0.00900444765625
2 0.548771136719 0.547114773611 0.0320158194444 0.0090044484375
2 0.555274349609 0.547114775694 0.0284585069444 0.0160079101562
2 0.55527435 0.55245074375 0.0320158180556 0.0080039546875
2 0.560276821094 0.551561416667 0.0373517888889 0.0100049421875
2 0.566780035156 0.550672088889 0.0426877583333 0.0110054375
2 0.577785472266 0.556008055556 0.0569170111111 0.0310153242187
2 0.582287696094 0.570237311111 0.060474325 0.018008896875
2 0.610801784766 0.57290529375 0.0907114875 0.0590291648437
2 0.668997225 0.610672109722 0.145849841667 0.0900444890625
2 0.773548881641 0.656917179861 0.231225354167 0.229113199219
2 0.970065592969 0.879249252083 0.234782668056 0.0598688140625
2 0.307985505859 0.571245213194 0.0480237291667 0.0450222445312
2 0.258461037109 0.612154315278 0.0871541722222 0.0880435023438
2 0.367514917578 0.631719536111 0.183201627778 0.160079091406
2 0.0225111226563 0.661067369444 0.220553413889 0.0450222453125
