2 0.0212372253906 0.505931011111 0.0293877527778 0.0309948914062
2 0.045516559375 0.504094272222 0.0220408111111 0.027895403125
2 0.071345634375 0.518788150694 0.0220408180556 0.029961728125
2 0.0889094054687 0.513277944444 0.0257142777778 0.01756376875
2 0.119387714844 0.515114680556 0.0330612166667 0.0392601953125
2 0.189126221484 0.521543249306 0.0495918236111 0.0444260101562
2 0.233035651953 0.538992226389 0.0734693722222 0.0516581523437
2 0.258348145703 0.570216709028 0.0918367152778 0.0361607070313
2 0.378195057813 0.531645288194 0.0367346819444 0.03616070625
2 0.426164851562 0.564708046528 0.124811431944 0.0990390765625
2 0.318271601953 0.595012620139 0.189183629167 0.125012728906
2 0.595799466406 0.5353306625 0.165566186111 0.05301301875
2 0.782678391406 0.640930979167 0.707142708333 0.431862154687
1 0.506307276172 0.51786978125 0.0238775458333 0.0113647945312
1 0.476862130469 0.4499106125 0.0312244833333 0.018596934375
1 0.666948945703 0.0925398395833 0.185079679167 0.240254450781
1 0.475684389453 0.487019297917 0.0203773763889 0.0114622742187
1 0.894159748047 0.0866038125 0.163019013889 0.167635763281
1 0.951471120312 0.21268883125 0.0687736458333 0.0902654109375
