2 0.544205722656 0.581326407639 0.0238775458333 0.01446428125
2 0.535252255078 0.584868686111 0.0257142805556 0.0113647929687
2 0.526986949219 0.583950317361 0.0348979486111 0.017563771875
2 0.513039250781 0.587623786111 0.0459183583333 0.018596934375
2 0.497541803516 0.584868684722 0.0697959027778 0.0268622382812
2 0.466030330859 0.596807458333 0.101020386111 0.0671555992188
2 0.448983140234 0.610582965278 0.0991836527778 0.0516581523437
2 0.422637483203 0.622521738889 0.101020386111 0.0526913164063
2 0.630229462109 0.594970723611 0.0312244833333 0.0165306085937
2 0.613182270312 0.592215620139 0.0293877486111 0.0154974453125
2 0.579604471484 0.580276849306 0.0275510125 0.0206632601563
2 0.562040701562 0.577521747222 0.0330612166667 0.0206632609375
2 0.603883803906 0.588542154167 0.0257142805556 0.01136479375
2 0.663290680859 0.594970722222 0.0753061055556 0.0557908039062
2 0.890586562109 0.653090250694 0.227755054167 0.212831588281
2 0.374560345703 0.643959050694 0.0991836513889 0.0950509992188
1 0.266121779297 0.387170159028 0.112075573611 0.0257901179687
