1 0.163280314453 0.186296610417 0.0467907763889 0.0302190445312
1 0.631675483984 0.18196413125 0.0242618847222 0.0116976945313
1 0.632650291797 0.149903784028 0.0294608597222 0.0136473101563
2 0.482042480078 0.32060346875 0.0346598347222 0.0243701960937
2 0.503488251953 0.32580244375 0.0346598319444 0.0165717320312
2 0.516160754297 0.31800398125 0.0363928263889 0.0165717335938
2 0.530295467969 0.31280500625 0.0467907763889 0.01169769375
2 0.309501491016 0.324069452083 0.0311938486111 0.0302190429687
2 0.554178260156 0.308472527083 0.0554557347222 0.04581596875
2 0.391872753906 0.313671502083 0.0519897513889 0.0526396234375
2 0.266122541797 0.324935949306 0.0502567625 0.0565388554688
2 0.945076206641 0.309339022917 0.1126444625 0.108203671094
2 0.953849477344 0.595282658333 0.244351833333 0.0906571296875
