1 0.880810239062 0.189183633333 0.0771428416667 0.041326521875
0 0.594314130859 0.257142802083 0.0440816236111 0.0175637710938
0 0.509078179687 0.296632590972 0.0312244847222 0.01239795625
0 0.568485055078 0.3232652375 0.0220408111111 0.0134311210938
0 0.457936608203 0.337959111806 0.0220408125 0.00929846796875
2 0.42394123125 0.386326449306 0.0330612152778 0.0330612171875
2 0.399145317969 0.38999991875 0.0440816236111 0.0227295859375
2 0.368150426953 0.399183589583 0.0587754958333 0.0454591742188
2 0.319325653906 0.410203994444 0.0734693722222 0.052190371875
2 0.280832510938 0.41575506875 0.0992653958333 0.0557908046875
2 0.251387364063 0.422183639583 0.104775595833 0.065089271875
2 0.142905244141 0.454367361111 0.146938744444 0.164272924219
