2 0.466220989063 0.357890370139 0.0257812319444 0.009228509375
2 0.460288375781 0.363749743056 0.0281249805556 0.013183584375
2 0.451719045703 0.373124736111 0.0328124777778 0.0197753773438
2 0.551914289453 0.363749743056 0.0328124777778 0.0224120945313
2 0.577622278906 0.362577868056 0.0164062361111 0.0210937359375
2 0.559165261328 0.386015351389 0.0398437222222 0.0263671695313
5 0.518955327344 0.352031001389 0.037499975 0.011865225
5 0.536093987891 0.349687252778 0.0609374583333 0.0303222445312
2 0.480063753906 0.357890371528 0.0304687291667 0.0158203015625
2 0.435239564844 0.386015352778 0.0445312194444 0.03427731875
2 0.589487505859 0.388359100694 0.0585937097222 0.0395507539062
5 0.826132851953 0.367265365278 0.705468266667 0.346728277344
2 0.652109532422 0.407109088194 0.114843670833 0.0619628460937
5 0.08512475625 0.352031001389 0.703124513889 0.1702495125
