2 0.370948951953 0.343298038889 0.01969205 0.0123075304688
2 0.359256799219 0.352050059028 0.0284440708333 0.0159997890625
2 0.338333997266 0.357520071528 0.0700161680556 0.0430763554688
2 0.292180760547 0.364084086806 0.113776273611 0.0812296976563
2 0.204181921484 0.397122965972 0.203484495833 0.141536594531
2 0.41894831875 0.353362858333 0.0459481111111 0.0147690359375
2 0.461532371875 0.373601908333 0.146596355556 0.0935372265625
2 0.398025517969 0.348986847917 0.0371960902778 0.029538071875
2 0.0857834835938 0.479173165278 0.494489202778 0.171566967188
1 0.442455699609 0.247791602083 0.0175040430556 0.0110767757812
1 0.444301829687 0.293739715972 0.0175040430556 0.0073845171875
