0 0.163226043359 0.430185439583 0.0281575930556 0.00967917421875
0 0.153546870313 0.427838973611 0.0391077666667 0.009679171875
0 0.142987774609 0.441135614583 0.0219003486111 0.00791932265625
0 0.135068451562 0.441135614583 0.0250289680556 0.0079193234375
0 0.535140927734 0.429403284722 0.0265932833333 0.00967917265625
1 0.714718888281 0.429403284028 0.0563151847222 0.01847841875
1 0.604288330859 0.445046390278 0.0782155333333 0.0510356367188
1 0.553692657031 0.426274663194 0.0312862152778 0.0184784203125
1 0.553692657031 0.454432254861 0.0250289680556 0.0149587203125
1 0.0551511128906 0.431749748611 0.062572425 0.0651144320313
2 0.233180062891 0.488325661806 0.0234646597222 0.0263977429687
2 0.263537466016 0.48676135 0.0297219027778 0.0343170664063
2 0.280695998828 0.48206841875 0.0265932819444 0.0211181929687
2 0.522382019141 0.497711525694 0.148609515278 0.0668742820313
2 0.564618407812 0.526390548611 0.126709166667 0.0827129265625
2 0.668449529297 0.549333778472 0.233082293056 0.177744802344
2 0.745516254688 0.45091255625 0.0140787958333 0.033437140625
2 0.7613549 0.455605488889 0.0203360361111 0.0351969890625
2 0.783353021094 0.454823331944 0.0156431055556 0.0475159375
2 0.791712304687 0.4884560125 0.0578794944444 0.0536754109375
2 0.823389596484 0.453259023611 0.0156431055556 0.0536754101563
2 0.871785458203 0.44543746875 0.0219003486111 0.0466360117188
2 0.889823916797 0.45247686875 0.0140787958333 0.0563151835938
2 0.886304217578 0.490020324306 0.0641367402778 0.105590971094
2 0.920621283984 0.439180227778 0.0125144861111 0.0457560882812
2 0.943499326953 0.445437469444 0.00938586666667 0.0615947335938
2 0.934700079688 0.472030750694 0.0469293208333 0.0457560890625
2 0.954498386328 0.457169798611 0.0453650083333 0.0466360117188
2 0.980896129297 0.450130400694 0.0375434569444 0.0360769148437
2 0.986615640234 0.471248597222 0.0516222527778 0.0246378929688
2 0.394006317969 0.557627875694 0.375434565278 0.2314202125
2 0.129148964453 0.576399604861 0.200231768056 0.197983072656
