0 0.26833610625 0.0450461840278 0.0900923680556 0.0397619171875
0 0.619566401172 0.155929097917 0.106724804167 0.0327451070312
0 0.8935712 0.414523890972 0.0346509097222 0.011694684375
0 0.918909677344 0.408979745139 0.0235626180556 0.01403361875
0 0.953993724219 0.417988981944 0.0249486555556 0.015592909375
0 0.849521228516 0.403435598611 0.0346509083333 0.0124743273438
0 0.18370395625 0.475014486111 0.038809025 0.0109150359375
1 0.0127179617188 0.346410096528 0.0457392013889 0.0254359234375
1 0.136535404297 0.368586679167 0.0346509111111 0.0241690101562
1 0.862775201562 0.386110145833 0.0388090222222 0.01403361875
1 0.874469883203 0.445709711111 0.0249486555556 0.0265079445312
1 0.850690695703 0.485904768056 0.0138603638889 0.0194911351562
1 0.859266796484 0.515704552778 0.0152464055556 0.0210504273438
1 0.700219117187 0.45471895 0.0152464055556 0.021050428125
1 0.706066458203 0.445709711111 0.0166324388889 0.0109150367187
1 0.178580582812 0.412444836111 0.0388090194444 0.0202707828125
1 0.669910386328 0.478182567361 0.0415810930556 0.0101353914062
0 0.113243507422 0.478875582639 0.0221765791667 0.00935574609375
0 0.0898541425781 0.477489548611 0.0249486555556 0.00935574609375
2 0.0100574269531 0.544712315972 0.0304928013889 0.0194911367187
2 0.0704799523437 0.556770828472 0.0401950569444 0.04210085625
2 0.161698475 0.558156866667 0.0512833527778 0.023389365625
2 0.130512654297 0.559542901389 0.0623716388889 0.0483380195312
2 0.204968799219 0.559542900694 0.0512833486111 0.047558375
3 0.0594479695312 0.546791370139 0.0415810930556 0.012474328125
1 0.1814624875 0.51560555 0.0457392 0.0132539734375
3 0.0332323769531 0.581442301389 0.2092915 0.0467787289063
2 0.372155422266 0.5738191 0.0526693805556 0.0717273851562
5 0.260666117187 0.560651755556 0.0845482222222 0.099794621875
2 0.744439623047 0.586755423611 0.121971205556 0.176979525781
