2 0.4021825375 0.433928265972 0.0291528041667 0.0088299359375
2 0.417319571094 0.433928267361 0.0470929875 0.018921290625
2 0.246397244922 0.442898358333 0.0291528055556 0.0252283851563
1 0.274148471094 0.420473127083 0.0156976625 0.01261419375
2 0.0622300167969 0.585672347222 0.289285513889 0.121096261719
2 0.217384599609 0.448504668056 0.0538205583333 0.0428882585938
2 0.137915178125 0.469808638889 0.0919434555556 0.105959228125
2 0.445701507031 0.439534573611 0.0717607472222 0.0454110984375
2 0.593287573828 0.535963079167 0.228737380556 0.199304261719
2 0.373800602734 0.4384133125 0.0112126166667 0.0100913554688
