2 0.0265822675781 0.481012463194 0.310548398611 0.0531645351563
2 0.0284810007812 0.373357280556 0.113080122222 0.0569620015625
2 0.957843208984 0.298854606944 0.0995780194444 0.0825949039063
2 0.131622912891 0.3674501125 0.118143413889 0.124367038281
2 0.422603807813 0.35394800625 0.0877636791667 0.0645569359375
2 0.456781008984 0.342977547222 0.0725738111111 0.0379746679688
2 0.477667076953 0.341289783333 0.0624472333333 0.0151898664062
2 0.490483526172 0.339602020139 0.0455696013889 0.0123417664062
2 0.498078460547 0.333694850694 0.0438818402778 0.0161392335938
2 0.613426515234 0.321880509028 0.0303797347222 0.0113924007812
2 0.626717648437 0.325256036111 0.0506328916667 0.0265822671875
2 0.691478024219 0.371307865972 0.1924049875 0.152848039062
5 0.576265589844 0.307655086111 0.0540084166667 0.05506326875
1 0.0650316199219 0.0820976069444 0.119831175 0.0465189695312
1 0.331803662109 0.2154308875 0.0556961805556 0.0142405007813
1 0.740438234766 0.184207271528 0.0506328902778 0.0199367023438
1 0.598507912109 0.293067988194 0.0151898680556 0.00569619921875
