0 0.201446906641 0.350799720139 0.0655932041667 0.0163029648438
0 0.587569714063 0.282918376389 0.0732203277778 0.019735165625
0 0.56182819375 0.285206513889 0.0686440555556 0.019735165625
0 0.942373672266 0.479698002083 0.0549152430556 0.0240254179687
1 0.903332366797 0.388172595139 0.0366101625 0.0283156726562
0 0.181711740625 0.350799722917 0.0625423625 0.0180190640625
1 0.0830359113281 0.4926641 0.0198305055556 0.0283156710937
3 0.588427766016 0.681053896528 0.176949118056 0.0454766867188
3 0.53737375 0.6413928875 0.0823728638889 0.0171610125
3 0.266658758203 0.645969157639 0.0915254041667 0.0248834695313
2 0.119503066797 0.745121680556 0.491186344444 0.235105888281
2 0.794788954297 0.744358968056 0.486610075 0.401567721094
2 0.384640727734 0.6642742375 0.186101658333 0.118410996094
2 0.481171428906 0.64596915625 0.0762711708333 0.0471927859375
2 0.294545405469 0.642918310417 0.0762711736111 0.042902534375
2 0.452426730078 0.643681024306 0.0625423597222 0.0120127085937
2 0.43741084375 0.623087804861 0.0366101625 0.011154659375
2 0.320715952344 0.640630176389 0.0442372833333 0.018019065625
0 0.651494490625 0.546053921528 0.0503389736111 0.0154449125
