0 0.0833460714844 0.541559914583 0.0502567597222 0.0107228867188
0 0.584397303516 0.488703665972 0.0415918013889 0.00877327109375
0 0.454260455859 0.487837172222 0.036392825 0.00779846171875
1 0.525421428516 0.497368625694 0.0242618847222 0.0487403914062
1 0.592683170312 0.545892395139 0.0138639347222 0.017546540625
0 0.595120189844 0.586617699306 0.0259948763889 0.0126725015625
2 0.968631069141 0.624743516667 0.0779846277778 0.0617318414062
2 0.917294182812 0.633408476389 0.0710526583333 0.0448411609375
2 0.794468394531 0.642073433333 0.0779846277778 0.124775404688
4 0.439556099219 0.659516397917 0.0712787541667 0.0388278359375
2 0.384074291406 0.668068309028 0.0537227430556 0.046790778125
2 0.305602259766 0.690298048611 0.0565904194444 0.0419167367188
2 0.340207938672 0.687997715278 0.0415918 0.0292442367188
