0 0.460044769531 0.395223701389 0.0249614972222 0.0058503515625
0 0.499242120312 0.396263763194 0.0312018708333 0.0093605625
0 0.565351084766 0.417065010417 0.0353621208333 0.00585035078125
0 0.809310714453 0.425385509722 0.0270416222222 0.00936056171875
0 0.850848205078 0.426425571528 0.0291217458333 0.0105306304687
1 0.113118965234 0.432665945833 0.0332819944444 0.0210612632812
1 0.565351084766 0.45554731875 0.0291217486111 0.0198911929688
1 0.564181014062 0.478428690278 0.0166409972222 0.012870771875
1 0.802875328516 0.477388627778 0.0228813722222 0.0152109117188
0 0.178057859375 0.371302266667 0.0187211222222 0.0198911921875
0 0.241241648438 0.376502578472 0.0124807486111 0.0245714734375
0 0.181568069922 0.439946382639 0.0312018708333 0.0105306320312
0 0.461799874609 0.468028066667 0.0166409972222 0.00702042109375
0 0.480520997266 0.470108191667 0.0208012472222 0.00468028046875
1 0.288044454688 0.336980207639 0.0124807486111 0.012870771875
1 0.287459419922 0.365061892361 0.0353621208333 0.00936056171875
1 0.397446015625 0.397303825694 0.0374422458333 0.0140408421875
1 0.985406274219 0.486749188889 0.0249614972222 0.008190490625
1 0.984236204297 0.509630561806 0.0208012486111 0.00819049140625
1 0.683528171484 0.462827754861 0.0353621208333 0.00819049140625
2 0.240071578516 0.489869376389 0.0603236166667 0.0690341398437
2 0.453609383594 0.499229938194 0.0332819958333 0.0187211234375
2 0.459459733984 0.511710686806 0.0249614986111 0.0210612617188
2 0.474670646875 0.513790811111 0.0249614972222 0.0140408421875
2 0.484616242969 0.514830873611 0.0395223694444 0.0152109125
2 0.50275233125 0.527311621528 0.0811248652778 0.0421225265625
2 0.609813750781 0.523151372222 0.0894453638889 0.0526531578125
2 0.7279908375 0.548112869444 0.0894453638889 0.0737144203125
2 0.778303854687 0.532511933333 0.0457627444444 0.0222313328125
2 0.892970730859 0.547072807639 0.0707242430556 0.0386123148438
2 0.654276417187 0.55227311875 0.0852851152778 0.090095403125
2 0.551895278125 0.535632121528 0.1102466125 0.084245053125
3 0.837977433203 0.557473430556 0.0832049888889 0.0198911929688
3 0.846752959375 0.553313180556 0.0956857361111 0.023401403125
3 0.870154362891 0.54811286875 0.0977658625 0.0140408414063
2 0.989501519922 0.565793929861 0.0748844902778 0.0187211226562
3 0.984821239453 0.526271559722 0.0249614972222 0.00702042109375
8 0.792344696875 0.554353244444 0.0561633694444 0.0292517546875
2 0.991841660547 0.50027 0.0436826194444 0.0140408429688
2 0.343037752734 0.492989564583 0.0249614986111 0.0152109117187
2 0.393350769922 0.5013100625 0.0166409972222 0.0105306320312
1 0.380479998047 0.439946382639 0.0312018708333 0.00585035078125
1 0.6554464875 0.468028066667 0.0374422444444 0.01053063125
