1 0.109178478125 0.421116988889 0.0173299166667 0.0272946203125
1 0.0950437652344 0.393389122222 0.01039795 0.0224205804687
1 0.115027326172 0.382124676389 0.0190629111111 0.00779846171875
1 0.861242730859 0.225288924306 0.0415918013889 0.0731105882812
1 0.877591517578 0.0327634708333 0.0627144444444 0.0434204570313
1 0.888537351563 0.0944480479167 0.0294608597222 0.0497152
1 0.935328127734 0.194961570139 0.0606547097222 0.0477655835937
0 0.123313192578 0.151636775 0.0779846277778 0.0165717335938
0 0.467420361719 0.259948759722 0.0554557361111 0.0107228875
0 0.583003411719 0.43064844375 0.0259948763889 0.02130913125
0 0.0906571289062 0.46184229375 0.0398588097222 0.017546540625
0 0.116976941406 0.456643319444 0.0225288916667 0.009748078125
0 0.900722449219 0.269480215278 0.0779846277778 0.0350930828125
0 0.933378512891 0.272946196528 0.0675866763889 0.0185213476562
2 0.884638119922 0.733055499306 0.530295468056 0.229079842969
2 0.799342433594 0.527695980556 0.119576430556 0.120876173438
0 0.104791842578 0.158568744444 0.0779846277778 0.0185213492188
0 0.139884925781 0.165500709028 0.0745186430556 0.0107228859375
0 0.450848628125 0.260815254861 0.0571887263889 0.0165717328125
2 0.961923345313 0.496290329861 0.0602311152778 0.061963703125
2 0.193011953906 0.561489320833 0.0831836027778 0.0760350109375
2 0.240290133594 0.551091367361 0.0519897513889 0.034118275
2 0.265147733984 0.55109136875 0.0450577847222 0.0214457726562
2 0.508362291016 0.531161963889 0.0849165944444 0.0692113570313
2 0.468395169922 0.534627947917 0.0502567597222 0.0282694273437
2 0.459134495312 0.527695979861 0.0502567597222 0.0331434671875
2 0.441100550391 0.53029546875 0.0415918013889 0.0126725023438
2 0.435251702344 0.528562476389 0.0242618833333 0.0107228859375
2 0.427940644922 0.524229997917 0.0155969263889 0.0116976945312
2 0.421116990234 0.519031022917 0.00866495694444 0.0116976945312
2 0.372376596484 0.534627947222 0.0225288916667 0.0155969257813
2 0.329972455859 0.538960427083 0.0207959013889 0.0165717335938
2 0.338745726172 0.533761452083 0.0138639319444 0.0126725023437
2 0.3494686125 0.537227434028 0.0138639319444 0.0087732703125
2 0.358729286328 0.528562476389 0.0242618833333 0.0116976945313
2 0.360678903125 0.5103660625 0.0121309444444 0.009748078125
2 0.386023907031 0.498235121528 0.0155969263889 0.009748078125
2 0.414145829297 0.508827775 0.0164062388889 0.0105468679688
