0 0.389756198437 0.231327959722 0.039843725 0.0118652265625
0 0.532798091797 0.277031052083 0.0374999736111 0.0105468679687
0 0.250010199219 0.323906020833 0.0281249805556 0.0197753765625
1 0.263193785156 0.301640409722 0.0257812305556 0.0224120953125
1 0.336362679687 0.321562270833 0.0140624916667 0.013183584375
1 0.34427283125 0.308671655556 0.0210937361111 0.0158203015625
1 0.698911257812 0.267656059028 0.0187499875 0.0210937359375
1 0.681113419922 0.30632790625 0.0210937347222 0.0276855289062
1 0.797788144141 0.25359356875 0.0234374847222 0.0131835851563
1 0.795151426953 0.280546674306 0.0304687263889 0.0105468679688
1 0.602011910547 0.316874774306 0.0234374847222 0.0118652257813
2 0.393052094531 0.39890596875 0.0374999736111 0.0210937359375
2 0.637607589453 0.429374696528 0.0890624402778 0.0514159789063
2 0.702207155078 0.429374697222 0.1453124 0.122607336719
2 0.804379937109 0.46921841875 0.187499870833 0.184570185156
2 0.342954472266 0.412968460417 0.103124929167 0.0896483757813
2 0.488633083203 0.45281218125 0.3093747875 0.191161978906
2 0.0403005683594 0.412968457639 0.215624851389 0.0806011367187
2 0.913144509766 0.54304649375 0.316406034722 0.172704958594
