1 0.344107170703 0.0311938520833 0.0623877041667 0.0721357820312
1 0.537606526953 0.410719039583 0.0311938513889 0.0185213492187
0 0.4084444875 0.163767716667 0.036392825 0.017546540625
0 0.527371044922 0.16896669375 0.0398588097222 0.0214457726562
0 0.159381082031 0.164634213889 0.0381258194444 0.0263198125
0 0.279769852734 0.165500711806 0.0363928263889 0.0253450039062
2 0.406007466797 0.478305716667 0.107445488889 0.0692113570312
2 0.514211137891 0.480905204167 0.0606547111111 0.0555640460938
2 0.822409891797 0.560622824306 0.320603470833 0.354174196094
2 0.456210072266 0.463575285417 0.0329268430556 0.0194961570312
2 0.224205805078 0.466174774306 0.0207959013889 0.0311938507813
2 0.291954949609 0.453177335417 0.0259948736111 0.0263198117187
2 0.167666949609 0.471373750694 0.0207959013889 0.0350930820313
2 0.355804863672 0.452310839583 0.0138639319444 0.0155969257813
2 0.335821303125 0.452310840972 0.0173299180556 0.0224205796875
