2 0.0991623878906 0.447422754167 0.0721649611111 0.110180432031
2 0.342719127734 0.441237184722 0.0226804166667 0.0220360851562
2 0.478415027344 0.422680481944 0.0226804166667 0.0197164984375
2 0.462757808203 0.43092790625 0.0185567041667 0.0115979398437
2 0.442461413672 0.432989761806 0.0268041263889 0.0266752632812
2 0.423904709375 0.438144402778 0.0247422722222 0.015077321875
2 0.410567077344 0.442268114583 0.0288659847222 0.0185567046875
2 0.5248067875 0.4422681125 0.0247422722222 0.0197164984375
2 0.544523286328 0.441237186806 0.0185567041667 0.0173969101563
2 0.541043902734 0.457732034028 0.0144329902778 0.0220360851562
2 0.570618650391 0.459793888889 0.059793825 0.0417525835938
2 0.633247527734 0.470103170139 0.0474226875 0.0440721726562
2 0.491752658594 0.459793890972 0.0639175375 0.0487113484375
1 0.531765552734 0.419587697917 0.0164948486111 0.0104381460937
1 0.555541328906 0.419587697917 0.0164948486111 0.0185567046875
1 0.306765514453 0.280412416667 0.0185567055556 0.0127577351563
1 0.890721796094 0.350515522917 0.179381473611 0.11945878125
2 0.795618687109 0.511340290278 0.138144352778 0.131056722656
1 0.584536178906 0.406185633333 0.0556701138889 0.0185567046875
1 0.6506444375 0.420618626389 0.0639175361111 0.037113409375
