2 0.521801333594 0.460952421528 0.0114839347222 0.0114839359375
2 0.515341621094 0.462866413194 0.0114839347222 0.0114839375
2 0.507446414063 0.465418398611 0.0140359222222 0.0100484453125
2 0.494526986328 0.460952423611 0.0102079444444 0.0129194273438
2 0.481607558984 0.462228415972 0.0127599291667 0.0129194289062
2 0.471559114844 0.465418398611 0.0140359222222 0.01004844375
2 0.429570973828 0.469246377083 0.0370037930556 0.0193791414062
2 0.4091152125 0.479454320833 0.02679585 0.0200968859375
2 0.367844819141 0.483282297917 0.0114839347222 0.0193791414062
2 0.342364836328 0.494766234028 0.0165879069444 0.0129194273438
2 0.236138430078 0.481049311111 0.154395136111 0.157904117969
2 0.0915126136719 0.496361223611 0.233506691667 0.183025227344
3 0.0226089984375 0.504655179861 0.1990548875 0.045217996875
