0 0.464211394141 0.21955648125 0.0370161347222 0.00979838828125
0 0.357041522266 0.214475834722 0.0326612944444 0.00857358984375
0 0.440940221484 0.275443584028 0.0195967763889 0.00244959765625
0 0.417669049609 0.27653229375 0.0174193569444 0.00489919453125
2 0.429917034766 0.297217779861 0.0152419375 0.00979838828125
2 0.415831852734 0.295040360417 0.0152419375 0.0110231867188
2 0.402971467188 0.2993952 0.0239516166667 0.0097983890625
2 0.39194828125 0.302661329167 0.0130645194444 0.0171471796875
2 0.385824288281 0.317903266667 0.0217741972222 0.0244959703125
2 0.442777419922 0.298306489583 0.0174193569444 0.0134727835937
2 0.456250203125 0.305927458333 0.0239516138889 0.01592238125
2 0.477684179297 0.311371007639 0.0566129097222 0.0269455679687
2 0.501567750781 0.317903266667 0.0566129111111 0.0257207703125
0 0.526676119922 0.274354875 0.0217741944444 0.00979838828125
0 0.30682478125 0.278709713194 0.0174193569444 0.0085735875
1 0.307437180078 0.247137129861 0.0108870986111 0.0146975820312
1 0.314173572266 0.262379065972 0.0108870986111 0.0159223820313
2 0.517490132031 0.338588753472 0.0718548486111 0.040418353125
2 0.543210901563 0.340766172917 0.141532276389 0.0355191578125
2 0.604450828516 0.340766174306 0.189435509722 0.138402235156
2 0.708558704688 0.399556502778 0.241693580556 0.224138132812
2 0.312948775 0.325524235417 0.0675000097222 0.0379687546875
2 0.279266814844 0.335322623611 0.0958064638889 0.04164315
2 0.229662473047 0.342943592361 0.1371774375 0.0722631148438
2 0.0998338285156 0.381048436111 0.213387125 0.194742967969
