2 0.130944921094 0.478109638889 0.0504847888889 0.041018890625
2 0.356759169922 0.458102709722 0.0186980694444 0.0147247304687
2 0.492857755078 0.473061167361 0.0598338236111 0.0231388617188
2 0.507056602344 0.479605491667 0.0691828611111 0.0305012265625
2 0.535769812891 0.486149814583 0.0822715069444 0.0736236507812
2 0.403457608203 0.480540394444 0.142853241667 0.0904519117188
2 0.339720556641 0.463338175694 0.0261772986111 0.0189317960938
2 0.317633461719 0.460533465972 0.0280471041667 0.021035328125
2 0.328677009375 0.453054236806 0.0168282625 0.009465896875
4 0.485810906641 0.448379721528 0.0897507347222 0.0557436195312
5 0.201623624609 0.449314625 0.104335205556 0.0700476429687
5 0.0562695035156 0.48184925625 0.106578998611 0.112539007031
2 0.259365607031 0.468760604167 0.0317867194444 0.033656525
5 0.436588250781 0.42762485 0.046745175 0.0241906265625
2 0.864499428906 0.514196920833 0.570291130556 0.270198820312
0 0.756956310938 0.339743938889 0.0654432444444 0.0115694296875
0 0.479921024609 0.174452997917 0.0706787097222 0.0174593289062
0 0.320473235547 0.157624729167 0.071426625 0.0195628460937
1 0.728532315234 0.367417071528 0.0224376819444 0.0124634382813
1 0.672289114844 0.478857580556 0.0579640166667 0.01472473125
3 0.749699130078 0.425568079861 0.0822715041667 0.0210353289062
1 0.236121563281 0.356759178472 0.0149584569444 0.0178800296875
1 0.483286673437 0.394155317361 0.0186980680556 0.0073623640625
1 0.896104996875 0.120602550694 0.0635734375 0.0473294890625
1 0.55701550625 0.426315993056 0.0149584555556 0.0063105984375
