1 0.00926067460938 0.0935815534722 0.0207959013889 0.0146221179687
1 0.689189147266 0.1438383125 0.0658536833333 0.0214457726562
1 0.542967970312 0.178498147917 0.0103979513889 0.009748078125
1 0.536631719141 0.188896098611 0.01039795 0.0185213492187
1 0.165717333984 0.17936464375 0.0155969263889 0.0175465414063
1 0.534682103906 0.142105320139 0.0138639347222 0.0107228875
0 0.54053095 0.227888411111 0.0225288916667 0.0087732703125
0 0.456210071875 0.110911470139 0.0415918013889 0.005848846875
0 0.210558494531 0.0424582979167 0.0467907791667 0.01169769375
0 0.197398589062 0.0441912909722 0.0467907763889 0.0068236546875
0 0.219331765625 0.0467907770833 0.0450577847222 0.0058488484375
0 0.446461992578 0.110911470139 0.0346598347222 0.00779846328125
0 0.619490385937 0.199294049306 0.0277278680556 0.0068236546875
0 0.639473946875 0.201027040278 0.0277278666667 0.015596925
2 0.849057634375 0.425449469444 0.306739536111 0.300240817188
2 0.666768566406 0.331001420139 0.211424990278 0.1910623375
2 0.568312973828 0.316270990972 0.140372331944 0.0682365492187
5 0.488866134766 0.29720808125 0.0606547097222 0.0419167367188
2 0.466445554297 0.291142609028 0.0346598347222 0.0146221179688
2 0.390410542188 0.297208080556 0.213157980556 0.127699828125
2 0.293417161719 0.29980756875 0.0727856541667 0.0604380859375
2 0.237853114063 0.292875602083 0.0519897513889 0.0428915453125
2 0.308526683203 0.263414743056 0.0207959027778 0.0341182742187
2 0.255399655859 0.265147735417 0.0173299180556 0.0233953882813
2 0.0224205804687 0.292875602083 0.0519897513889 0.0350930828125
