3 0.754889598047 0.264613297222 0.222711822222 0.0368961789063
3 0.633475426953 0.262325163194 0.181525390278 0.0549152445312
3 0.700403380078 0.271477702778 0.230338938889 0.0188771148437
3 0.708983886719 0.264613295139 0.207457584722 0.0137288109375
3 0.728719051172 0.239443811111 0.181525388889 0.0223093179687
3 0.743305913672 0.250121777778 0.233389788889 0.0240254195312
3 0.57684408125 0.209698054167 0.0152542361111 0.012012709375
3 0.588856791016 0.208935340278 0.0411864333333 0.0291737242187
3 0.640768856641 0.28063024375 0.248644020833 0.0283156710937
3 0.605159753906 0.2005455125 0.0518643972222 0.0154449125
2 0.114783787891 0.334020065278 0.379830438889 0.222235128906
4 0.172702208594 0.197494665972 0.387457554167 0.341504171875
2 0.53908985 0.343172604861 0.269999948611 0.21279656875
2 0.433978642187 0.290545495833 0.134237263889 0.050624990625
2 0.383353651563 0.283681090972 0.0625423625 0.0471927875
3 0.462723340234 0.240969235417 0.0472881291667 0.0205932164063
0 0.382066575781 0.157070945833 0.0259322 0.00686440625
2 0.344312345703 0.269952279861 0.0259321986111 0.0188771148438
