5 0.105279247656 0.51296555 0.214890972222 0.198860801562
2 0.679799557813 0.59948753125 0.0413365902778 0.0514069859375
2 0.657995296484 0.596149154167 0.0485237694444 0.0350930820312
2 0.642885775 0.59701565 0.0398588083333 0.024370196875
2 0.628751060937 0.591816675 0.0363928277778 0.01949615625
2 0.6165659625 0.589217186806 0.0346598347222 0.0126725015625
2 0.606330480078 0.587484195833 0.0311938527778 0.0155969257813
2 0.59560759375 0.580552229861 0.0311938513889 0.013647309375
2 0.372864 0.570154278472 0.0381258180556 0.0302190421875
2 0.425503624609 0.570154277778 0.0277278666667 0.0185213492187
2 0.439150934766 0.570154277778 0.0277278666667 0.0107228851563
2 0.448411608984 0.56928778125 0.0225288930556 0.0116976945313
2 0.459134494922 0.569287782639 0.0155969263889 0.0116976929687
2 0.469369976953 0.563222310417 0.0103979513889 0.00877327109375
2 0.555153068359 0.588350691667 0.046790775 0.0360678898438
