1 0.385456194141 0.493330666667 0.014917125 0.0111878429688
1 0.2526005375 0.50327541875 0.0198895013889 0.0195787296875
1 0.149112973047 0.422474315278 0.0571823138889 0.0503453007813
1 0.373569109375 0.539325140972 0.0124309375 0.0153832859375
0 0.445590860156 0.49830304375 0.0348066291667 0.0083908828125
2 0.862338079297 0.542847307639 0.219198751389 0.179005516406
2 0.468665790234 0.564187018056 0.0323204388889 0.0265711304687
2 0.406433402344 0.564187017361 0.0223756930556 0.01118784375
2 0.356349512891 0.570618282639 0.0302658402778 0.0145076273438
2 0.335687354297 0.589217186806 0.0485237680556 0.0435984554688
2 0.198759034375 0.601479833333 0.0870165694444 0.0517437828125
2 0.122468374609 0.613303179167 0.135525138889 0.126010191406
2 0.2565196875 0.591535083333 0.0969613194444 0.0704766125
2 0.437899217187 0.584076520139 0.0571823152778 0.0405559390625
2 0.393147838281 0.572888676389 0.0348066277778 0.018180246875
2 0.765711562891 0.570154277778 0.03119385 0.0282694273437
