1 0.582639472656 0.426184540278 0.0234597 0.014395725
2 0.514259779688 0.466705841667 0.0191943027778 0.0119964390625
2 0.499264232812 0.466705840278 0.0362559 0.0203939453125
2 0.468673316406 0.483767440278 0.0490521 0.033590025
2 0.42848525 0.491231890972 0.0682464013889 0.0467861046875
2 0.364904130859 0.513625240278 0.1130331 0.0947718554687
2 0.527455861719 0.462440440278 0.0149289 0.00959715
2 0.540052121094 0.461374088889 0.0213269972222 0.01079679375
2 0.555047666406 0.462440440278 0.0191943 0.0167950125
2 0.569443391406 0.466705841667 0.0191943027778 0.0215935875
2 0.580240185156 0.473103940278 0.0362559 0.0215935875
2 0.598234842188 0.472037590278 0.0469194 0.0239928765625
2 0.626426470312 0.476302990972 0.0682464013889 0.0515846828125
2 0.696605629688 0.506160790278 0.1407582 0.1415579625
2 0.875894621094 0.588269740278 0.595023302778 0.248210757813
