2 0.378348755469 0.476920904167 0.0357053083333 0.02677898125
2 0.394129226562 0.4667193875 0.0255037916667 0.0143458828125
2 0.361133696094 0.470970019444 0.0204030333333 0.017215059375
2 0.338658479687 0.487972547222 0.0578085944444 0.0487760015625
2 0.304706557031 0.477771030556 0.0510075833333 0.03060455
2 0.259469203516 0.490522926389 0.0527078361111 0.0495411039063
2 0.463850211719 0.4667193875 0.0255037916667 0.013389490625
2 0.464328407812 0.473520398611 0.0289042972222 0.0105203140625
2 0.474848721875 0.474370525 0.0374055611111 0.0219970203125
2 0.502966660937 0.486272294444 0.0680101111111 0.0418899953125
2 0.484795209375 0.4820216625 0.0391058138889 0.01166796875
2 0.533666841406 0.461618629167 0.0187027805556 0.024866196875
2 0.519129698047 0.510075835417 0.0918136541667 0.0478196117187
1 0.446826442188 0.412651344444 0.0221032861111 0.021040628125
1 0.467388874219 0.412651344444 0.0323048027778 0.0296481578125
1 0.536727307813 0.346341486111 0.0289042972222 0.01912784375
1 0.535770915625 0.372695404167 0.0238035388889 0.01147670625
1 0.485082129687 0.427953619444 0.0391058138889 0.009563921875
1 0.869743079688 0.210321270833 0.0561083416667 0.055470746875
1 0.871177667969 0.300434668056 0.0969144083333 0.0602527078125
1 0.709643019531 0.0733537618056 0.142821234722 0.281179303125
2 0.592724059375 0.526653298611 0.181927047222 0.133894907813
2 0.430137386719 0.51220115 0.139420727778 0.08033694375
2 0.761766378125 0.547906458333 0.159823761111 0.169281417187
