1 0.627353196484 0.184220316667 0.0839304916667 0.0400092398438
1 0.623752364844 0.293045445139 0.0369863180556 0.0472109015625
1 0.620951717969 0.318651357639 0.0312961152778 0.017604065625
1 0.623752364844 0.440990719444 0.0284510138889 0.0296068375
1 0.665762065625 0.413962255556 0.0256059138889 0.0192044359375
1 0.918011979688 0.457350052778 0.0142255083333 0.0120027703125
1 0.859998583594 0.472998110417 0.0142255069444 0.0096022171875
1 0.877202556641 0.490068718056 0.0170706083333 0.00720166328125
1 0.86079876875 0.49006871875 0.0142255069444 0.0096022171875
1 0.701962091406 0.458061327083 0.00711275416667 0.0088020328125
2 0.731969020313 0.492202544444 0.0113804055556 0.0096022171875
2 0.711964401172 0.50358295 0.0227608111111 0.0160036960938
2 0.752773824609 0.494336370139 0.0184931597222 0.0112025867187
2 0.745572161328 0.502160399306 0.0284510152778 0.0176040648437
2 0.761975949609 0.497892747222 0.0142255083333 0.0136031414062
2 0.771178074609 0.500737849306 0.0142255097222 0.0112025867188
2 0.759575394922 0.506428051389 0.0199157111111 0.0136031414063
2 0.751973639844 0.512118254167 0.0227608111111 0.0224051734375
2 0.7855814 0.503582949306 0.0256059125 0.019204434375
2 0.789582324219 0.519942283333 0.0270284638889 0.019204434375
2 0.815188236719 0.518519732639 0.0241833625 0.02400554375
4 0.911610501562 0.514252079861 0.0668598819444 0.04561053125
2 0.950819555469 0.532033964583 0.0426765208333 0.0408094234375
4 0.983611671875 0.508561877778 0.0953108972222 0.03277665625
2 0.984427316016 0.556217326389 0.10242365 0.0296068367187
2 0.645148972656 0.487223616667 0.0184931583333 0.0088020328125
2 0.633546293359 0.486512340972 0.0142255069444 0.0144033257812
2 0.326483721875 0.512118253472 0.5320339625 0.472109015625
