1 0.687046032031 0.343827881944 0.0210937361111 0.0079101515625
1 0.667270655469 0.348515377083 0.0257812319444 0.0105468671875
1 0.542026600781 0.35437475 0.0140624916667 0.013183584375
1 0.286265058594 0.328593515972 0.0656249541667 0.0237304515625
2 0.194639144531 0.39773409375 0.0351562236111 0.0698729984375
2 0.351523802344 0.39890596875 0.0421874708333 0.0566894140625
2 0.302085359375 0.401249716667 0.0609374555556 0.10810539375
2 0.213096163672 0.435234069444 0.0726562027778 0.148974507031
2 0.451059866797 0.382499730556 0.037499975 0.0659179226562
2 0.559824440625 0.389530975 0.0187499861111 0.0329589625
2 0.623764825781 0.380155982639 0.0374999736111 0.0527343390625
2 0.706821409766 0.386015352083 0.0257812319444 0.0395507523438
2 0.716709097266 0.39656221875 0.0421874708333 0.0514159789063
2 0.714731559766 0.442265313889 0.0632812055556 0.0316406023438
2 0.828110389063 0.354374748611 0.0187499888889 0.0448241890625
2 0.715390739844 0.362577868056 0.0164062361111 0.02241209375
2 0.772080153516 0.42703095 0.112499922222 0.0962401679687
2 0.84458986875 0.404765340972 0.100781181944 0.0830565828125
2 0.897324207813 0.347343504167 0.0187499861111 0.0329589625
2 0.0264578046875 0.405937213889 0.0562499611111 0.052915609375
2 0.00470488984375 0.480937161111 0.0187499861111 0.0094097796875
2 0.891391595703 0.531327752778 0.410155969444 0.216210789844
2 0.0845562128906 0.415312205556 0.0609374583333 0.100195242969
2 0.656064608203 0.432890320833 0.105468677778 0.0883300164062
