2 0.627288848047 0.433247931944 0.0866495861111 0.0887075117187
2 0.183263875391 0.405520063889 0.0970475361111 0.118926558594
2 0.296950840234 0.405086815278 0.110044972222 0.0967496789062
2 0.36652775 0.392522625694 0.0398588097222 0.0350930828125
2 0.551253836719 0.41245203125 0.0554557375 0.047765584375
2 0.528345852734 0.411585535417 0.0537227458333 0.0233953882812
1 0.670667798047 0.279878163889 0.015596925 0.0136473101563
1 0.599019421484 0.336200395139 0.0277278680556 0.0165717335937
1 0.477655844141 0.350064328472 0.0277278680556 0.0155969242188
1 0.460596707031 0.355263304167 0.0173299166667 0.0107228859375
1 0.47911805625 0.3769257 0.015596925 0.0126725015625
1 0.461084110938 0.3743262125 0.0207959 0.0077984625
0 0.571237397656 0.331001419444 0.0207959 0.009748078125
0 0.444512378125 0.370860229167 0.0138639333333 0.0058488484375
0 0.516648158203 0.357862791667 0.015596925 0.00974807890625
3 0.766686370703 0.416784509722 0.0987805277778 0.0146221179688
3 0.783745508203 0.419383997222 0.0866495861111 0.0116976945313
3 0.796905414063 0.414185022222 0.0866495861111 0.0126725015625
1 0.378225444141 0.172432677083 0.0467907763889 0.0194961570313
1 0.346056785547 0.151636775694 0.0433247930556 0.0175465414063
2 0.415999248047 0.393389121528 0.0190629097222 0.0185213492188
2 0.437445020703 0.391656129861 0.0225288930556 0.0165717335937
2 0.450604926563 0.395122113889 0.0190629083333 0.009748078125
2 0.490572048047 0.388190146528 0.0329268430556 0.0155969242188
3 0.243945663281 0.376059204861 0.0259948763889 0.009748078125
3 0.253693741797 0.376059204861 0.0190629097222 0.00974807890625
