2 0.53865374375 0.609662070833 0.0238035361111 0.01434588125
2 0.5486958625 0.612212451389 0.0323048055556 0.017215059375
2 0.561607157031 0.613912704167 0.0357053111111 0.0181714515625
2 0.577387627344 0.617313208333 0.045906825 0.028691765625
2 0.608470374219 0.622413967361 0.0663098597222 0.0468632171875
2 0.668996350781 0.618406227778 0.132619716667 0.0965956109375
2 0.765113765625 0.655811788194 0.159823759722 0.166412240625
2 0.921453634375 0.738804852083 0.308321565278 0.15583141875
2 0.506341348438 0.608569054167 0.0157880527778 0.009563921875
2 0.493976579687 0.607961818056 0.0272040444444 0.0200842375
2 0.48154348125 0.612212451389 0.0357053111111 0.0181714515625
2 0.463372028906 0.61561295625 0.0425063208333 0.0277353734375
2 0.432767479687 0.622413967361 0.0493073291667 0.0219970203125
2 0.414596028516 0.624114219444 0.0595088472222 0.0392120804688
2 0.377774928906 0.6351658625 0.0612091 0.0516451796875
2 0.284116795313 0.647917758333 0.117317441667 0.102333964062
2 0.199496139453 0.626045909722 0.0866899805556 0.0666340867188
2 0.103973492578 0.694650420139 0.193294451389 0.207946985156
1 0.398974939844 0.575535566667 0.0119017694444 0.0162586671875
0 0.5032216875 0.582619952083 0.0170025263889 0.0105203140625
