2 0.253534335156 0.581423147222 0.0311922305556 0.02807300625
2 0.403724917578 0.607000774306 0.0424214319444 0.0322839570312
2 0.465678538672 0.614424520833 0.0298197638889 0.0214407710937
2 0.489031776953 0.614985975694 0.0262014708333 0.0182474539063
2 0.202616917969 0.574436079861 0.0199630263889 0.018949278125
2 0.273150346094 0.581298369444 0.0162199583333 0.012632853125
2 0.288239586719 0.582546059028 0.0162199597222 0.013334678125
2 0.340174648047 0.592527572222 0.0137245805556 0.0189492789062
2 0.607429666797 0.636820536806 0.0174676486111 0.0343894320313
2 0.564267420312 0.626215179861 0.0137245819444 0.0210547546875
2 0.530228900391 0.619352888889 0.0249537833333 0.0273711804688
2 0.444325505859 0.606875997222 0.0224584055556 0.0147383273437
2 0.428183527734 0.602509085417 0.0361829847222 0.0175456273437
2 0.378704855078 0.595646795139 0.0299445402778 0.0196511039063
2 0.105010577344 0.5558455375 0.0162199583333 0.014036503125
0 0.417673681641 0.540338522917 0.0162199597222 0.00912372734375
0 0.432412009375 0.550854771528 0.0162199597222 0.0077200765625
0 0.495225360156 0.563955507639 0.0149722708333 0.0056146
0 0.468906916797 0.558340905556 0.0112292 0.00631642578125
1 0.544353121094 0.597464869444 0.0149722694444 0.0070182515625
1 0.507858212891 0.565648795139 0.0112292013889 0.00561460078125
1 0.595135194922 0.593721801389 0.0274491611111 0.0119310273437
1 0.568465839453 0.588731045139 0.00748613472222 0.00912372734375
