1 0.420457739844 0.393083103472 0.0160079097222 0.0090044484375
2 0.494744442969 0.447035691667 0.0426877583333 0.0290143359375
2 0.47923678125 0.441699720833 0.0177865666667 0.01000494375
2 0.460727636328 0.437253079167 0.0444664138889 0.0290143351563
2 0.443719233594 0.449703675694 0.0409091013889 0.0290143359375
2 0.425210087891 0.457707629861 0.0569170097222 0.0320158179688
2 0.408201684375 0.46482225625 0.0640316375 0.0460227390625
2 0.374685124609 0.475494196528 0.120948648611 0.0570281757813
2 0.305651016016 0.482608822222 0.170751030556 0.131064757031
2 0.186258698438 0.554051523611 0.218774758333 0.235116165625
2 0.0695343554688 0.631423085417 0.270355798611 0.139068710938
2 0.529761744531 0.441403282639 0.0409091013889 0.0190093921875
2 0.561277316016 0.452075222222 0.0871541722222 0.0580286710938
2 0.935048292187 0.473419099306 0.119169990278 0.129903415625
