0 0.458476344141 0.379265140278 0.0447867 0.00839750546875
0 0.675012042187 0.436848040278 0.0319905 0.00959715
0 0.688208123828 0.456042338889 0.0319905 0.00959715078125
0 0.483069041797 0.436848040972 0.0277251013889 0.00719786328125
1 0.483069041406 0.389928639583 0.0149288986111 0.00959715
1 0.496265123438 0.327013989583 0.106635001389 0.0383886015625
0 0.25453690625 0.388862290278 0.042654 0.00839750625
1 0.513060135937 0.446445189583 0.0298577986111 0.0143957265625
2 0.577840897656 0.509359839583 0.0533175013889 0.043187175
0 0.614169285547 0.0150158875 0.0274576222222 0.0420444835938
0 0.6635072 0.423066656944 0.0198305055556 0.012012709375
