0 0.449573134766 0.498204820139 0.0192125263889 0.0144093945313
1 0.549345308984 0.531729549306 0.0076850125 0.0115275164063
1 0.581045976172 0.472811134028 0.0179316902778 0.0230550304688
0 0.549898523047 0.478391902083 0.0128083513889 0.00864563671875
0 0.538731242188 0.531546556944 0.0115275166667 0.006484228125
2 0.505265436719 0.556779026389 0.0140891888889 0.013688925
2 0.505265437109 0.572789463889 0.0256167 0.0208936226562
2 0.521115769922 0.543330254861 0.0153700208333 0.0151298632813
2 0.5358854 0.554857772222 0.0204933611111 0.0172912734375
2 0.548133386719 0.551655685417 0.0166508569444 0.011527515625
2 0.520035066406 0.558059859722 0.0115275166667 0.015850334375
2 0.525078353516 0.582395725694 0.0473908958333 0.0317006679688
2 0.547052680859 0.585597814583 0.0409867236111 0.0165708039063
2 0.576952174609 0.570868209028 0.0704459291667 0.0489919414062
2 0.642154686328 0.600327416667 0.247201169444 0.146255357031
2 0.442944804688 0.581114890972 0.0960626291667 0.057637578125
2 0.706276470703 0.575351132639 0.0614800819444 0.0295392585937
2 0.741579487891 0.604810340278 0.0999051361111 0.0670036851563
2 0.823713036719 0.608652846528 0.143453529167 0.130405021875
2 0.365405736719 0.562286599306 0.0179316902778 0.0194526828125
2 0.393864291016 0.558444093056 0.0307400416667 0.0360234867188
