0 0.4830172875 0.592683170139 0.0207959013889 0.0068236546875
0 0.453773052734 0.564955304167 0.0173299166667 0.00682365390625
0 0.433789491406 0.5658218 0.0190629083333 0.005848846875
0 0.375788425 0.578819235417 0.0138639319444 0.00682365625
0 0.356292268359 0.577952740972 0.0155969263889 0.00487403984375
0 0.313888126172 0.598748641667 0.025994875 0.00779846171875
2 0.301703028516 0.582285219444 0.01039795 0.00877327109375
2 0.288055717969 0.593549667361 0.0121309458333 0.0107228875
2 0.287080910547 0.606547104167 0.0138639333333 0.0126725023437
2 0.274408408594 0.619544540972 0.0121309402778 0.0107228859375
2 0.245164172656 0.644672922222 0.0173299166667 0.0185213484375
2 0.170591373047 0.691463697917 0.0346598319444 0.0331434664063
2 0.36652775 0.597015650694 0.0155969263889 0.01169769375
2 0.373838808984 0.613479071528 0.0138639319444 0.0107228867188
2 0.449873820703 0.634274970833 0.0242618833333 0.0185213492187
1 0.428428048828 0.593549665972 0.0225288930556 0.00877327109375
0 0.159868486328 0.593549665278 0.025994875 0.00779846171875
2 0.0965059769531 0.62474351875 0.0121309458333 0.0175465414063
2 0.0755476085938 0.630808988194 0.0207959013889 0.016571734375
2 0.0409419289062 0.638607450694 0.0225288930556 0.025345003125
1 0.576111437109 0.5866177 0.0398588111111 0.0272946195313
1 0.292929757422 0.55109136875 0.0415918013889 0.0282694273437
1 0.343619766016 0.515565038194 0.0849165930556 0.0731105898437
1 0.413318526172 0.511232559722 0.0797176194444 0.0604380851562
1 0.547842010547 0.507766576389 0.0866495888889 0.0682365492188
1 0.613154133984 0.513832046528 0.0849165930556 0.0623877007812
