1 0.546867201172 0.376925701389 0.112644461111 0.0487403914062
1 0.474244016016 0.427182461111 0.0433247944444 0.0185213492187
1 0.451823435938 0.421116990278 0.0589217166667 0.0263198109375
1 0.424528817578 0.444512377778 0.036392825 0.0185213492187
1 0.403083044531 0.44364588125 0.0173299180556 0.0068236546875
1 0.377738039844 0.42284998125 0.0207959013889 0.020470965625
1 0.358241883594 0.423716476389 0.0190629111111 0.020470965625
1 0.363603326562 0.44624536875 0.0225288930556 0.0370426984375
2 0.374813617188 0.473973236806 0.0190629097222 0.0107228875
2 0.367502557813 0.476572724306 0.0242618847222 0.009748078125
2 0.357754479297 0.482638196528 0.0259948736111 0.0116976945313
2 0.347031593359 0.487837170139 0.0398588097222 0.0175465414062
2 0.294879373828 0.493036148611 0.0363928277778 0.0204709648437
2 0.322661396094 0.496502128472 0.0571887263889 0.0409419296875
1 0.215749007422 0.420250495139 0.0329268430556 0.0909989898437
2 0.197398588281 0.477439219444 0.0537227416667 0.0302190421875
2 0.125750211719 0.486104178472 0.0259948736111 0.0175465421875
2 0.0410503828125 0.482724863194 0.0573620652778 0.0659179234375
2 0.157918871094 0.509499568056 0.0831836055556 0.077984628125
2 0.240777538281 0.509499565972 0.124775404167 0.093581553125
2 0.0711609730469 0.525962988194 0.1230424125 0.118926557031
2 0.0380175058594 0.621277534722 0.279011666667 0.0760350117188
