0 0.434203829687 0.436935534028 0.0217741958333 0.0036743953125
0 0.472172585547 0.444193605556 0.0174193555556 0.00367439609375
0 0.476459379297 0.436339603472 0.0200628430556 0.00489919453125
2 0.451963409766 0.473588770139 0.0152419375 0.0146975820312
2 0.432366632813 0.469233930556 0.0239516138889 0.0146975828125
2 0.421343445703 0.477943610417 0.0326612930556 0.00734879140625
2 0.410932657031 0.4768549 0.0391935527778 0.013472784375
2 0.398684671875 0.476854899306 0.0435483930556 0.020821575
2 0.366227511719 0.4768549 0.0653225888889 0.0563407328125
2 0.316010769531 0.477943609722 0.0849193638889 0.0538911375
2 0.199042509766 0.5225807125 0.187258088889 0.204541357031
2 0.0263459148438 0.684798475 0.250403258333 0.0526663375
2 0.475846980078 0.475766190278 0.0195967777778 0.0159223804687
2 0.495443756641 0.474677480556 0.0348387138889 0.0208215757812
2 0.530962914453 0.487741997917 0.0435483930556 0.0355191570312
2 0.560358080859 0.498629097222 0.0653225916667 0.0379687554688
2 0.618536010547 0.498629097917 0.100161304167 0.0857358976563
2 0.654055169141 0.514959744444 0.0979838861111 0.0955342851562
2 0.804092991016 0.529112971528 0.213387123611 0.253533297656
2 0.921061252734 0.579193623611 0.252580677778 0.154324617969
