0 0.0134085125 0.383530540278 0.0405213 0.0083975078125
0 0.124375558984 0.314217788889 0.0341232 0.00959714921875
0 0.346909475 0.374999740278 0.0405213 0.00839750625
0 0.249138509375 0.461374090278 0.0170616 0.004798575
0 0.281528892187 0.508293489583 0.0170615986111 0.0071978625
0 0.210749909375 0.451776939583 0.0149288986111 0.00959715
0 0.173560953125 0.459241390278 0.021327 0.0071978625
0 0.0064043453125 0.428317240278 0.0277251 0.012808690625
3 0.208350622266 0.543483040278 0.1812795 0.0455864632812
3 0.0961839308594 0.528554140278 0.1172985 0.0395882445313
3 0.0715912332031 0.527487790278 0.1194312 0.0335900242188
3 0.095584109375 0.516824289583 0.119431198611 0.0287914515625
3 0.136371997266 0.513625240278 0.0746445 0.0143957257812
2 0.166363090625 0.510426190972 0.0383886013889 0.0167950125
2 0.147168791016 0.509359840972 0.0362559013889 0.0215935882813
2 0.2389415375 0.521089690278 0.0298578 0.01799465625
2 0.264134057031 0.526421440278 0.0405213 0.0275918078125
2 0.294125151562 0.531753190278 0.0383886 0.01559536875
2 0.307921053125 0.536018589583 0.0213269986111 0.0167950125
2 0.327715175 0.536018590278 0.0597156 0.02519251875
1 0.414089526172 0.405923890278 0.0255924 0.0203939445312
1 0.632424688672 0.438980739583 0.0191942986111 0.0179946554687
1 0.631824867188 0.454975989583 0.0213269986111 0.023992875
2 0.908884824219 0.693838390972 0.251658601389 0.182230351563
2 0.570643036719 0.615994840972 0.360426301389 0.587825439063
