2 0.00610429726563 0.640273006944 0.0737941777778 0.0113946882813
2 0.0543994613281 0.643166896528 0.0361736152778 0.0496482882813
2 0.0759679816406 0.641719951389 0.033279725 0.0423231320313
2 0.0893974355469 0.639549535417 0.0289388930556 0.0187198460938
2 0.119511970703 0.637379117361 0.0419613958333 0.0480204757813
2 0.243358003516 0.634381878472 0.0173633347222 0.0162781273438
2 0.576303853516 0.623529791667 0.0506430611111 0.0740654789062
2 0.341433721094 0.633038284722 0.0173633333333 0.0105807828125
2 0.171122762109 0.629414236806 0.0537302375 0.0585035085937
2 0.221638666016 0.635608897917 0.0371806652778 0.0346963304687
2 0.330852941016 0.634381901389 0.0318327805556 0.0187198460938
2 0.384163803516 0.640417711111 0.00868166944444 0.00976687578125
2 0.407360134766 0.631012569444 0.0274919472222 0.0187198460937
2 0.426079982031 0.638247293056 0.0130225 0.0105807828125
1 0.584976707422 0.493099820833 0.0419613944444 0.0195337523437
2 0.259053535156 0.635270098611 0.0208012472222 0.0163809828125
2 0.273094376953 0.636310161111 0.0228813722222 0.0187211226563
