0 0.236232583984 0.300769904167 0.0304928 0.00779645390625
0 0.0561344753906 0.233547136111 0.0845482194444 0.0187114914063
0 0.0101353914062 0.253644665972 0.0720738930556 0.0202707828125
0 0.245198506641 0.302848958333 0.0346509083333 0.0101353914062
0 0.506769567578 0.257802774306 0.0332648736111 0.0109150367187
0 0.587073052734 0.208598481944 0.0401950555556 0.00935574453125
0 0.493515594922 0.319481396528 0.0651437125 0.0109150367187
0 0.479871798047 0.267505030556 0.033264875 0.00857610078125
0 0.496244355859 0.244635429167 0.0457392027778 0.0116946835938
0 0.576158016406 0.219686773611 0.05128335 0.0109150375
0 0.726161828516 0.336806852083 0.0277207291667 0.0140336195312
1 0.264689644141 0.31601630625 0.0110882902778 0.0163725554687
1 0.61046241875 0.209984519444 0.0457392027778 0.0187114921875
1 0.709193891016 0.179123549306 0.0616353069444 0.0415338476562
1 0.709477396875 0.223844882639 0.0207905486111 0.0187114921875
1 0.700121648438 0.31185819375 0.0194045097222 0.0093557453125
1 0.672834057812 0.345123070139 0.0221765819444 0.0280672375
1 0.906259937109 0.356211359722 0.0859342583333 0.0343044023437
2 0.462719597656 0.419969038194 0.0609856041667 0.074066321875
2 0.508202977344 0.425051172917 0.0572895069444 0.071475621875
2 0.547700957422 0.397792452083 0.0194045097222 0.0148132648438
2 0.628394264453 0.407494711806 0.0249486569444 0.0280672382812
2 0.693494664063 0.408880745139 0.0166324347222 0.021050428125
2 0.782374249219 0.437294493056 0.0845482194444 0.11148930625
2 0.651271986719 0.411421815972 0.0235626180556 0.03118581875
2 0.413480113281 0.396175414583 0.00970225694444 0.0187114921875
2 0.0562725339844 0.413500870833 0.0415810916667 0.0615919945313
2 0.00494181289062 0.425975199306 0.0277207291667 0.00988362578125
3 0.346300655469 0.428054248611 0.0401950555556 0.007016809375
3 0.338894023828 0.423896139583 0.0318788375 0.00779645390625
2 0.117864526562 0.421817088194 0.0471252375 0.0537955375
2 0.573567315234 0.411421815972 0.0207905458333 0.0265079460937
1 0.706181627734 0.2730058625 0.0457392027778 0.0163725554688
1 0.992332782422 0.110328495833 0.124743277778 0.0140336195312
