1 0.183725912891 0.404796046528 0.180815698611 0.0520015070312
1 0.357510363281 0.295354968056 0.0135951638889 0.017588746875
1 0.321950507812 0.400037738889 0.0299093666667 0.0076472796875
1 0.75363949375 0.200868565278 0.0421450138889 0.03288330625
2 0.151416153906 0.466654048611 0.0489425944444 0.032118578125
2 0.292508478906 0.454418402778 0.0299093666667 0.02064765625
2 0.262301721094 0.455777918056 0.0217522638889 0.027530209375
2 0.274537371875 0.448980334028 0.0353474291667 0.0137651046875
2 0.238212788281 0.453738641667 0.0339879138889 0.03135385
2 0.220624042969 0.457137434028 0.0271903291667 0.0221771125
2 0.410276598828 0.439463718056 0.0163141972222 0.0122356476563
2 0.42136515625 0.447620819444 0.0190332333333 0.009941465625
2 0.414482602734 0.465294533333 0.0271903333333 0.00841200859375
2 0.441248085156 0.455777917361 0.0380664652778 0.0328833078125
2 0.478337395313 0.452379126389 0.055740175 0.0428247703125
2 0.0688255238281 0.495697034722 0.110494080556 0.128474313281
2 0.385231755469 0.467333809722 0.0856495416667 0.05429569375
2 0.625241682422 0.47827793125 0.236555898611 0.281419922656
2 0.320139646484 0.439235964583 0.0558453680556 0.0437050710938
