4 0.114052518359 0.477439220833 0.119576430556 0.126725019531
2 0.193986761719 0.486970675 0.0589217194444 0.0409419296875
2 0.639961351563 0.507766576389 0.0727856527778 0.051664815625
2 0.684802510156 0.481771700694 0.0381258180556 0.0204709609375
2 0.580985475 0.479172211806 0.0294608597222 0.0136473078125
2 0.611529464062 0.474550909028 0.0190629152778 0.0136473078125
2 0.598369559766 0.470218426389 0.0173299166667 0.00877327109375
2 0.657345433203 0.474550906944 0.0225288916667 0.0175465414062
2 0.629076005859 0.474550906944 0.0225288916667 0.0155969242187
2 0.672454955469 0.473684409028 0.0242618819444 0.0107228859375
2 0.355804863672 0.4728179125 0.036392825 0.0350930820312
2 0.328022839453 0.476283897222 0.0329268416667 0.0243701960937
2 0.306089664062 0.480616377083 0.0346598319444 0.0311938515625
2 0.288543123828 0.476283896528 0.0363928263889 0.0233953898438
2 0.268072157812 0.477150393056 0.0346598333333 0.0194961578125
5 0.372376597266 0.461553467361 0.0415918013889 0.0350930820312
5 0.410881506641 0.459242809722 0.0450577888889 0.0399671210938
0 0.505827791016 0.285077138194 0.0537227402778 0.00877327109375
0 0.496177193359 0.285943635417 0.0519897541667 0.00779846171875
0 0.961160535547 0.424582971528 0.0242618819444 0.0155969242187
0 0.269046964844 0.336200395833 0.0554557361111 0.0116976921875
0 0.429402855859 0.33446740625 0.0450577875 0.0107228851562
0 0.402108236328 0.417651005556 0.0207959 0.0126725023437
0 0.272946196875 0.419383995833 0.0207958972222 0.0116976921875
2 0.976757461328 0.51729803125 0.0675866791667 0.0409419289062
3 0.230542056641 0.496502130556 0.0745186472222 0.0185213492188
3 0.250038212109 0.49216965 0.0762516361111 0.0185213492188
3 0.350443420703 0.498235122917 0.0779846319444 0.0126725023437
3 0.822737821484 0.505167089583 0.0779846319444 0.0175465414063
3 0.843793706641 0.502567602083 0.0554557347222 0.00974807734375
3 0.905011628125 0.499101617361 0.0346598347222 0.009748078125
3 0.265440180859 0.489570163194 0.0537227430556 0.0107228898438
1 0.709172707031 0.44147964375 0.0190629152778 0.0068236546875
1 0.721845208984 0.443212636111 0.0155969305556 0.00682365546875
0 0.563926340234 0.408552799306 0.0155969263889 0.00682365703125
0 0.794955797656 0.04072530625 0.0779846263889 0.028269428125
0 0.825174841797 0.0407253048611 0.0814506097222 0.0263198117187
0 0.603893460156 0.428915452083 0.0155969263889 0.00682365625
0 0.956286496094 0.331867915278 0.0537227416667 0.0116976921875
