1 0.374813616797 0.294608593056 0.0831836027778 0.0828586664063
1 0.459134495703 0.299807568056 0.0831836027778 0.0643373179688
1 0.373351404688 0.352663815972 0.0225288930556 0.085783090625
1 0.460109303516 0.354396807639 0.0259948763889 0.0643373179688
1 0.596094998047 0.42284998125 0.0693196680556 0.0516648164063
1 0.944101398828 0.325802444444 0.0901155694444 0.0204709648438
1 0.499589021094 0.444512377778 0.025994875 0.01852135
1 0.501051232812 0.469640757639 0.0173299180556 0.0077984625
1 0.261248502734 0.388190147222 0.0623877027778 0.00779846328125
1 0.268559561719 0.409852543056 0.0294608583333 0.0087732703125
1 0.249063404687 0.424582972917 0.0727856513889 0.051664815625
1 0.29195495 0.443645881944 0.0346598333333 0.0107228859375
1 0.37042698125 0.447111865278 0.0138639333333 0.013647309375
2 0.0194961570312 0.534627947222 0.0710526611111 0.0389923140625
1 0.328997648047 0.493036145833 0.015596925 0.00682365546875
1 0.277820235937 0.490436658333 0.0173299166667 0.0077984625
2 0.874402638281 0.525962988889 0.0918485611111 0.161818103125
2 0.796418010156 0.523363501389 0.0693196694444 0.0994304
2 0.738904346875 0.522497005556 0.0571887277778 0.089682321875
2 0.708685303906 0.516431534028 0.0415918013889 0.0584884703125
2 0.670667798047 0.512965550694 0.0589217180556 0.0818838585937
2 0.974320442187 0.519031020833 0.0537227416667 0.047765584375
