0 0.152451673438 0.339140385417 0.0539062152778 0.0118652265625
0 0.509067639453 0.39890596875 0.0374999736111 0.0105468679688
0 0.513022714844 0.499687150694 0.0281249819444 0.0079101515625
0 0.142563984375 0.34499975625 0.0609374597222 0.0079101515625
0 0.499839130078 0.400077843056 0.035156225 0.00791015078125
0 0.640244307031 0.397734094444 0.035156225 0.009228509375
0 0.735166116797 0.437577815972 0.0398437208333 0.0145019429687
0 0.19068406875 0.532499626389 0.0281249805556 0.011865225
1 0.201890116797 0.498515275 0.0164062388889 0.0184570195312
1 0.570371308203 0.403593465278 0.0234374833333 0.0461425460937
1 0.646176919922 0.416484081944 0.0210937361111 0.0105468679688
1 0.0106375027344 0.356718496528 0.0374999708333 0.0212750054688
3 0.0186382890625 0.630937060417 0.0984374347222 0.0210937359375
2 0.379868508594 0.569999600694 0.0421874708333 0.0158203015625
2 0.395029631641 0.567655853472 0.0421874736111 0.0197753773437
2 0.476108676953 0.559452733333 0.0257812333333 0.0105468679687
2 0.465561810156 0.557108984028 0.0304687291667 0.015820303125
2 0.274399832031 0.600468329861 0.0609374597222 0.0659179234375
2 0.349546264453 0.592265211111 0.0773436972222 0.0738280742188
2 0.432602848047 0.5899214625 0.100781180556 0.0791015070313
2 0.494565695312 0.561796484028 0.0351562291667 0.02636716875
2 0.540049062891 0.579374595139 0.0984374319444 0.0593261304688
2 0.604648628125 0.564140229861 0.0679687013889 0.0408691125
1 0.652622435547 0.433458602083 0.0160079097222 0.0250123585938
