2 0.543237360156 0.391911554167 0.0860111222222 0.055743621875
2 0.683648178516 0.419958660417 0.0523545958333 0.0252423929687
2 0.784728903516 0.419296853472 0.132210098611 0.0885706742187
2 0.205269745313 0.372714848611 0.0822715055556 0.0683648171875
2 0.0862289496094 0.371728824306 0.203911206944 0.171820305469
2 0.445948966406 0.453116563889 0.260526430556 0.176696759375
2 0.8799779125 0.465270305556 0.617659572222 0.2376992125
2 0.613179828516 0.408241196528 0.142105331944 0.117797841406
1 0.279769878125 0.197264640972 0.0265512597222 0.0601610359375
1 0.566060688281 0.273178797222 0.01308865 0.0437534890625
1 0.67460298125 0.293559695833 0.0172022166667 0.02524239375
1 0.158816730859 0.222694016667 0.00934903611111 0.0273459273438
1 0.156713197266 0.279723127778 0.0224376805556 0.0189317960937
1 0.175119110156 0.249806217361 0.0149584569444 0.0241906265625
0 0.336670432031 0.227617836111 0.0334072194444 0.0124108484375
0 0.52714533125 0.267943338194 0.0280471041667 0.0105176640625
0 0.345189739062 0.2202632625 0.0299169111111 0.0063105984375
1 0.730346602344 0.280284069444 0.0243074888889 0.012621196875
0 0.310481446484 0.361620674306 0.0149584569444 0.0126211960937
0 0.681965378125 0.321045869444 0.0243074916667 0.00841413125
1 0.333409957422 0.359376897222 0.0149584555556 0.00841413046875
2 0.45173368125 0.312569411806 0.0168282625 0.066261284375
