1 0.323944059766 0.103774288889 0.0168282638889 0.0252423929687
1 0.392644251953 0.156913215972 0.0408346152778 0.0435034445312
1 0.338142907031 0.152389271528 0.0504847902778 0.0262941609375
0 0.2408545125 0.129951584722 0.0467451722222 0.027345928125
0 0.131996686719 0.0355263333333 0.0635734361111 0.032604759375
0 0.756745945703 0.0804016979167 0.0560942097222 0.0178800289063
0 0.463723827734 0.215027803472 0.0186980708333 0.00525883203125
0 0.531983462891 0.0149584548611 0.0299169097222 0.0147247304688
0 0.742021216406 0.0747922784722 0.0448753708333 0.0136729640625
2 0.415447739453 0.249619231944 0.0168282611111 0.0126211976562
2 0.421758337891 0.250554134722 0.0149584555556 0.00841413046875
2 0.437534834375 0.252423943056 0.0224376833333 0.012621196875
2 0.443319550781 0.256163556944 0.0186980694444 0.013672965625
2 0.446474849219 0.257098460417 0.0168282625 0.0178800296875
2 0.448578382422 0.278601240278 0.033656525 0.0241906289063
2 0.532719696484 0.287950277083 0.0411357541667 0.0283976945313
2 0.552177373828 0.290754986111 0.0504847888889 0.0378635929687
2 0.483286673828 0.275796530556 0.0280471055556 0.0157764976562
2 0.468036061719 0.256163557639 0.0112188402778 0.0147247296875
2 0.472243126953 0.279536145833 0.0392659472222 0.0231388601563
2 0.623697491797 0.290754986111 0.0579640166667 0.0399671257812
2 0.432170835156 0.276731432639 0.0299169097222 0.0199835625
2 0.583099317969 0.311322863889 0.0878809277778 0.069416584375
2 0.504216835547 0.282340855556 0.0635734361111 0.0441741898437
2 0.453246483594 0.286252071528 0.0414789597222 0.03478893125
2 0.699529859766 0.355263328472 0.209418381944 0.179852060156
2 0.716358121484 0.243074907639 0.0299169097222 0.0641577507813
1 0.392343802734 0.193538151389 0.0362288166667 0.0429025460937
