1 0.720392464844 0.569055288194 0.0212598486111 0.0197667046875
1 0.732268916016 0.566929302778 0.0170078777778 0.0119586648438
1 0.886934325391 0.507401727778 0.0170078805556 0.0119586664062
1 0.879161192187 0.509527711806 0.0212598486111 0.01315453125
1 0.871985994141 0.5127166875 0.0191338638889 0.0155462632813
1 0.854645930469 0.515905664583 0.0212598513889 0.021525596875
1 0.153668842188 0.619370272222 0.0552756055556 0.0442470609375
2 0.919820653125 0.518385975694 0.0191338652778 0.01315453125
2 0.883944659375 0.526889915278 0.0191338638889 0.0203297296875
2 0.851656264063 0.536456846528 0.0255118180556 0.0203297296875
2 0.836109999219 0.537519855556 0.0233858333333 0.0107627984375
2 0.830130667969 0.539645839583 0.0233858319444 0.01315453125
2 0.824151334375 0.54814978125 0.0233858319444 0.01315453125
2 0.819965802344 0.553464743056 0.0255118194444 0.0215255953125
2 0.780502208984 0.571535613889 0.0233858333333 0.0215255945313
2 0.758378679687 0.582519848611 0.0255118194444 0.027504928125
2 0.732667548828 0.584645832639 0.0297637875 0.0287007945312
2 0.718915086328 0.585708824306 0.0233858347222 0.0131545304688
2 0.692606022266 0.588897799306 0.0170078791667 0.0131545304688
2 0.706358488281 0.593149769444 0.0340157583333 0.0191338640625
2 0.611287103516 0.620787573611 0.0382677277778 0.0131545320313
2 0.583782173828 0.617598597917 0.0871653819444 0.0585974570313
2 0.648956896875 0.6261025375 0.112677197222 0.0813189203125
2 0.539335779297 0.61015765 0.02125985 0.0167421320313
2 0.525583316016 0.610157649306 0.0340157569444 0.0251131960937
2 0.4873155875 0.616535604167 0.0255118194444 0.037071859375
2 0.246946427734 0.669685225 0.059527575 0.0609891898438
2 0.360553741016 0.67074821875 0.201968559722 0.154266774219
1 0.132360682031 0.679185718056 0.0170078777778 0.0155462640625
