1 0.758235180859 0.189762592361 0.0155969263889 0.0237260351563
1 0.740853961719 0.220089950694 0.0207959013889 0.040941928125
0 0.147683388672 0.302407055556 0.0433247944444 0.0185213492187
0 0.754501272266 0.263414743056 0.0485237694444 0.0155969242188
0 0.772277642188 0.260815254861 0.0433247930556 0.014106965625
0 0.130624251172 0.303273552083 0.0381258180556 0.0155969257813
3 0.193499357031 0.405520063889 0.0762516361111 0.0224205796875
2 0.185700894141 0.399454594444 0.0571887277778 0.0867578992187
2 0.551414410156 0.376059204861 0.0450577819444 0.0240490515625
2 0.567825570313 0.379525188889 0.05198975 0.032168659375
2 0.579035859766 0.385590658333 0.0433247944444 0.0233953882813
2 0.606817884766 0.382991169444 0.0797176194444 0.0477655835938
2 0.635574716016 0.399454593056 0.102246511111 0.0760350132812
2 0.460598234375 0.376925699306 0.0259948763889 0.02047401875
2 0.444512377734 0.376925700694 0.0225288930556 0.0175465414063
2 0.434764298828 0.379525188889 0.0242618861111 0.0175465398437
2 0.425016221094 0.382991172917 0.0242618847222 0.0175465421875
2 0.41088150625 0.387323650694 0.0363928263889 0.0204709625
2 0.395771985547 0.389923139583 0.0381258180556 0.0155969257812
2 0.367502557031 0.389056641667 0.0641206916667 0.0506900078125
2 0.327535435938 0.403787073611 0.0658536861111 0.0389923125
2 0.263685522266 0.408119552778 0.119576430556 0.102354824219
2 0.502026040625 0.40205408125 0.1282413875 0.083833475
0 0.623105646484 0.0178124840278 0.0356249680556 0.0171386601562
0 0.641562665234 0.0178124840278 0.0356249680556 0.0197753773438
2 0.535434808594 0.369609113889 0.0257812333333 0.0105468671875
