2 0.0964222652344 0.591069818056 0.300158197222 0.189643791406
2 0.374486473437 0.519231007639 0.0312961152778 0.0272062828125
2 0.410494788281 0.524921210417 0.0369863180556 0.0256059125
2 0.442502178906 0.517097181944 0.0241833611111 0.01280295625
2 0.424097929297 0.524921210417 0.0199157097222 0.0112025867187
2 0.320874092969 0.500026572222 0.0184931583333 0.0112025859375
2 0.295668273438 0.500737848611 0.0142255083333 0.02000461875
2 0.250857926172 0.498604022222 0.0184931583333 0.0104024023437
1 0.406093771875 0.473709384722 0.0170706083333 0.0072016625
1 0.388889799609 0.475131936111 0.0170706083333 0.00960221796875
2 0.200446285156 0.497181472222 0.0327186666667 0.024805728125
2 0.175640557422 0.492202544444 0.0284510138889 0.0216049882813
2 0.226852382812 0.498604022222 0.0184931583333 0.013603140625
