2 0.172000313281 0.513998820833 0.0228813722222 0.01638098125
2 0.281401875 0.512958759028 0.0416024930556 0.059673578125
2 0.235184103125 0.505678320139 0.0228813708333 0.030421825
2 0.243959629297 0.501518072917 0.0187211208333 0.0269116117188
2 0.315216905078 0.493197573611 0.0270416194444 0.0327619648438
2 0.472240327344 0.4671960125 0.0166409972222 0.0140408421875
2 0.493301590625 0.464075827083 0.0187211208333 0.01404084375
2 0.510852641016 0.468236075 0.0187211222222 0.00936056171875
2 0.502077116016 0.480716824306 0.0353621208333 0.0222313335937
2 0.757503419141 0.394391647917 0.0124807486111 0.0210612632812
2 0.753993208594 0.405832332639 0.0187211208333 0.032761965625
2 0.781489856641 0.396471772917 0.0249614986111 0.0222313335937
2 0.811911682422 0.3850310875 0.0353621194444 0.0409524554688
2 0.871000224219 0.487997260417 0.104006234722 0.20125206875
5 0.963435768359 0.351749090972 0.143528606944 0.0702042101563
5 0.515623103125 0.45346719375 0.0374422458333 0.0163809828125
5 0.0571445179687 0.505470313194 0.137288231944 0.114289035937
2 0.618265087109 0.361733694444 0.0270416222222 0.0117007007813
2 0.611244666016 0.386695192361 0.0145608736111 0.0257415429687
2 0.640262391797 0.418937127083 0.0457627430556 0.0374422460938
