2 0.0479990867188 0.4613387125 0.148818938889 0.0956693171875
2 0.123936608203 0.431574923611 0.114803180556 0.0920817195312
2 0.196884462109 0.429448938194 0.148818940278 0.137524644531
2 0.276409583203 0.423070983333 0.0637795444444 0.0310925289062
2 0.325440108984 0.413504052083 0.0446456819444 0.0406594601562
2 0.3529450375 0.4050001125 0.0531496222222 0.0430511921875
2 0.372676834375 0.403937120139 0.0510236375 0.017937996875
2 0.409748695313 0.398622159722 0.0233858333333 0.017937996875
2 0.468944085547 0.425196969444 0.233858333333 0.114803182031
2 0.547273339063 0.416693028472 0.0765354541667 0.0466387921875
2 0.571190669141 0.400748142361 0.0446456819444 0.0227214632813
2 0.586736932813 0.414567044444 0.0637795472222 0.037071859375
2 0.599293530859 0.423070983333 0.0637795444444 0.0382677273438
2 0.632179858203 0.411378065972 0.116929165278 0.0538139914062
2 0.693169049609 0.412441059722 0.153070908333 0.111215582031
2 0.767312771094 0.424133978472 0.218976440278 0.168617171875
3 0.703333913672 0.446456815972 0.148818940278 0.0430511929687
2 0.880920085547 0.492165492361 0.231732348611 0.235585694531
3 0.845642024609 0.367795378472 0.0425196958333 0.0191338632813
0 0.381645833203 0.338031588889 0.0170078777778 0.00956693203125
1 0.36609956875 0.339094580556 0.010629925 0.0191338640625
