0 0.404492376172 0.203553989583 0.0644541958333 0.0107967945312
0 0.743991558203 0.287559039583 0.0490521013889 0.0203939445312
1 0.534653724219 0.169194190972 0.0554501986111 0.02879145
1 0.732160727344 0.1333137375 0.0689972944444 0.0495166078125
7 0.716299812891 0.479530920139 0.0749999486111 0.0637809945313
3 0.803373923047 0.474170289583 0.157819798611 0.0311907367187
2 0.345110009375 0.478435691667 0.0341232 0.0191943
2 0.317518203516 0.482701092361 0.0426540013889 0.0335900257812
2 0.363104666406 0.465639490972 0.0597156013889 0.0263921625
2 0.477070821875 0.480568390278 0.0810426 0.0575829
2 0.410490595312 0.481634741667 0.1215639 0.0803761328125
2 0.21734795 0.506160790972 0.149289001389 0.17874691875
2 0.0657867105469 0.495497291667 0.1364928 0.131573421094
3 0.565844460547 0.463506790972 0.0639810013889 0.0143957257813
7 0.720664173437 0.484218417361 0.0656249541667 0.0566894140625
