0 0.438682222656 0.220378989583 0.0383885986111 0.00959715
0 0.516059246094 0.2139808875 0.0341232 0.01079679375
1 0.676211685938 0.215047241667 0.0746445 0.0383886
1 0.727196546094 0.149999890278 0.0511848027778 0.02999109375
1 0.872353439844 0.184123092361 0.0255924013889 0.03239038125
1 0.571842678906 0.0614928381944 0.0362559013889 0.0263921625
1 0.498664411328 0.0614928381944 0.0661136986111 0.0335900273437
1 0.414689347266 0.0924169881944 0.0298578013889 0.0215935867187
1 0.315718737109 0.346208290972 0.0255924013889 0.0203939445312
1 0.277929961328 0.339810188889 0.0170616 0.0239928757813
1 0.22814474375 0.322748590278 0.0127962 0.01559536875
1 0.106980725391 0.341942890972 0.0255924013889 0.0179946570313
0 0.112666574219 0.286492688194 0.0426540013889 0.01497063125
0 0.661216139062 0.286492689583 0.0255924013889 0.01079679375
0 0.646220591797 0.288625390972 0.0255924013889 0.0119964367187
3 0.277330138672 0.413388340278 0.0447867 0.0131960820313
3 0.195754362109 0.420852790278 0.0511848 0.0107967945312
3 0.159165228125 0.425118189583 0.0383885986111 0.0119964375
2 0.293525329297 0.419786440278 0.0447867 0.0263921632813
2 0.603633239453 0.394194040278 0.0405213 0.0371889585937
2 0.585038759766 0.393127688889 0.0341232 0.0167950132812
2 0.627026291797 0.380331489583 0.0426540013889 0.0455864632813
2 0.0375950820312 0.508293492361 0.162085201389 0.0751901640625
2 0.440481688672 0.545615740972 0.415876501389 0.380287069531
3 0.934135092188 0.467772190278 0.1748814 0.0599821875
3 0.917939901563 0.384596891667 0.0981042 0.03478966875
3 0.877751836719 0.464573138889 0.1770141 0.0743779125
3 0.852559316797 0.461374090972 0.162085201389 0.0551836132813
2 0.967125296484 0.363269890972 0.0469194013889 0.0443868179688
2 0.903486427344 0.422985490972 0.140758198611 0.193027145313
1 0.713413201953 0.241874827083 0.0749999486111 0.0237304523438
1 0.751645597266 0.238359204167 0.0773436972222 0.0369140367187
3 0.0937847214844 0.432890320833 0.0398437222222 0.0105468679687
