2 0.541533147656 0.599123684722 0.0412770138889 0.0245841
2 0.515583260547 0.610049954861 0.0679856680556 0.0409735039063
2 0.469231974219 0.639056590972 0.116286706944 0.0899710078125
2 0.38788250625 0.586983386806 0.0169964180556 0.0204867515625
2 0.609139430078 0.606407861806 0.0412770097222 0.0177551851562
2 0.620748589062 0.614906071528 0.0485611902778 0.01912096875
2 0.639869558203 0.623404279167 0.0655576055556 0.0464366382812
5 0.576360626172 0.595481594444 0.0825540222222 0.0341445867188
3 0.807860926172 0.644042786806 0.101978501389 0.0273156695313
2 0.973454054687 0.872280379861 0.250090131944 0.05051775625
2 0.243337094141 0.579092195139 0.0364208930556 0.0368761539063
