2 0.472781805078 0.550224872917 0.213157981944 0.159868486719
2 0.399671216797 0.521630510417 0.135173356944 0.0623877023438
2 0.370914385547 0.517298029861 0.109178479167 0.0341182742188
2 0.352393036328 0.513832046528 0.0641206930556 0.0224205804688
2 0.343132362109 0.5025676 0.0797176194444 0.0272946210938
2 0.325098416797 0.503434096528 0.0537227430556 0.0126725023437
2 0.315350338281 0.498235121528 0.0502567597222 0.0126725015625
2 0.304140048047 0.495635634028 0.0415918013889 0.0116976945312
2 0.0580010667969 0.509499568056 0.162901222222 0.116002133594
2 0.0155969253906 0.554557352083 0.135173354167 0.0311938507812
2 0.131599058984 0.508633072222 0.0953145472222 0.0662869335937
2 0.164742525781 0.499101617361 0.0623877013889 0.0409419296875
2 0.173515796875 0.491303154167 0.0779846277778 0.0467907765625
2 0.210558494922 0.492169650694 0.0346598347222 0.0272946195313
2 0.219331765234 0.485237684028 0.0450577875 0.0233953882813
2 0.235416094922 0.49216965 0.0242618833333 0.0107228867188
2 0.243214557813 0.482638195139 0.0259948736111 0.0068236546875
2 0.252475232031 0.480905203472 0.0259948736111 0.013647309375
2 0.273921004687 0.4817717 0.0173299166667 0.013647309375
