4 0.0339519226563 0.375755863889 0.0680101111111 0.0679038453125
4 0.0961174140625 0.357053083333 0.0510075833333 0.111897885937
2 0.0535579628906 0.385957379861 0.0476070791667 0.0439940398438
2 0.117158042969 0.394458645139 0.0408060652778 0.0334737265625
2 0.143458828125 0.382556875 0.0204030333333 0.03060455
2 0.146806201172 0.402109783333 0.0493073305556 0.0411248632813
2 0.168325024609 0.418262183333 0.0952141555556 0.0554707476562
4 0.236228869922 0.357053083333 0.03060455 0.122418199219
2 0.248661969141 0.433564460417 0.2516374125 0.158761105469
2 0.428463701172 0.385107252083 0.0459068236111 0.0745985914062
2 0.493976565234 0.41571180625 0.0595088486111 0.100421178906
2 0.622611315625 0.412311300694 0.0527078375 0.074598590625
4 0.723032494922 0.402109783333 0.0833123861111 0.130069336719
1 0.0200159199219 0.2478725625 0.0187027805556 0.0105203132812
1 0.0286234511719 0.307381413194 0.0391058152778 0.0239098054687
1 0.0286234492188 0.334585458333 0.015302275 0.0162586671875
1 0.0606625890625 0.334585454861 0.0221032875 0.01147670625
1 0.104656630078 0.315882676389 0.0323048027778 0.0133894898438
1 0.103222042188 0.339686214583 0.0119017680556 0.0105203140625
1 0.275372635156 0.341386465278 0.0323048027778 0.0162586671875
1 0.324626831641 0.342236593056 0.0272040444444 0.0133894898437
1 0.324626832422 0.361789502083 0.0153022763889 0.00765113671875
1 0.4250480125 0.348187477778 0.0255037916667 0.009563921875
1 0.691949762891 0.245322184028 0.0306045513889 0.0430376492187
1 0.137173963672 0.345515645833 0.0255037916667 0.0172150601563
3 0.80384765 0.409153679167 0.0391058138889 0.0162586671875
