1 0.865141963281 0.399454591667 0.0953145444444 0.059463278125
0 0.584397303125 0.571887269444 0.0242618833333 0.00682365625
5 0.641910967187 0.553690857639 0.244351834722 0.110153285938
2 0.0147127527344 0.719191564583 0.142105320833 0.0290629648438
2 0.0809090519531 0.645539416667 0.216623966667 0.161818103906
2 0.121850980078 0.626476507639 0.178498148611 0.210558494531
2 0.190087530469 0.605680608333 0.129974380556 0.198860801562
2 0.303165239453 0.603081120833 0.114377455556 0.0896823226563
2 0.356292267188 0.623877020833 0.0797176194444 0.0419167375
2 0.372376597266 0.604814111806 0.0970475347222 0.0701861648438
2 0.4333020875 0.601348129167 0.0658536861111 0.0848082828125
2 0.873427828906 0.607413597917 0.0745186430556 0.134523482813
2 0.784720316406 0.609146591667 0.0502567611111 0.054589240625
2 0.974807845703 0.612612575694 0.0398588097222 0.0350930820312
