0 0.0845562121094 0.425859077083 0.0304687291667 0.0184570179687
0 0.0641216558594 0.422343452778 0.0281249805556 0.0145019429687
0 0.865683605078 0.459843426389 0.0281249805556 0.0197753773437
0 0.818881878906 0.363749743056 0.0468749694444 0.01845701875
0 0.469516885156 0.342656006944 0.0281249805556 0.0105468671875
0 0.551914288672 0.350859127083 0.0351562263889 0.00922850859375
1 0.907211896875 0.409452836111 0.0164062388889 0.0237304515625
1 0.91050779375 0.396562219444 0.0140624888889 0.02241209375
3 0.112900919531 0.520780884722 0.0937499361111 0.0250488109375
3 0.271763114844 0.504374646528 0.0515624652778 0.0105468671875
3 0.744394626172 0.560624607639 0.1265624125 0.0224120945312
3 0.66529311875 0.577030847222 0.135937408333 0.0250488109375
3 0.259897887891 0.502030896528 0.0515624652778 0.00791015078125
3 0.285605878906 0.499687150694 0.0562499625 0.0065917921875
3 0.292856850391 0.490312154861 0.0281249819444 0.00791015078125
3 0.238144973437 0.494999652778 0.0609374583333 0.0145019421875
3 0.222983851172 0.498515275694 0.0632812069444 0.0131835835938
3 0.209141087891 0.502030897917 0.0562499625 0.0145019429687
3 0.197935040625 0.490312156944 0.07031245 0.0105468671875
3 0.137949730078 0.532499627083 0.103124929167 0.0197753773438
3 0.818222700391 0.56296835625 0.0562499625 0.0224120945312
3 0.689023569922 0.521952759028 0.0351562263889 0.0197753757812
6 0.250010200391 0.512577764583 0.0492187152778 0.0224120945312
8 0.250669378516 0.543046494444 0.0585937083333 0.0210937351562
2 0.395688810937 0.497343401389 0.0468749694444 0.0342773203125
2 0.375913433203 0.518437136111 0.0609374583333 0.0290038867188
2 0.453037404297 0.510234015972 0.0679687041667 0.0461425460938
2 0.487973904297 0.5172652625 0.0914061861111 0.0369140382812
2 0.774716870313 0.540702745833 0.0585937083333 0.106787035938
2 0.92237301875 0.554765235417 0.0679687041667 0.0830565828125
2 0.424692697656 0.527812130556 0.07031245 0.0659179234375
2 0.553891826953 0.588749588194 0.257812323611 0.163476450781
2 0.327134170313 0.536015249306 0.124218665278 0.0843749421875
2 0.02918515625 0.5535933625 0.206249858333 0.058007771875
