0 0.305381255469 0.191484236111 0.0445312194444 0.0092285078125
0 0.302744539453 0.279374801389 0.0281249805556 0.0145019429688
0 0.648813636328 0.14460926875 0.0632812069444 0.0131835835938
0 0.651450353906 0.19851548125 0.0304687291667 0.0105468671875
0 0.14981495625 0.234843581944 0.0468749694444 0.0197753765625
0 0.781967841797 0.107109294444 0.0539062138889 0.0131835835937
0 0.796469785547 0.168046752083 0.0304687291667 0.0105468679688
1 0.141904805469 0.281718548611 0.0281249833333 0.0382323953125
1 0.638266769922 0.06374995 0.032812475 0.0210937351562
1 0.636948410547 0.0227343527778 0.0445312194444 0.0290038867187
3 0.715390739844 0.278202926389 0.110156175 0.0408691125
3 0.930283169531 0.374296610417 0.227343593056 0.0830565828125
2 0.870957039062 0.271171680556 0.105468677778 0.138427639063
2 0.437876281641 0.347343504861 0.0281249819444 0.0263671695312
2 0.400303065625 0.344999757639 0.0468749680556 0.0566894140625
2 0.317246482031 0.38132785625 0.114843670833 0.175341676562
2 0.580918175781 0.566483979167 0.339843516667 0.301904089063
