1 0.604380864453 0.296341584028 0.0450577847222 0.0311938507812
1 0.605355673047 0.337066890278 0.0294608583333 0.0175465414062
0 0.392360157812 0.367394245139 0.0207958986111 0.0068236546875
2 0.11259030625 0.441046396528 0.140372331944 0.14524636875
2 0.229567247266 0.429781948611 0.0901155722222 0.0867578992187
2 0.29195495 0.421983484722 0.0537227416667 0.034118275
2 0.319736973438 0.421116989583 0.0450577847222 0.021445771875
2 0.338258322656 0.417412201389 0.0351374472222 0.013647309375
2 0.356292267188 0.413318527083 0.0398588097222 0.0224205796875
2 0.372864 0.411585534722 0.025994875 0.0165717328125
2 0.386511311719 0.408986047222 0.0207959 0.0126725015625
2 0.455235264063 0.44624536875 0.181964129167 0.126725020313
2 0.918756394531 0.580552228472 0.405520065278 0.16084329375
2 0.653608660156 0.444512379167 0.171566180556 0.147195984375
2 0.557590087891 0.430648443056 0.112644461111 0.0760350117187
