0 0.294215312109 0.519166945139 0.0599013791667 0.0131034273437
0 0.481719105078 0.571303329167 0.0377156805556 0.0124794539063
0 0.547548222656 0.590161169444 0.0244042611111 0.009359590625
1 0.621944779688 0.591248788194 0.0476992458333 0.0168472625
0 0.524636238672 0.474330180556 0.0266228333333 0.00499178203125
2 0.452074717969 0.646528158333 0.0144207 0.0068637
2 0.459562389453 0.646528158333 0.0144207 0.00686369921875
2 0.466114102734 0.64763744375 0.0166392708333 0.00748767265625
2 0.475161707422 0.651519940972 0.0221856986111 0.0118554820313
2 0.487953148047 0.6609488625 0.0232949805556 0.0112315101563
2 0.440219235938 0.639872451389 0.0144207027778 0.0081116453125
2 0.427665392969 0.644492319444 0.0273666611111 0.0169960390625
2 0.388741489844 0.65817565 0.0443713916667 0.039934253125
2 0.355358950781 0.662612789583 0.0244042652778 0.0168472625
2 0.331336002344 0.660948861111 0.0410435388889 0.029950690625
2 0.306065107812 0.664831359028 0.0288414041667 0.02183904375
2 0.281106200391 0.664831359722 0.0354971138889 0.0330705507813
2 0.600268232031 0.715303815972 0.0965077763889 0.07612466875
2 0.430547659766 0.718077027778 0.124239894444 0.0686369960938
5 0.0702030207031 0.612901509722 0.123130611111 0.140406041406
3 0.890421217578 0.729376411806 0.100944915278 0.0262068507813
3 0.841751347656 0.734922836111 0.100944916667 0.0237109625
3 0.671642605859 0.68193224375 0.109178479167 0.0175465414062
0 0.607806278125 0.640025309028 0.0176915347222 0.0091859890625
