0 0.350864623828 0.151640514583 0.0351562263889 0.0105468679688
0 0.424692697266 0.158671757639 0.0351562263889 0.0105468664062
0 0.415464189453 0.200859230556 0.0210937361111 0.00791015234375
0 0.386460301562 0.197343605556 0.0281249805556 0.0105468671875
1 0.584214071094 0.1516405125 0.0210937361111 0.0131835859375
1 0.579599816797 0.116484288194 0.0398437236111 0.0171386601562
1 0.445127253906 0.171562374306 0.0140624930556 0.0197753765625
1 0.373276717187 0.198515481944 0.0117187416667 0.0131835859375
1 0.323179096484 0.197343606944 0.00937499166667 0.0131835851563
2 0.379028059375 0.230859214583 0.0210937347222 0.0118652265625
2 0.368481191406 0.237656084028 0.0215624875 0.0145019421875
2 0.330907975781 0.240234209722 0.035156225 0.0158203
2 0.229394373437 0.270702938194 0.0679687013889 0.0448241875
2 0.311132598047 0.240234211111 0.0492187194444 0.0369140382813
2 0.185888543359 0.270937308333 0.0871874333333 0.0764647914062
2 0.43308075625 0.235546711111 0.0304687277778 0.01450194375
2 0.445605161328 0.246093582639 0.0421874708333 0.0237304523438
2 0.461425463672 0.250781077778 0.037499975 0.0290038851563
2 0.479223302344 0.258984197917 0.0492187152778 0.0435058296875
2 0.530639282813 0.263202941667 0.0914061861111 0.07778315
2 0.360571040625 0.235077961111 0.0257812305556 0.0145019421875
2 0.423852246875 0.238593583333 0.0187499861111 0.0171386578125
2 0.0909929671875 0.296117959722 0.14296865 0.138427639062
2 0.559218072266 0.297158854861 0.121612954167 0.112476167969
2 0.39966236875 0.238990415278 0.0339928333333 0.01912096875
1 0.273327397266 0.21592385 0.0169964166667 0.0122920507812
1 0.274010289062 0.242632505556 0.0121402972222 0.0109262671875
