2 0.0357956167969 0.488032840972 0.104502301389 0.0715912335937
2 0.106380903125 0.492298238889 0.0831753 0.0743779125
2 0.371502172656 0.525355090972 0.110900401389 0.115165801562
1 0.468073494922 0.444312491667 0.0127962 0.0155953679687
1 0.75178924375 0.431516290972 0.0255924013889 0.0335900265625
2 0.779980871094 0.501895390278 0.0383886 0.03718895625
2 0.751189421094 0.518956991667 0.0597156 0.05878254375
2 0.730195653906 0.523222391667 0.0682464 0.0599821875
2 0.699604739062 0.527487790278 0.0682464 0.08757399375
2 0.510660847656 0.515757941667 0.0533175 0.0839750625
2 0.898745601953 0.526421441667 0.1087677 0.152354757031
2 0.544250873438 0.563743690278 0.1748814 0.297511651563
2 0.267133166016 0.540283990972 0.149289001389 0.261522338281
