2 0.375254254297 0.348515378472 0.0210937347222 0.0171386585938
2 0.37064 0.357890372222 0.0257812333333 0.01845701875
2 0.35613805625 0.363749742361 0.0421874708333 0.0290038859375
2 0.323179095312 0.374296610417 0.0632812069444 0.0290038859375
2 0.473471960938 0.359062245833 0.0515624638889 0.0237304515625
2 0.488633083594 0.360234119444 0.0632812055556 0.03032224375
2 0.505771742969 0.362577868056 0.0726562 0.027685528125
0 0.561142798828 0.245390447917 0.0351562263889 0.0224120945313
2 0.335044321484 0.381327855556 0.0492187166667 0.0421874710938
2 0.430625310547 0.36257786875 0.0539062125 0.0355956789062
2 0.539389884375 0.380155981944 0.0937499361111 0.0817382265625
4 0.466220989844 0.329765391667 0.0679687027778 0.0435058296875
5 0.259897888672 0.398905969444 0.126562413889 0.0922850929688
2 0.926987273437 0.5535933625 0.379687238889 0.14501943125
