1 0.561176391406 0.2564204 0.0303370638889 0.0142204984375
1 0.524914120703 0.248836134028 0.0303370625 0.0383953445312
1 0.494340048828 0.252628266667 0.0379213277778 0.0170645976562
1 0.183622162891 0.239987823611 0.0632022138889 0.0895891398438
0 0.577529963672 0.273214138889 0.0227527972222 0.00426614921875
0 0.521358996094 0.279534360417 0.0202247097222 0.0085322984375
2 0.526513947266 0.329915559722 0.0202247083333 0.0199086976563
2 0.504472175391 0.328651514583 0.0278089763889 0.0184866476563
4 0.685072505078 0.303370629167 0.0884831027778 0.0583040429688
4 0.786749066016 0.291994229861 0.151685315278 0.139360882031
4 0.926820974609 0.2629212125 0.2654493 0.143627032031
2 0.752619871094 0.380477331944 0.217415619444 0.190554676562
2 0.970193494141 0.417134614583 0.169381934722 0.0568819929687
2 0.442826316797 0.323848149306 0.0227527986111 0.0170645976562
2 0.42149556875 0.330168369444 0.0202247111111 0.0142204984375
2 0.378123049609 0.330168369444 0.0202247111111 0.0156425492188
2 0.325507205469 0.316263884028 0.0176966208333 0.0184866484375
2 0.32692925625 0.341544767361 0.0278089763889 0.01564255
2 0.225963717188 0.354185211111 0.0733145694444 0.0497717453125
2 0.396569755469 0.339429249306 0.0316678208333 0.029783165625
2 0.353237177344 0.348876225 0.0505617722222 0.0398173953125
2 0.277868535547 0.352668357639 0.0783707458333 0.0711024914062
2 0.0698581761719 0.424177144444 0.230056061111 0.137938833594
