2 0.144444178516 0.556290344444 0.405520063889 0.287568314844
2 0.489038751953 0.412452030556 0.0554557361111 0.0487403929687
2 0.576771458203 0.407253055556 0.0762516361111 0.0545892398438
2 0.526568853906 0.401187584028 0.0433247930556 0.034118275
1 0.515358563672 0.373459716667 0.015596925 0.00974807890625
2 0.607477905078 0.402054080556 0.0207959 0.0146221179688
1 0.211705919922 0.344865353472 0.0727856513889 0.0380175054687
1 0.718118595703 0.232220890278 0.135173352778 0.0623877023437
1 0.668403396094 0.291142609028 0.0831836013889 0.0272946203125
2 0.55096140625 0.397721602083 0.0155969263889 0.0077984625
4 0.366235319531 0.388190147222 0.0831836027778 0.0575136625
2 0.413491144531 0.402920577083 0.0329268430556 0.0263198125
3 0.643545795703 0.395122113889 0.0623877027778 0.0146221179688
3 0.651344258203 0.398588097917 0.0762516375 0.0185213492187
2 0.625511850391 0.399454593056 0.0121309416667 0.0116976945313
2 0.742488791797 0.389923138194 0.0381258180556 0.0292442351562
1 0.935500745313 0.237419865972 0.0519897513889 0.01169769375
