1 0.0972280855469 0.136880525694 0.113265356944 0.0697385507812
1 0.275879312891 0.324380611111 0.0137755166667 0.0275510335937
1 0.27200495 0.347339803472 0.0198979680556 0.0163584265625
1 0.272865919922 0.37642145 0.0290816472222 0.0232461835937
1 0.317205862891 0.372594916667 0.0306122583333 0.0189413351563
1 0.337438651953 0.438411272917 0.0397959347222 0.0111926070313
0 0.600034433203 0.374125529861 0.0275510319444 0.0129145460938
0 0.0477223230469 0.450109533333 0.0137755138889 0.0223852132812
0 0.0670941425781 0.464869014583 0.0244898069444 0.0129145460938
0 0.418369811328 0.355976840278 0.0428571611111 0.0232461851562
0 0.507049698047 0.372813579861 0.0306122569444 0.0163584257813
0 0.405455264844 0.456997291667 0.0153061305556 0.00430485
0 0.603232332422 0.456231985417 0.0260204180556 0.0129145460938
8 0.262595780859 0.493469623611 0.0214285805556 0.00860969765625
8 0.263456751563 0.511224719444 0.0183673555556 0.013775515625
2 0.439955554297 0.505102268056 0.0183673555556 0.0103316367188
2 0.429623917969 0.502806347222 0.0168367416667 0.0086096984375
2 0.351275667578 0.499745121528 0.0229591930556 0.0206632742187
2 0.32329415 0.498214509028 0.0260204180556 0.0180803640625
2 0.368925548828 0.502041043056 0.0244898055556 0.0146364851563
2 0.512277015625 0.534183913194 0.0979592263889 0.0774872796875
3 0.479560164062 0.50969410625 0.0275510319444 0.0120535765625
2 0.459327374609 0.511224719444 0.0489796138889 0.0266900632812
2 0.404225308984 0.524234929167 0.0780612583333 0.0559630351562
0 0.712882972656 0.411734879861 0.0489796152778 0.0241071546875
0 0.352567122266 0.469132864583 0.0260204180556 0.0111926070312
0 0.378396215625 0.469132864583 0.0168367430556 0.007748728125
2 0.133019830078 0.520001827778 0.048166475 0.0542410960937
2 0.226082838281 0.511224720833 0.0551020666667 0.0561195796875
2 0.429623917187 0.489796138889 0.0122449027778 0.0103316375
0 0.160296922266 0.279289027778 0.0551020666667 0.0103316367187
