2 0.646297601953 0.369993733333 0.150770280556 0.165717333594
2 0.559052298828 0.346598344444 0.131707372222 0.100405208594
2 0.481067671094 0.328401931944 0.0675866777778 0.051664815625
2 0.467420361719 0.310205520833 0.0693196694444 0.0399671203125
2 0.445974588672 0.309339022917 0.0398588097222 0.0126725023437
2 0.438176127344 0.306739535417 0.0450577847222 0.0087732703125
2 0.434276895312 0.298074576389 0.0485237694444 0.0165717328125
2 0.418679969922 0.298074578472 0.0450577847222 0.0185213492187
2 0.406982276172 0.298941072222 0.0363928277778 0.00877327109375
2 0.399671216406 0.292875601389 0.0277278666667 0.0136473109375
2 0.0350930828125 0.346598345833 0.117843436111 0.070186165625
2 0.0905353378906 0.328106571528 0.0947238263889 0.0567824382812
2 0.137661178516 0.318731577778 0.0759738388889 0.0561123101562
2 0.17936464375 0.310205517361 0.0589217180556 0.0272946203125
2 0.205197051562 0.305873038889 0.0537227416667 0.032168659375
2 0.23687830625 0.306739534028 0.0519897513889 0.029244234375
2 0.261248502734 0.301540559722 0.0346598333333 0.0155969257813
2 0.277820236719 0.293742099306 0.0363928263889 0.013647309375
2 0.291467544922 0.296341584722 0.0311938527778 0.0155969257813
2 0.307551875 0.294608592361 0.0277278680556 0.0107228875
2 0.321199184375 0.293742097917 0.0225288930556 0.0146221171875
2 0.355317459766 0.291142610417 0.0277278680556 0.0204709648437
2 0.335333898828 0.291142607639 0.0207958986111 0.00779846171875
2 0.384074291016 0.292875601389 0.0242618861111 0.0155969257813
