0 0.273740651562 0.345702886806 0.0351562236111 0.0118652265625
0 0.180796380078 0.328124775694 0.0374999736111 0.00791015078125
0 0.122788607813 0.387890358333 0.035156225 0.005273434375
0 0.153110853516 0.406640347222 0.0257812305556 0.00527343359375
0 0.261875426563 0.394921604861 0.0257812319444 0.0065917921875
2 0.240781691406 0.416015338889 0.0210937361111 0.01450194375
2 0.217710417188 0.412499715972 0.0281249819444 0.013183584375
2 0.250010200391 0.432421575 0.030468725 0.0118652273438
2 0.273740652734 0.434765329167 0.0398437222222 0.0250488101563
3 0.644858560156 0.516796519444 0.283593555556 0.076464790625
5 0.375254254297 0.398437226389 0.309374788889 0.172704958594
2 0.197275861328 0.513280897917 0.201562359722 0.138427639844
2 0.0529156097656 0.48164029375 0.0914061875 0.0369140367188
2 0.104990767969 0.462890307639 0.133593659722 0.0883300171875
1 0.105279247266 0.318870477778 0.00693196666667 0.0175465414063
2 0.0121850980469 0.444512377778 0.0467907777778 0.0243701960937
1 0.431352471875 0.233087386806 0.0467907763889 0.028269428125
