1 0.456525547266 0.420118677778 0.0106719388889 0.0170084039063
1 0.425510224609 0.42456531875 0.0160079097222 0.00700346015625
2 0.447521098437 0.485039643056 0.0480237277778 0.017008403125
2 0.430012447656 0.493043597222 0.0569170111111 0.0340168078125
2 0.389492428516 0.501936880556 0.0996047694444 0.0630311429687
2 0.337966969531 0.540177997222 0.16185775 0.118058329688
2 0.475347624609 0.498163475 0.056484825 0.0353919320312
5 0.475034691797 0.4565811375 0.033794475 0.0260128539063
2 0.646119223437 0.489353572917 0.0459796486111 0.022010875
2 0.674133064062 0.493043597917 0.0462450708333 0.0380187828125
2 0.709150364844 0.501936879861 0.0498023819444 0.048023728125
2 0.759964690625 0.509882217361 0.0799223097222 0.0904662609375
2 0.983387445703 0.579308441667 0.10849805 0.0322190898438
2 0.169883924219 0.635336124306 0.3272728125 0.33816708125
2 0.570795805078 0.5179447875 0.202766847222 0.136639916406
1 0.765178047656 0.413893379167 0.0231225361111 0.016007909375
