0 0.238144973828 0.319218523611 0.0656249555556 0.0303222445313
0 0.478086215234 0.341484132639 0.0585937097222 0.0303222445312
0 0.401621423828 0.451640307639 0.0257812319444 0.0118652257813
0 0.449082328906 0.458671552083 0.0257812319444 0.01450194375
0 0.412827470703 0.479765288194 0.0257812319444 0.0105468679688
0 0.454355762891 0.486796533333 0.0257812333333 0.0145019429688
0 0.257261171484 0.323906020139 0.0749999486111 0.00791015078125
2 0.0898296460937 0.619218317361 0.332812270833 0.179296751562
0 0.00404571054687 0.400077843056 0.035156225 0.00809142109375
0 0.0232525433594 0.403593465278 0.0281249805556 0.0197753773438
2 0.346909547266 0.510234016667 0.0726562 0.0553710554688
2 0.307358793359 0.506718394444 0.0656249555556 0.0448241882812
2 0.440512998828 0.510234017361 0.0304687291667 0.0210937351563
2 0.38909701875 0.502030897222 0.0281249805556 0.01845701875
2 0.426670234766 0.482109036806 0.0351562263889 0.0145019429687
2 0.487314724609 0.485624659028 0.0984374319444 0.0514159804687
1 0.542685780469 0.418827829861 0.0164062375 0.0250488109375
0 0.543344959375 0.445780936111 0.0234374833333 0.0105468671875
2 0.8182227 0.5887495875 0.440624697222 0.354638428125
2 0.406235678516 0.509062143056 0.0328124777778 0.0184570179688
