0 0.574126610156 0.470108190972 0.0166409958333 0.0070204203125
0 0.601038224609 0.468028065972 0.0124807458333 0.00936056171875
2 0.579976961719 0.500270001389 0.0187211222222 0.0117007015625
2 0.590507592187 0.499229936806 0.0208012458333 0.0117007015625
2 0.595187873828 0.5075504375 0.0332819944444 0.0117007007813
2 0.611568856641 0.5033901875 0.0582434916667 0.0257415429688
2 0.558915698828 0.494029625694 0.0353621208333 0.0187211226562
2 0.571201436328 0.495069686806 0.0249614958333 0.00819049140625
2 0.545459891797 0.498189875694 0.0353621208333 0.0222313335937
2 0.534344225 0.506510376389 0.0228813722222 0.0093605609375
2 0.526738768359 0.5096305625 0.0374422444444 0.0105306320312
2 0.517378207812 0.511710686806 0.0416024930556 0.017551053125
2 0.508017646094 0.510670625 0.0395223694444 0.0245714734375
2 0.494561840234 0.514830875 0.0478428694444 0.0257415429687
2 0.47525568125 0.508590499306 0.0686441152778 0.029251753125
2 0.452439313672 0.510670622917 0.0811248652778 0.0397823867187
2 0.419677349219 0.522111311111 0.0956857388889 0.07722463125
2 0.634385224609 0.515870935417 0.0790447402778 0.0620137195313
2 0.645500890625 0.536672183333 0.0998459888889 0.074884490625
1 0.968440256641 0.300578025 0.0312018722222 0.0514830882813
1 0.983651169531 0.19761185 0.0208012472222 0.030421825
