1 0.962622747656 0.500834609028 0.0173299180556 0.043866353125
0 0.922168222656 0.495635634028 0.0311938513889 0.0175465421875
0 0.901697257422 0.543292905556 0.0225288916667 0.0136473101563
0 0.726231845313 0.499968113194 0.0225288930556 0.013647309375
2 0.625339233203 0.624743517361 0.0502567597222 0.0360678898437
2 0.514698542578 0.631675483333 0.025994875 0.0253450039062
2 0.895848410547 0.602214624306 0.0363928263889 0.0155969257812
2 0.926554857812 0.618678045833 0.0693196694444 0.0497152
2 0.945076207031 0.636874459722 0.0849165944444 0.0536144328125
2 0.967496786719 0.657670360417 0.116110445833 0.0399671203125
2 0.9830937125 0.717458574306 0.180231140278 0.032168659375
2 0.863679751172 0.660269847222 0.155969255556 0.0682365492188
2 0.743290982422 0.704461136806 0.3587292875 0.242727153906
