0 0.414504786328 0.423675991667 0.0177865666667 0.00900444921875
0 0.438016403125 0.420118678472 0.0177865680556 0.006002965625
2 0.432513682813 0.449466511111 0.0195652222222 0.017008403125
2 0.416005527734 0.451245168056 0.0160079083333 0.0100049445313
2 0.405500337109 0.448577182639 0.0142292513889 0.0110054367187
2 0.393494405469 0.449466511111 0.0231225333333 0.0190093921875
2 0.303950162891 0.475257031944 0.0711462638889 0.0340168070312
2 0.240919020703 0.501047551389 0.115612675 0.0800395445312
2 0.187392575391 0.5108301625 0.124505961111 0.0970479507812
2 0.141369835547 0.52594874375 0.133399243056 0.0890439945312
2 0.0659325699219 0.571304486111 0.202766847222 0.131865139844
2 0.348472159766 0.490375611806 0.115612679167 0.0830410289063
2 0.447521099219 0.448577183333 0.0213438777778 0.0110054375
2 0.4560253 0.446798526389 0.0249011916667 0.0120059296875
2 0.467530984375 0.449466510417 0.0337944763889 0.0190093921875
2 0.479036669922 0.457470465972 0.0355731319444 0.0200098851563
2 0.490042107422 0.462806436111 0.0498023833333 0.0240118632813
2 0.515054466016 0.471699718056 0.0711462638889 0.0520257039062
2 0.586589810547 0.492154269444 0.129841930556 0.105051903906
2 0.826708447656 0.538399339583 0.439328173611 0.345170542188
1 0.699424629297 0.291142610417 0.0311938513889 0.0185213492188
