0 0.418527910156 0.373560723611 0.0280471083333 0.007362365625
0 0.5931211375 0.401607826389 0.0243074888889 0.007362365625
0 0.326498347266 0.414295806944 0.0299169111111 0.00841413046875
0 0.424312626953 0.468520209722 0.0149584583333 0.00420706640625
1 0.243408799219 0.390255430556 0.0523545944444 0.021035328125
1 0.854184603516 0.294227493056 0.0617036305556 0.0189317960937
1 0.854184603516 0.358735833333 0.0186980694444 0.0189317960937
1 0.866279917969 0.435397921528 0.0299169125 0.0136729625
0 0.859443436328 0.473595396528 0.0224376847222 0.0147247304688
0 0.839985756641 0.471324920833 0.0205678805556 0.00736236328125
2 0.456466628906 0.479917134028 0.0224376819444 0.0168282625
2 0.474346658594 0.479917134028 0.0224376819444 0.012621196875
2 0.493278454297 0.477112424306 0.0168282625 0.0210353273437
2 0.520624383594 0.486461460417 0.0168282625 0.0231388625
2 0.495907870703 0.509834046528 0.0598338236111 0.0368118242188
2 0.427017169922 0.502354819444 0.033656525 0.0105176632812
2 0.677863463281 0.542555670833 0.117797838889 0.057847153125
2 0.533596179687 0.534141536111 0.0822715027778 0.0610024546875
3 0.367942966406 0.485526555556 0.0523545944444 0.0094658984375
3 0.381265338672 0.493317413889 0.0529778555556 0.0143741460938
3 0.348835872266 0.502043174306 0.0579640152778 0.0147247304687
2 0.830019027344 0.554397770139 0.0430055625 0.09571074375
2 0.953601584375 0.560007193056 0.0467451722222 0.0504847890625
2 0.456466630469 0.511392210417 0.0635734375 0.035760059375
2 0.618438658984 0.5656166125 0.194459927778 0.134626102344
3 0.147247301172 0.47306116875 0.129016681944 0.0399671242188
3 0.235595679297 0.482410204167 0.0878809305556 0.0147247304687
2 0.0778307164063 0.650692831944 0.394529272222 0.153557898438
2 0.931339173437 0.832999013889 0.329086030556 0.13252256875
3 0.403769363281 0.462401702778 0.0191338638889 0.008371065625
3 0.306739750781 0.480472574306 0.0637795458333 0.0107627984375
3 0.295379017969 0.478346588889 0.0680315166667 0.00956693125
3 0.284616221094 0.479409581944 0.0659055305556 0.0143503984375
1 0.523789515234 0.4538977625 0.0170078777778 0.00717519921875
2 0.407192534375 0.496417461806 0.0510236375 0.0298966609375
