0 0.521870467187 0.295756579861 0.0230921041667 0.0069942421875
0 0.440437489844 0.299309213194 0.0195394736111 0.0079934203125
0 0.450429266016 0.324177632639 0.0195394736111 0.0119901320313
0 0.476907473437 0.329506579167 0.0159868416667 0.0069942421875
1 0.132690778125 0.236250002083 0.0603947347222 0.0279769734375
1 0.586317425 0.269111843056 0.0159868444444 0.01199013125
1 0.586317425 0.287763159722 0.0177631583333 0.01199013125
2 0.437939546094 0.374802632639 0.0426315791667 0.018984375
2 0.390478608594 0.37392666875 0.0799585930556 0.05395559375
2 0.211126222656 0.364144739583 0.0568421041667 0.0869284546875
2 0.574826882422 0.368585529861 0.0408552625 0.0429646382812
2 0.643270550781 0.376578950694 0.0817105263889 0.06394736875
2 0.49838979375 0.423651318056 0.197171052778 0.135888159375
2 0.0938227742188 0.467171055556 0.476052633333 0.187645548438
2 0.922041111328 0.449407896528 0.380131581944 0.155871711719
1 0.493893493359 0.296644740278 0.0177631583333 0.0369695726563
