2 0.482292268359 0.447803534028 0.0776979041667 0.0614602570312
2 0.403076827734 0.436877265972 0.0509892486111 0.0396077210937
2 0.320446927344 0.440519354861 0.145683570833 0.1147258125
2 0.220744733594 0.444161445139 0.104406559722 0.090141709375
2 0.427660929297 0.421094877778 0.0291367138889 0.0232183195313
2 0.0431928808594 0.44051935625 0.0582734291667 0.0546313398438
2 0.0957755453125 0.438091296528 0.0534173097222 0.055997121875
2 0.144943750781 0.432021145833 0.05098925 0.039607721875
1 0.27469318125 0.359179361806 0.0461331319444 0.0396077203125
1 0.392150559766 0.302119963889 0.0145683583333 0.0177551851563
1 0.402393935938 0.3336847375 0.0485611888889 0.0382419375
1 0.366883565234 0.373747720139 0.0218525347222 0.0218525367188
1 0.576531328906 0.381031896528 0.0315647736111 0.020486753125
0 0.47614624375 0.342182945139 0.0267086541667 0.0081947015625
0 0.657354466797 0.366463540278 0.0218525361111 0.0118082257813
0 0.619553507031 0.372533690278 0.019424475 0.0081947015625
1 0.607261456641 0.4040984625 0.0242805944444 0.0109262679687
1 0.757497638281 0.377389807639 0.0242805958333 0.0163894015625
