5 0.177415027734 0.527695980556 0.237419866667 0.241752346094
2 0.900235046094 0.525096493056 0.0658536861111 0.0497152015625
2 0.750602041406 0.526829484722 0.145571305556 0.148170792188
2 0.304140048047 0.529428972917 0.0363928263889 0.0175465414062
2 0.392847562109 0.52769598125 0.0398588097222 0.0643373179688
2 0.487891327344 0.523363500694 0.0450577847222 0.0516648171875
2 0.562464126953 0.527695979861 0.0329268402778 0.0604380867188
2 0.947513225781 0.528562475694 0.0346598319444 0.040941928125
2 0.87050340625 0.537227434722 0.0173299166667 0.005848846875
1 0.556615279688 0.4739732375 0.0710526611111 0.0389923125
1 0.887075139844 0.402920575694 0.0259948736111 0.0077984625
1 0.922655626172 0.478305715972 0.0242618847222 0.00877327109375
1 0.812014935547 0.463575286806 0.0155969263889 0.0155969257812
1 0.814939359375 0.495635633333 0.0207959 0.0077984625
1 0.831998496484 0.423716477083 0.0225288930556 0.0146221179687
1 0.747190213672 0.427182460417 0.0225288930556 0.0146221179688
