1 0.737337553906 0.323216460417 0.0293833152778 0.044074971875
0 0.373552091797 0.10421894375 0.0979443819444 0.0238739429688
0 0.399721607031 0.107483759028 0.0979443819444 0.024792171875
0 0.704573497656 0.375198402083 0.0424425680556 0.0192828
0 0.7211016125 0.375198402083 0.0424425680556 0.0137734296875
1 0.589349709766 0.364842822917 0.0179564680556 0.0303015445313
0 0.582003879688 0.466052020833 0.0342805333333 0.0211192578125
0 0.409070834375 0.451360361111 0.0244860944444 0.0082640578125
0 0.449932005859 0.452176563889 0.0228536888889 0.00918228515625
0 0.431108321484 0.49788394375 0.0130592486111 0.00826405703125
0 0.0902044839844 0.437811382639 0.0293833125 0.0156098851563
0 0.103977911719 0.436178977778 0.0326481277778 0.0137734296875
2 0.873485817969 0.518033959028 0.184461920833 0.249758175
2 0.39424800625 0.5371783 0.0440749722222 0.026628628125
2 0.430518033984 0.533913488194 0.0277509069444 0.0165281132812
2 0.379993596875 0.540870645139 0.0685610680556 0.04315674375
2 0.457036803125 0.525634853472 0.0783555069444 0.04958434375
2 0.809206875 0.539554945139 0.375453468056 0.0789676578125
3 0.341828525 0.586894727083 0.404836781944 0.080804115625
3 0.282143667578 0.575467883333 0.489721913889 0.102841600781
