0 0.763297933594 0.0719191541667 0.123042411111 0.0286556859375
0 0.743290982422 0.195828065972 0.0727856513889 0.0224205804688
0 0.219819169531 0.309339023611 0.0190629083333 0.0087732703125
0 0.250525616016 0.308472528472 0.0138639375 0.00779846328125
0 0.29585418125 0.321469965972 0.0155969263889 0.0068236546875
0 0.346544188672 0.327535434722 0.01039795 0.00877327109375
0 0.322661396484 0.324069452778 0.0173299166667 0.00584884609375
0 0.233466478906 0.3353339 0.015596925 0.0107228859375
1 0.142321945313 0.342265865972 0.0190629097222 0.0155969265625
1 0.282694276563 0.350064328472 0.0277278680556 0.0077984640625
1 0.202760032031 0.335333897222 0.0190629083333 0.009748078125
1 0.541993162109 0.338799884722 0.0225288944444 0.00779846328125
1 0.372376597266 0.350064329167 0.0138639361111 0.00779846328125
1 0.361653710937 0.353530311806 0.0103979486111 0.0077984625
2 0.644347986719 0.380391683333 0.0190629083333 0.0136473109375
2 0.596094998047 0.377792195833 0.0138639333333 0.0146221164062
2 0.643860583203 0.400321088194 0.0311938513889 0.0185213492188
1 0.609742307812 0.401187586111 0.0225288916667 0.0204709640625
1 0.375788424609 0.285077140278 0.0225288916667 0.00682365703125
2 0.338258323437 0.371726725694 0.0155969263889 0.009748078125
2 0.344594573437 0.3769257 0.0190629083333 0.0087732703125
2 0.258324079297 0.373459717361 0.0155969263889 0.00779846328125
2 0.248576000781 0.374326213194 0.0138639347222 0.009748078125
2 0.236390903125 0.376059203472 0.0103979486111 0.0087732703125
2 0.225668017187 0.377792195833 0.0138639333333 0.0126725015625
2 0.201297820312 0.377792195833 0.0138639333333 0.0107228859375
2 0.193986760937 0.3769257 0.015596925 0.009748078125
2 0.172053585156 0.3769257 0.0433247944444 0.028269428125
2 0.138422714063 0.375192709028 0.0571887263889 0.0467907765625
2 0.479118056641 0.384724163194 0.0381258180556 0.0536144320312
2 0.0175465414062 0.377792195833 0.0623877 0.0350930828125
2 0.0102354824219 0.45924280625 0.1698331875 0.0204709648438
5 0.0823712632812 0.374326211806 0.0727856513889 0.0731105890625
2 0.303652644531 0.377792197222 0.0207959027778 0.0107228859375
2 0.292442354688 0.3795251875 0.0173299166667 0.01169769375
3 0.397721601172 0.382124676389 0.0225288944444 0.00389923203125
3 0.390897945703 0.382991171528 0.0242618847222 0.00584884609375
1 0.458647091016 0.341399371528 0.0242618847222 0.00682365546875
2 0.211533302344 0.377792195833 0.0173299166667 0.009748078125
