1 0.271831767188 0.360479614583 0.0555882097222 0.028588221875
1 0.271831766406 0.419244291667 0.0587646777778 0.03216175
2 0.184304683594 0.485205659028 0.0238235180556 0.020547784375
2 0.163756899609 0.485999775 0.0158823444444 0.0169742570312
2 0.14633595 0.48917624375 0.0158823458333 0.021441165625
2 0.127128238672 0.493940947917 0.0254117541667 0.0205477851562
2 0.0998800902344 0.493940949306 0.0317646930556 0.0357352773438
2 0.0762054695313 0.498705653472 0.0222352847222 0.0223345484375
2 0.0561043765625 0.538411516667 0.0921176055556 0.110779360938
2 0.218699888281 0.491558597222 0.0269999888889 0.03216175
2 0.226293635156 0.551117393056 0.10799995 0.0723639375
2 0.304464555078 0.508235061111 0.0412941 0.0500293882812
