2 0.440164250391 0.512327114583 0.0243074958333 0.00946589765625
2 0.421232455078 0.509522400694 0.0336565236111 0.0241906289062
2 0.398619476172 0.510457306944 0.0617036333333 0.0294494601563
2 0.451733682812 0.510457310417 0.0243074958333 0.013672965625
2 0.531667928516 0.510457310417 0.0280471097222 0.0157764945312
2 0.620016309375 0.497368660417 0.0205678791667 0.0241906296875
2 0.513787901172 0.503912981944 0.0261773 0.0157764976562
2 0.498011404297 0.502043179167 0.0299169166667 0.0136729648438
2 0.585833902734 0.497368659028 0.0467451736111 0.0378635929688
2 0.485390205469 0.505782785417 0.0261772930556 0.0094658984375
2 0.36128176875 0.522611053472 0.0635734430556 0.0452259578125
2 0.466984294141 0.515131822917 0.0373961347222 0.0231388617188
2 0.54060794375 0.510457310417 0.0280471097222 0.030501225
