2 0.306777069531 0.484327765972 0.0550604180556 0.058570125
2 0.39707635625 0.480958897917 0.115219026389 0.0613694265625
2 0.478082478516 0.509882444444 0.243693338889 0.138798141406
2 0.246422061719 0.506963727778 0.0774924416667 0.0618386078125
2 0.0930594765625 0.681650293056 0.403481905556 0.185180410938
7 0.914232382813 0.768939824306 0.459103276389 0.169769625
0 0.371310569141 0.244473999306 0.0448640458333 0.0120444664063
0 0.385605435156 0.242641838889 0.0540407833333 0.013191559375
0 0.274911051563 0.303727385417 0.0336480347222 0.013191559375
0 0.263153357031 0.305256842361 0.0367069486111 0.0103238296875
1 0.207232616406 0.323610316667 0.0305891222222 0.016632834375
1 0.193467511328 0.31739979375 0.00815709861111 0.0143386507813
0 0.3382878875 0.356146011111 0.0265105722222 0.0080296453125
1 0.544660168359 0.251123360417 0.0326283958333 0.0367069460938
1 0.524690340234 0.3602245625 0.0163142 0.0206476585937
1 0.511498780469 0.360224563889 0.0101963722222 0.0114709203125
6 0.340590751172 0.480928996528 0.0713746208333 0.0223682945312
7 0.343554076172 0.500641963889 0.0560800583333 0.0481778664062
2 0.654088298828 0.456651900694 0.0815709930556 0.0734138914062
3 0.191413823828 0.508289243056 0.0703549805556 0.0160592882813
3 0.131765035937 0.514916886806 0.0836102680556 0.0229418421875
3 0.110543830469 0.504720511806 0.0550604180556 0.0091767359375
3 0.0950580890625 0.509308882639 0.0662764291667 0.01720638125
3 0.0784252542969 0.504720513889 0.0387462222222 0.0160592882813
3 0.0617924167969 0.498092870139 0.0275302097222 0.0160592882812
0 0.408396634766 0.360448902083 0.0295694847222 0.00975028046875
2 0.125368626953 0.507311789583 0.0687736458333 0.0501474507813
1 0.205604548047 0.389292809028 0.0178302041667 0.0214917648438
0 0.192709489453 0.438113600694 0.0203773763889 0.0157606273438
1 0.230439479297 0.410943766667 0.0152830333333 0.0128950585937
