0 0.252858169531 0.364626348611 0.0329896972222 0.0197164984375
0 0.552085023438 0.136791259722 0.0927835194444 0.015077321875
0 0.675023188281 0.370811916667 0.0371134083333 0.0266752625
0 0.457561811328 0.371842845139 0.0185567041667 0.00927835078125
0 0.494095323047 0.384213981944 0.0185567027778 0.0104381460937
0 0.488296352344 0.411018108333 0.0226804166667 0.0081185578125
0 0.571221624219 0.149162395139 0.0639175347222 0.016237115625
1 0.558463890625 0.402770684722 0.0350515527778 0.013917528125
1 0.252858169922 0.281121180556 0.0144329916667 0.0313144382813
1 0.257497345703 0.265657260417 0.0164948486111 0.0197164976563
2 0.444224181641 0.484213997222 0.210309313889 0.342139232031
