0 0.284438719141 0.281980115972 0.0625827791667 0.0140811257813
0 0.472019424219 0.323999982639 0.0464900652778 0.0090521515625
0 0.459949888281 0.326682102083 0.0411258263889 0.0110637421875
0 0.297514048438 0.287344354861 0.0518543013889 0.0100579453125
0 0.272369183594 0.283768195833 0.0482781444444 0.0120695359375
0 0.427261561328 0.48313905 0.0178807916667 0.00804635703125
0 0.463470169531 0.482245010417 0.0160927125 0.0080463578125
0 0.432290534766 0.509960238889 0.0178807944444 0.00804635703125
2 0.396081926953 0.543039709722 0.0554304611111 0.0382201976562
2 0.324670505859 0.547509909028 0.128741718056 0.102591055469
2 0.077345603125 0.598610948611 0.205347577778 0.15469120625
2 0.474031014453 0.571648979861 0.162715226389 0.107620030469
2 0.535384488672 0.541251632639 0.0733112569444 0.0412375820313
2 0.746098470312 0.522476796528 0.0750993347222 0.0563245015625
2 0.806949046875 0.531417194444 0.0965562888889 0.0774461890625
0 0.617859649609 0.451847659722 0.019668875 0.0130753304688
0 0.0626609953125 0.40982779375 0.0250331125 0.0150869203125
1 0.0551175351562 0.3713840875 0.0339735111111 0.0502897328125
0 0.0284639769531 0.404463555556 0.0393377472222 0.0231332773438
0 0.640490030469 0.375854284722 0.0429139055556 0.024139071875
1 0.608304601172 0.329364221528 0.0357615875 0.0382201976563
1 0.632443673438 0.294496670833 0.03039735 0.0402317859375
1 0.614842264844 0.255158927083 0.0554304625 0.0211216890625
1 0.164246256641 0.2453244875 0.0679470166667 0.0170985085938
0 0.604784319922 0.453635739583 0.0268211902778 0.00905215234375
1 0.321860736719 0.452577813889 0.0210937361111 0.0210937359375
1 0.313291406641 0.431484078472 0.0210937347222 0.0197753773437
