1 0.450400687891 0.511405890972 0.0187499875 0.0118652273438
1 0.458970017578 0.543046494444 0.0398437222222 0.0210937351563
1 0.606626166016 0.517265263194 0.0210937375 0.0131835851563
2 0.526206298828 0.543046494444 0.0117187416667 0.0131835835937
2 0.54861839375 0.575858972917 0.0210937375 0.01054686875
2 0.559824440234 0.58054646875 0.0304687291667 0.0171386601563
2 0.570371308203 0.56296835625 0.0140624902778 0.0171386601563
2 0.583554892188 0.558280859028 0.0187499875 0.0118652265625
2 0.624424005859 0.607499576389 0.0796874472222 0.0645995648438
2 0.536753166797 0.559452734028 0.0210937375 0.0131835835938
2 0.521592044922 0.558280859028 0.0187499875 0.0171386601562
2 0.525547119922 0.5910933375 0.0281249805556 0.0197753773437
2 0.4932473375 0.550077740972 0.0164062375 0.0105468671875
2 0.568393770313 0.595780834722 0.037499975 0.0290038859375
2 0.4115091125 0.591093336806 0.0421874708333 0.02636716875
2 0.821518596484 0.642655801389 0.459374683333 0.355956786719
