0 0.377050522266 0.378515364583 0.0234374847222 0.00527343359375
0 0.483837558203 0.444140319444 0.0187499861111 0.0105468679687
0 0.384301494141 0.374999743056 0.0257812333333 0.00659179140625
0 0.50690883125 0.374999743056 0.0257812333333 0.009228509375
0 0.424511426563 0.346874761806 0.0304687291667 0.00791015
0 0.434399115625 0.344531013889 0.039843725 0.0065917921875
0 0.537890255859 0.441796572222 0.0234374861111 0.0184570195312
0 0.263671693359 0.358593504167 0.0257812333333 0.00791015078125
0 0.236645345312 0.4183590875 0.0234374833333 0.02241209375
1 0.324316182813 0.406472920139 0.0140624902778 0.0105468671875
1 0.537890255859 0.373660445139 0.0140624902778 0.0158203007812
0 0.394189182031 0.429642708333 0.0182145888889 0.013183584375
2 0.350683353125 0.486160367361 0.0328124763889 0.0263671703125
2 0.439013369531 0.487332240972 0.0351562236111 0.0448241875
2 0.377050521484 0.493191611806 0.0515624625 0.0421874710937
2 0.582055263281 0.487332241667 0.0445312194444 0.0329589609375
2 0.311132598828 0.510769726389 0.0914061888889 0.0421874710937
2 0.287402146094 0.516629096528 0.0937499347222 0.0474609046875
2 0.653905800391 0.565847813889 0.248437330556 0.213574072656
2 0.484018828516 0.525468381944 0.103124927778 0.0659179242188
2 0.407554037109 0.5172652625 0.0773436972222 0.0527343382812
2 0.237485794531 0.537187124306 0.145312401389 0.102831960937
4 0.171567871875 0.450468433333 0.103124927778 0.0395507546875
2 0.0673445667969 0.623905813889 0.487499663889 0.134689133594
2 0.830747105859 0.684843272917 0.379687240278 0.337499767969
