1 0.768125078125 0.363749743056 0.0281249805556 0.02241209375
2 0.666611476172 0.403593465278 0.0281249805556 0.0197753773438
2 0.654087071094 0.411796586111 0.0398437222222 0.0263671703125
2 0.636289231641 0.418827830556 0.0445312194444 0.0276855289062
2 0.619150571094 0.424687200694 0.0421874708333 0.02241209375
2 0.60398945 0.424687200694 0.0796874458333 0.031640603125
2 0.717368277344 0.402421590972 0.0304687291667 0.01845701875
2 0.737143654687 0.407109089583 0.0492187152778 0.0448241890625
2 0.747690522266 0.421171578472 0.0492187152778 0.0263671695313
2 0.765488361719 0.430546572222 0.0679687027778 0.0435058296875
2 0.812949266016 0.446952809722 0.0960936833333 0.0883300164063
2 0.321201556641 0.518437136806 0.248437329167 0.280810353906
2 0.563779515234 0.434062194444 0.112499922222 0.0909667351562
2 0.913803689453 0.517265261111 0.236718586111 0.171386602344
2 0.138518274609 0.600468329861 0.328124773611 0.277036549219
2 0.680454240234 0.287577920139 0.0210937347222 0.00527343359375
2 0.689682749609 0.403593465278 0.0281249805556 0.0290038867187
1 0.228592439844 0.148170792361 0.0641206930556 0.043866353125
