1 0.504062807813 0.195852941667 0.0575829 0.0155953703125
1 0.507061917578 0.245971388889 0.0298578 0.0119964398438
2 0.0547962203125 0.362203540278 0.0106635 0.014395725
2 0.0404004976562 0.359004490278 0.0255924 0.014395725
2 0.0338024578125 0.367535290278 0.0255924 0.01559536875
2 0.018806909375 0.365402589583 0.0298577986111 0.0167950140625
2 0.014008334375 0.372867040278 0.0234597 0.0191943015625
2 0.00520470117188 0.382464189583 0.0298577986111 0.0104094023438
2 0.0979833960937 0.355805440278 0.0149289 0.00959715
2 0.108180369141 0.354739090278 0.0170616 0.0155953710937
2 0.118977162109 0.356871790278 0.021327 0.0107967929688
2 0.126175025 0.363269890278 0.0341232 0.01319608125
2 0.143569859375 0.371800689583 0.0511847986111 0.033590025
2 0.159765049609 0.387795940972 0.0661137013889 0.0323903804688
2 0.209550265625 0.394194040972 0.113033101389 0.0839750625
1 0.175960240234 0.314217790278 0.0255924027778 0.0119964382812
2 0.690007588672 0.339810189583 0.123696601389 0.142757605469
4 0.877751836328 0.293957138889 0.1087677 0.122363663281
