0 0.303320917578 0.321864347917 0.0457627013889 0.0145868617187
0 0.494237196094 0.365338913889 0.0228813527778 0.0120127109375
0 0.463347369531 0.477457536111 0.0122033861111 0.0068644046875
0 0.426451191016 0.478220249306 0.0106779652778 0.00686440546875
0 0.316620702344 0.320338921528 0.0457627013889 0.010296609375
0 0.239138730859 0.463728725694 0.0213559291667 0.0128707617187
0 0.584504137109 0.460677878472 0.0244067736111 0.0137288101562
0 0.684896067187 0.421779581944 0.0259321972222 0.02230931875
1 0.493808167969 0.470211775 0.0152542333333 0.00772245625
1 0.66413123125 0.404618568056 0.0366101638889 0.0205932171875
1 0.575322983984 0.43970330625 0.0152542319444 0.0111546585938
1 0.584761542187 0.42673720625 0.0106779625 0.0145868609375
2 0.318336803906 0.528559222917 0.0625423597222 0.051483040625
2 0.473643976953 0.5262710875 0.0518643972222 0.0308898242187
2 0.528130196484 0.558304979861 0.128135570833 0.0986758304688
2 0.622515771875 0.55754226875 0.114406759722 0.0815148140625
2 0.755084601953 0.563186327778 0.256271136111 0.240254192969
2 0.402854797656 0.610423630556 0.245593197222 0.170752085937
2 0.897521016406 0.677593110417 0.366101626389 0.202499960937
