2 0.424528817578 0.596149154167 0.166367211111 0.0984555929687
3 0.0696987609375 0.636007963194 0.249550806944 0.0809090515625
5 0.220306572656 0.491303152083 0.376059206944 0.181314257813
2 0.313888125781 0.567554788889 0.105712497222 0.0233953875
2 0.32071178125 0.551091370139 0.114377454167 0.0331434671875
5 0.341670150391 0.58228521875 0.0485237680556 0.0165717320312
2 0.354342652344 0.571887268056 0.0277278666667 0.0243701953125
5 0.350930823828 0.541559914583 0.0745186458333 0.0409419289062
2 0.378712847656 0.558023334722 0.0346598333333 0.0107228875
1 0.623389617187 0.429781947222 0.0623877 0.01462211875
