0 0.0433996070312 0.3092415 0.063981 0.04198753125
0 0.645549012109 0.190876651389 0.1130331 0.0325338976562
1 0.807572678125 0.180213151389 0.0533175 0.161951907813
1 0.735594051172 0.388151401389 0.042654 0.0347896679688
1 0.751789242578 0.428672701389 0.021327 0.0359893132813
0 0.75178924375 0.5203788 0.0426539972222 0.0215935890625
1 0.573642145703 0.545971202778 0.0341232027778 0.0155953679688
0 0.48726779375 0.541705801389 0.0255924 0.0131960796875
0 0.516059245313 0.569430900694 0.0255923986111 0.01319608125
0 0.459675988281 0.569430900694 0.0255923986111 0.01079679375
0 0.409890773047 0.571563601389 0.0170616027778 0.00959715078125
0 0.367303419531 0.544904851389 0.0234597 0.01319608125
2 0.312119806641 0.624881102083 0.0853080013889 0.0731782679688
2 0.369102886328 0.616350302778 0.0554502027778 0.0407878882813
2 0.397294513281 0.616350302778 0.0554502027778 0.01799465625
2 0.421287388281 0.6056868 0.042654 0.03478966875
0 0.269532453125 0.304976101389 0.021327 0.0143957234375
4 0.936022038672 0.587558851389 0.0767772 0.0839750617187
2 0.856245729297 0.593956953472 0.0575828986111 0.0731782695312
0 0.135172353125 0.528909601389 0.0170616 0.0215935890625
0 0.651019165625 0.565165502083 0.0298578013889 0.0119964375
0 0.608798921484 0.198059211806 0.0941447375 0.0289761523437
