1 0.00894001445312 0.791302338889 0.0149584555556 0.00736236484375
1 0.110961358594 0.718940786111 0.0355263333333 0.0305012265625
1 0.08519308125 0.770360477778 0.0149584555556 0.010517665625
0 0.0378635910156 0.748857697917 0.0130886486111 0.0105176632813
0 0.0588989203125 0.73763885625 0.0205678791667 0.00841413125
2 0.0447000730469 0.793733065972 0.0168282652778 0.0178800289063
2 0.0657354019531 0.787188740278 0.0224376833333 0.0199835617188
2 0.243483928516 0.764003145833 0.134626102778 0.0894001460937
2 0.137781402344 0.805138899306 0.104709193056 0.077830715625
1 0.483812557422 0.480727386806 0.129016681944 0.0546918539063
2 0.515891433203 0.471431776389 0.124422308333 0.0830895476562
1 0.270303971875 0.661724708333 0.0467451722222 0.04207065625
2 0.663664616406 0.505595825694 0.0448753680556 0.094658978125
2 0.708840361719 0.350472704167 0.700945408333 0.575495525
5 0.182376300391 0.721558533333 0.0617036277778 0.0610024523437
