1 0.479404573438 0.256640448611 0.0632812055556 0.0250488109375
0 0.4055765 0.379687238889 0.0328124777778 0.0065917921875
0 0.291538491406 0.405468470139 0.0234374819444 0.0105468671875
2 0.350864623047 0.446484068056 0.0210937361111 0.0184570179688
2 0.329770887109 0.46406218125 0.0656249541667 0.0421874695312
2 0.364707387891 0.421874710417 0.0281249791667 0.0145019429687
2 0.147178238672 0.499218407639 0.0421874708333 0.0382323960937
2 0.0485326894531 0.519220116667 0.105628375 0.0931407804688
2 0.437217103516 0.527343388194 0.290624801389 0.193798694531
1 0.486371348437 0.338020270833 0.0478428694444 0.0093605609375
2 0.102588333594 0.513790811111 0.0457627444444 0.0374422453125
