2 0.312473191406 0.682509113889 0.0440749722222 0.024792171875
2 0.293649504297 0.676795694444 0.0293833138889 0.0183645726562
2 0.330837761328 0.698833180556 0.0669286611111 0.0376473695312
2 0.363312448828 0.719075009028 0.106106415278 0.0716218304688
2 0.230169303516 0.672551426389 0.0424425666667 0.0275468570312
2 0.265419061719 0.677369286806 0.0571342236111 0.0413202875
2 0.444932749609 0.76201633125 0.193780184722 0.161608230469
2 0.199561673828 0.672007297917 0.0555018180556 0.0440749726563
2 0.168341901953 0.663029063889 0.0146916583333 0.0183645710938
2 0.142835545703 0.653608700694 0.0310157180556 0.0275468570312
2 0.0251173394531 0.652146345139 0.0375453458333 0.0220374835938
2 0.0829657414062 0.673367631944 0.184461925 0.126715545313
1 0.300857724219 0.608789882639 0.0295787125 0.005785096875
2 0.00573113710938 0.64367038125 0.0229245486111 0.0114622742188
1 0.324525645312 0.606736386806 0.0305660652778 0.0358196078125
