1 0.103329632422 0.394255618056 0.102246513889 0.0701861648437
5 0.153532235547 0.454910328472 0.105712495833 0.0536144304688
2 0.254912251953 0.466174775 0.0173299166667 0.0243701960937
1 0.323148801172 0.452310840278 0.0311938527778 0.0165717335937
1 0.397234198437 0.425449470139 0.0190629097222 0.0107228890625
2 0.483992094531 0.56928778125 0.123042409722 0.1043044375
2 0.444512378906 0.488703665972 0.0277278652778 0.027294621875
2 0.359216692578 0.473106740972 0.0207959013889 0.0126725054688
2 0.370914385547 0.471373749306 0.0207959013889 0.00877327109375
1 0.602431248047 0.438446906944 0.0693196694444 0.0428915445312
1 0.590733554687 0.383857665972 0.0537227430556 0.0233953890625
1 0.588783939063 0.337933386111 0.0277278694444 0.0194961578125
2 0.291954949609 0.464441782639 0.0207959013889 0.0126725007812
1 0.182140766797 0.252409911806 0.0366101708333 0.0274576210937
1 0.252929946484 0.259274316667 0.0472881305556 0.0231673664062
1 0.2065952125 0.308850576389 0.0335593138889 0.0265995734375
1 0.355896029688 0.427070893056 0.0137288111111 0.0145868609375
