2 0.931843413281 0.58717375625 0.4048991875 0.130770020313
2 0.918756395312 0.494769138889 0.133440363889 0.0945563609375
2 0.806166089062 0.460109303472 0.0710526625 0.0565388546875
2 0.496177192578 0.4609758 0.0658536861111 0.0467907757813
2 0.555153067969 0.464441784028 0.0485237680556 0.036067890625
2 0.609254903906 0.452310841667 0.0485237694444 0.0370426984375
2 0.653608659375 0.457509815278 0.0415918 0.0380175046875
2 0.736467326172 0.457509814583 0.0970475375 0.0887075132812
2 0.535656910547 0.460975802083 0.0311938541667 0.0165717320312
2 0.582935090625 0.449711353472 0.0363928263889 0.0233953875
1 0.444512378906 0.412452031944 0.0207958972222 0.0116976953125
1 0.652633853906 0.394255620139 0.0155969263889 0.008773271875
0 0.864654558594 0.205359521528 0.0502567625 0.015596925
0 0.886100331641 0.194961565972 0.0745186402778 0.0155969257812
0 0.329972455859 0.396855105556 0.0207958972222 0.0146221179687
0 0.340695342578 0.367394247222 0.0346598305556 0.0165717320312
1 0.355317460156 0.395122113889 0.0207959027778 0.0185213484375
1 0.456210071875 0.2746791875 0.0225288944444 0.0506900078125
1 0.914369759766 0.230487901389 0.0346598305556 0.0331434664063
0 0.524934024609 0.275545686111 0.0450577833333 0.0107228867187
0 0.62046519375 0.389056644444 0.0121309444444 0.010722884375
0 0.537119122656 0.389056641667 0.0190629111111 0.0097480796875
0 0.5234718125 0.426315963889 0.0173299194444 0.0097480765625
0 0.494714982031 0.419383995833 0.0173299166667 0.0107228875
6 0.311938510547 0.46964075625 0.121309420833 0.0194961570313
7 0.3153503375 0.5051670875 0.0918485638889 0.0204709640625
3 0.0731105886719 0.473106741667 0.183697122222 0.0370426976562
3 0.287080911328 0.472240246528 0.0745186458333 0.0146221179688
3 0.395284580469 0.460109303472 0.0467907763889 0.0107228859375
3 0.436226510938 0.4609758 0.0415918 0.0107228859375
1 0.206171860547 0.346598344444 0.0485237694444 0.0185213476562
0 0.0238827929688 0.322336461806 0.0277278652778 0.0224205796875
0 0.954824284375 0.374326210417 0.0242618819444 0.010722884375
1 0.339720533984 0.318870479167 0.0207959 0.0204709648437
1 0.520059985938 0.389056644444 0.0121309444444 0.0126725015625
2 0.8822011 0.502567602083 0.0762516375 0.0487403921875
