1 0.0984930878906 0.498988895833 0.0536011611111 0.0292517539062
2 0.207894648437 0.6084364875 0.122727361111 0.0936056125
2 0.522058488672 0.582434927778 0.124807486111 0.0830749820313
2 0.43605833125 0.438906320139 0.0374422458333 0.02574154375
2 0.244166823438 0.558513491667 0.0852851111111 0.0631837875
2 0.274588647656 0.524191436111 0.0665639944444 0.049142946875
2 0.295064876172 0.505470311806 0.0624037430556 0.0409524554687
2 0.311445858203 0.475308502778 0.0644838694444 0.0339320351563
2 0.333677191016 0.471148254167 0.0436826222222 0.0222313320312
2 0.342452718359 0.450347008333 0.0312018722222 0.0304218242187
2 0.356493559375 0.436826195139 0.0332819958333 0.0210612640625
2 0.367609224609 0.422265320833 0.0291217444444 0.0198911914063
2 0.375214682422 0.411864697222 0.0332819944444 0.0210612632812
2 0.502167295703 0.523151372917 0.0478428680556 0.0479728757812
2 0.492806733594 0.501310061806 0.0457627458333 0.0432925953125
2 0.486956383203 0.465947941667 0.0416024944444 0.0362721742188
2 0.4799359625 0.451387068056 0.0291217444444 0.0292517546875
2 0.470575402344 0.437866256944 0.0353621194444 0.0245714734375
2 0.468235261328 0.422265322917 0.0208012486111 0.0269116132813
2 0.464140015234 0.405624325 0.0291217444444 0.0257415429687
1 0.866087163281 0.466282897222 0.0728289472222 0.0099917765625
1 0.097219971875 0.530230265972 0.0124342097222 0.0229810859375
