0 0.5412517625 0.493720052778 0.0191943 0.00599821875
0 0.510660849219 0.489454652083 0.0234597013889 0.0047985765625
0 0.253924625781 0.500165909722 0.0318949833333 0.01442064375
1 0.685808835937 0.441468901389 0.0469194 0.0383886
1 0.599434485547 0.492653701389 0.021327 0.0191943007812
1 0.471672425781 0.515047051389 0.0234597 0.01319608125
0 0.519099001562 0.525710552083 0.0191943013889 0.0095158578125
0 0.509461204688 0.524644201389 0.0170616 0.0047985765625
2 0.531654615625 0.537440401389 0.0170616 0.01319608125
2 0.548449626563 0.529975951389 0.0277251 0.01559536875
2 0.562845350781 0.53637405 0.0234597 0.01559536875
2 0.577840898047 0.531042300694 0.0469194013889 0.0239928757813
2 0.613230389453 0.533175002083 0.0767772013889 0.0563832585937
5 0.670213467187 0.563032800694 0.132227401389 0.10556865
2 0.861556645312 0.552369301389 0.106635 0.111566870312
2 0.950330284375 0.533175001389 0.0597156 0.04918539375
2 0.981811588672 0.528909600694 0.0767772013889 0.0353708023438
2 0.0847873160156 0.510781652778 0.0191943 0.0695793382812
