0 0.305010471875 0.176810602778 0.0291217472222 0.0117007015625
0 0.497487014844 0.0863251770833 0.0561633680556 0.012870771875
0 0.5372694 0.25273515625 0.0270416208333 0.012870771875
0 0.290384594922 0.248574906944 0.0187211222222 0.00819049140625
0 0.159921771484 0.101926111806 0.0790447402778 0.0210612601563
0 0.479935962109 0.0904854263889 0.0728043666667 0.0152109117187
0 0.103758403516 0.0946456756944 0.0728043652778 0.0444626664062
1 0.305010473437 0.212172725694 0.0166410013889 0.023401403125
1 0.50860268125 0.141448482639 0.0332819958333 0.0585035078125
1 0.5191333125 0.188251288889 0.0228813722222 0.028081684375
0 0.297405016016 0.246494781944 0.0228813722222 0.00585035078125
2 0.409146716406 0.257935467361 0.0332819958333 0.070204209375
2 0.406806576953 0.468028067361 0.411864701389 0.257415436719
3 0.737351399219 0.417065011111 0.222573347222 0.0362721765625
3 0.863718977734 0.406664386806 0.251695093056 0.0643538617188
1 0.778303854687 0.0384823069444 0.0686441138889 0.038612315625
3 0.506262541016 0.295377713194 0.0582434930556 0.0163809820312
0 0.294349351562 0.0129656409722 0.0244959708333 0.02679246875
