2 0.489461316016 0.332143006944 0.0367347111111 0.0249681226563
2 0.443618283594 0.367378361111 0.0857768416667 0.0639309296875
2 0.92166814375 0.399489977083 0.0734694208333 0.0611288546875
2 0.988393301172 0.439285911111 0.0795918722222 0.0206632742187
2 0.295226530078 0.274591973611 0.0183673555556 0.00947066796875
2 0.305558167578 0.283010345833 0.0229591944444 0.0129145460938
2 0.320625139453 0.291428715972 0.0244898069444 0.0154974554688
2 0.343871322656 0.3013777 0.0321428722222 0.0154974578125
2 0.36109071875 0.309030763194 0.0382653208333 0.013775515625
2 0.403364339844 0.309949119444 0.0214285833333 0.0163584265625
2 0.382270579688 0.316071569444 0.0428571638889 0.02582909375
2 0.335347726953 0.290816456944 0.0260204194444 0.0129145460938
2 0.614445433203 0.339030765278 0.0321428694444 0.0350127617187
1 0.333195302734 0.254081745833 0.0183673527778 0.0172193945312
1 0.384710002734 0.258163382639 0.00612245138889 0.0111926070312
1 0.475972799219 0.301785852083 0.0168367430556 0.012914546875
2 0.0962862179688 0.284137467361 0.0443531652778 0.0553548296875
2 0.168793248438 0.291760668056 0.0346509111111 0.0288468828125
2 0.232724178516 0.300769904167 0.0360369472222 0.0319654648437
0 0.466228002734 0.202361318056 0.0277207277778 0.0109150367188
