2 0.48441264375 0.574345394444 0.0408060666667 0.0181714515625
2 0.5035404875 0.599849186111 0.115617188889 0.0315609421875
2 0.536536017969 0.610050702778 0.146221738889 0.078424159375
2 0.646521119531 0.641505379167 0.263539180556 0.198929575
2 0.417943386719 0.627903356944 0.307745752778 0.14919718125
2 0.181714516016 0.586587209028 0.736209454167 0.363429032031
2 0.825844655078 0.743010464583 0.4199624375 0.346213972656
0 0.421928373438 0.465869261111 0.03060455 0.0066947453125
0 0.412683229687 0.467229469444 0.0374055611111 0.0086075296875
3 0.742160338281 0.546064526389 0.0663098583333 0.01912784375
3 0.764157358594 0.549465031944 0.0493073305556 0.021040628125
3 0.791892732031 0.535012883333 0.0340050555556 0.01912784375
3 0.862665753906 0.5222609875 0.0221032861111 0.021040628125
3 0.942205724219 0.505258459722 0.0697103638889 0.0411248640625
3 0.980939607812 0.496757195833 0.0663098583333 0.036342903125
