2 0.366679277734 0.533524820139 0.0179564708333 0.0128552007812
2 0.357409003125 0.530532071528 0.0195888763889 0.0101005171875
2 0.341799116016 0.531348275 0.0342805333333 0.0247921726563
2 0.314711373828 0.532980681944 0.0440749722222 0.0312197726563
2 0.384278663281 0.531348276389 0.0261185027778 0.0229557171875
2 0.283032487109 0.540489760417 0.0538694097222 0.0468296585937
2 0.409529949219 0.531348274306 0.0163240625 0.0091822859375
2 0.149504318359 0.558009368056 0.104474011111 0.110187430469
0 0.341187507422 0.30770860625 0.0538694097222 0.0146916585938
0 0.0984685417969 0.351783574306 0.0440749736111 0.0137734289062
0 0.212787999609 0.275876676389 0.0620314416667 0.0183645710937
0 0.0883680269531 0.434220096528 0.0261185041667 0.0119369726562
0 0.104896141406 0.435036298611 0.0244860944444 0.010100515625
1 0.761245930078 0.139570745139 0.0799879125 0.0468296585937
1 0.778905332422 0.198369257639 0.0473397847222 0.0716218289063
1 0.866596163281 0.357528878472 0.0457073763889 0.0229557171875
1 0.86521881875 0.392625615278 0.0244860972222 0.018364571875
3 0.884501619922 0.50199684375 0.128960104167 0.0569301742188
0 0.714674012109 0.19657975625 0.0799879125 0.0394838289062
