0 0.465581936719 0.393282738194 0.0261772986111 0.00841413125
0 0.473996067969 0.398892157639 0.0224376819444 0.004207065625
1 0.503971410156 0.404501579167 0.0149584555556 0.024190628125
1 0.579172711719 0.426939263889 0.0261772972222 0.0147247296875
1 0.914160320313 0.288573545833 0.0411357527778 0.0262941609375
2 0.455902279688 0.454388570833 0.0286194166667 0.0193593140625
2 0.588638608594 0.487396348611 0.0373961388889 0.0231388609375
2 0.598104507422 0.507029322222 0.0579640166667 0.0252423945312
2 0.647537528125 0.506094419444 0.0972299638889 0.09886604375
3 0.662788142578 0.514820190278 0.0897507361111 0.0347082929687
3 0.00455765351563 0.4736844375 0.100969577778 0.00911530703125
2 0.0601259785156 0.481163664583 0.0897507347222 0.0578471523437
2 0.5344726375 0.567174786806 0.2243768375 0.154609665625
2 0.797194675391 0.618251846528 0.345229029167 0.405369221094
2 0.255228650781 0.527908840278 0.41509715 0.481709025
