2 0.550666759375 0.474198532639 0.0382075819444 0.0315212546875
2 0.522727466406 0.476745702778 0.0534906138889 0.0329540390625
2 0.478311153125 0.484387220139 0.0993397097222 0.07020643125
2 0.338614684375 0.499670253472 0.129905776389 0.111757178125
2 0.142800832422 0.555708040278 0.384622986111 0.285601664844
2 0.971188953516 0.593491099306 0.173207704167 0.0558785882812
0 0.384463780078 0.421556982639 0.0229245486111 0.00859670546875
0 0.335749114453 0.37825505625 0.0331132375 0.0143278429688
0 0.312108174609 0.385472031944 0.0305660666667 0.0128950585937
0 0.534189741406 0.381226750694 0.0254717208333 0.0100294890625
1 0.638066602734 0.337924825694 0.0458490986111 0.0229245476563
1 0.628753504688 0.404151300694 0.0407547541667 0.0186261953125
1 0.900266132031 0.225849252778 0.0713208194444 0.0372523921875
0 0.452862182031 0.384804924306 0.0280188930556 0.007163921875
