0 0.0463238167969 0.285234171528 0.0351562263889 0.00791015078125
1 0.06016658125 0.305156032639 0.0187499847222 0.02241209375
1 0.0680767320313 0.282890425 0.0117187416667 0.019775378125
1 0.0575298640625 0.343827881944 0.0398437222222 0.0092285078125
1 0.644858561719 0.333281015278 0.042187475 0.01845701875
1 0.911826151563 0.321562272222 0.0281249805556 0.009228509375
1 0.377890971875 0.321562271528 0.0515624625 0.027685528125
1 0.375913433203 0.260624813194 0.0703124541667 0.0395507539062
1 0.224961389453 0.273515429167 0.133593655556 0.0593261304688
2 0.171567871484 0.368437238889 0.0515624638889 0.0395507539062
2 0.124766146484 0.378984108333 0.0492187166667 0.0514159804688
2 0.317905660938 0.380155981944 0.0562499611111 0.0659179234375
2 0.323179094922 0.352031002083 0.0281249819444 0.0395507539062
2 0.234849078125 0.393046596528 0.0679687041667 0.1107421125
2 0.383823584375 0.370780988194 0.0374999736111 0.031640603125
2 0.432602848437 0.368437239583 0.0562499625 0.084374940625
2 0.56246115625 0.348515379861 0.0539062125 0.0698729984375
2 0.642881023828 0.3356247625 0.0328124777778 0.0725097164063
2 0.701547976563 0.328593515972 0.0281249819444 0.0474609046875
2 0.766806719141 0.332109140972 0.0210937347222 0.0540526976563
2 0.550595930469 0.459843426389 0.1453124 0.10415031875
2 0.832724643359 0.318984157639 0.0304687291667 0.0487792632812
2 0.936215783203 0.314296659028 0.0164062375 0.0263671695313
