0 0.436436171875 0.364021827778 0.0208012472222 0.0093605609375
0 0.453798304688 0.371302266667 0.022881375 0.0089827203125
0 0.492989563672 0.394183638194 0.0228813736111 0.00936056015625
0 0.536477171094 0.386903201389 0.0249614944444 0.0081904921875
0 0.412449733984 0.360901641667 0.0187211222222 0.00819049140625
0 0.516585979297 0.3983438875 0.0187211222222 0.00819049140625
1 0.380857839062 0.399383949306 0.0208012458333 0.012870771875
1 0.476803592578 0.401464072917 0.0166409986111 0.00819048984375
1 0.587375223438 0.384823076389 0.0249614944444 0.0093605625
1 0.562218716406 0.376502575 0.0249614972222 0.012870771875
