2 0.340136599609 0.427767698611 0.183749933333 0.112851522656
2 0.436113128906 0.37245521875 0.148124948611 0.0938671546875
2 0.274218653516 0.466473046528 0.234374915278 0.177187436719
2 0.525158858594 0.513348036111 0.534374813889 0.332226445313
5 0.555217441797 0.319285601389 0.071249975 0.0569531054688
4 0.802918253516 0.387455213889 0.771160458333 0.392343613281
2 0.0511523257812 0.49392839375 0.243749915278 0.102304651562
1 0.408691263672 0.275892753472 0.0262499930556 0.00949218515625
1 0.410800637891 0.294642745139 0.0149999930556 0.0137109335938
1 0.289511616797 0.301205244444 0.0506249833333 0.0158203070312
