0 0.331915843359 0.165647204861 0.0597690375 0.0140283539063
0 0.423772595313 0.2007320375 0.0478428694444 0.01053063125
0 0.990671589844 0.404584261806 0.0312018708333 0.0163809828125
0 0.343037752344 0.383783014583 0.0187211236111 0.01053063125
1 0.974875642578 0.366101954167 0.0249614972222 0.0409524554688
1 0.592262698828 0.427465634722 0.0187211222222 0.00819048984375
1 0.500997225391 0.420185197917 0.0166409986111 0.00585035078125
2 0.347718033594 0.414984884722 0.0520031166667 0.0362721765625
2 0.396275946484 0.422265321528 0.0374422430556 0.0304218242187
2 0.438398471094 0.405624324306 0.128967734722 0.053823228125
2 0.244751858594 0.4118647 0.187211230556 0.146258770313
2 0.125989736719 0.395223702083 0.0582434930556 0.0702042109375
