1 0.439638338281 0.285943635417 0.0381258180556 0.0350930828125
1 0.397721601172 0.284210642361 0.0346598319444 0.0272946195312
1 0.349468612891 0.29980756875 0.0207959013889 0.00877327109375
1 0.468395169922 0.301540560417 0.0242618847222 0.0107228867187
1 0.292929757813 0.266880725694 0.0277278680556 0.0107228859375
0 0.445487185938 0.329268427778 0.0138639333333 0.0038992328125
0 0.428915452344 0.332734411111 0.0138639333333 0.00389923125
0 0.4581596875 0.337933386111 0.01039795 0.0077984625
4 0.351905632422 0.349197832639 0.0259948763889 0.0136473101563
4 0.332409475391 0.339666378472 0.0346598347222 0.0233953882813
2 0.239802730078 0.353530311806 0.0207959013889 0.0272946195312
2 0.363603326172 0.356996295139 0.0277278680556 0.0214457726563
2 0.389923138281 0.352663815972 0.0363928263889 0.0292442359375
