1 0.429402856641 0.402920577083 0.0121309430556 0.0185213492187
1 0.607792691406 0.411585534722 0.015596925 0.0107228859375
2 0.582935091016 0.462708790278 0.0831836027778 0.0701861648438
2 0.516648157422 0.446245370139 0.0363928263889 0.0331434664063
2 0.182289066797 0.436713913889 0.0623877027778 0.0643373164063
2 0.307551875391 0.433247931944 0.0207959027778 0.0282694289062
2 0.265147733984 0.437580411111 0.0225288916667 0.0194961570313
2 0.245651576953 0.436713915278 0.0207959 0.0175465414063
2 0.226155419922 0.438446906944 0.0242618833333 0.0194961570313
2 0.028269428125 0.437580410417 0.0329268430556 0.0409419296875
2 0.405520063672 0.435847420139 0.0121309430556 0.0136473101563
2 0.427940644141 0.434114428472 0.0155969263889 0.00974807890625
2 0.486429115234 0.433247932639 0.0138639347222 0.0116976945313
2 0.474244016797 0.434114428472 0.0121309430556 0.00877327109375
