2 0.272946196094 0.506900081944 0.0814506166667 0.0857830890625
2 0.326560627344 0.506033584028 0.0623877013889 0.040941928125
2 0.363115922656 0.499101615972 0.0519897513889 0.034118275
2 0.3928475625 0.500834607639 0.0485237680556 0.0253450046875
2 0.419654777734 0.500834609028 0.0346598347222 0.0263198117187
2 0.48837873125 0.49650213125 0.0537227430556 0.029244234375
2 0.519085178906 0.506900079167 0.0606547111111 0.0419167375
2 0.467907765234 0.496502129167 0.0329268416667 0.0116976945312
2 0.943613995703 0.578819235417 0.124775404167 0.105279247656
0 0.0555640464844 0.401187583333 0.0329268416667 0.0136473085938
0 0.0341182753906 0.403787073611 0.0311938527778 0.0175465414062
0 0.832973303125 0.454910329167 0.0329268416667 0.0204709640625
0 0.0087732703125 0.03292684375 0.0658536875 0.017546540625
0 0.805943612891 0.452240379861 0.0366101625 0.0205932164063
2 0.447278427734 0.494189525 0.0320338916667 0.0188771148438
2 0.179137588281 0.472833597222 0.0930508277778 0.112404639062
