2 0.088291103125 0.316174272917 0.0506328902778 0.0341772015625
5 0.120569571094 0.316174272222 0.0540084166667 0.03227846875
2 0.184493599219 0.338959072917 0.0388185486111 0.030379734375
1 0.222468266797 0.321518856944 0.0556961805556 0.0341772023438
1 0.250949267578 0.335583553472 0.0151898680556 0.00949366640625
1 0.316139111719 0.339802954861 0.0168776291667 0.0094936671875
5 0.293670776172 0.333614495139 0.0607594708333 0.0379746679688
2 0.334968228516 0.36089999375 0.0320674986111 0.0237341679688
2 0.476898551563 0.407594771528 0.116455648611 0.079746803125
1 0.618828872656 0.35471153125 0.0489451263889 0.021835434375
