0 0.335734246094 0.477417202083 0.0250331125 0.0060347671875
0 0.356855934766 0.495297994444 0.0214569527778 0.00402317890625
0 0.379486315234 0.489933756944 0.0286092722222 0.00704056328125
0 0.399099310937 0.200264893056 0.0786754944444 0.0160927140625
0 0.420220999219 0.207417210417 0.0750993347222 0.02011589375
0 0.578130760547 0.463112566667 0.0357615888889 0.0120695367188
0 0.597743756641 0.464006605556 0.0303973527778 0.0130753304688
0 0.551980100781 0.471158923611 0.0339735111111 0.0160927140625
1 0.566564123438 0.425562897917 0.0178807930556 0.0291680453125
1 0.566061225 0.375496674306 0.0858278097222 0.0281622484375
2 0.864031967578 0.610607167361 0.126909743056 0.165461366406
2 0.281924232422 0.560562893056 0.0482781444444 0.0170985085938
2 0.256779366406 0.559668853472 0.0750993347222 0.037214403125
2 0.227108423047 0.565033092361 0.0750993375 0.0382201976562
2 0.202969351563 0.58649004375 0.0929801263889 0.0442549640625
2 0.132563725391 0.596324480556 0.126953638889 0.112649002344
2 0.0255471789063 0.644602624306 0.227086081944 0.0510943578125
2 0.318635737891 0.545364216667 0.0286092666667 0.0241390726562
2 0.398596413672 0.545364219444 0.0321854277778 0.00905215234375
2 0.408151462891 0.551622497222 0.0339735083333 0.0140811257812
2 0.419718101563 0.557880772917 0.0500662236111 0.0251448671875
2 0.440336891797 0.567715210417 0.0590066208333 0.0462665554687
2 0.4932473375 0.596718339583 0.107812426389 0.087011659375
1 0.0265484398438 0.222890471528 0.0351562263889 0.01845701875
1 0.39107455625 0.490077788194 0.0210937347222 0.01450194375
