0 0.2289559125 0.188251288889 0.0478428694444 0.0093605609375
0 0.599868154687 0.0696841784722 0.0769646152778 0.01638098125
0 0.597528014453 0.256895404861 0.0312018736111 0.0117007007813
0 0.357078595313 0.366101953472 0.0166409958333 0.008190490625
0 0.527908839453 0.324499459722 0.0249614972222 0.0105306320313
0 0.565936119531 0.322419334722 0.0208012472222 0.0140408421875
0 0.912276888672 0.278736713889 0.0416024944444 0.0187211226562
0 0.950304169141 0.269643734722 0.0442177805556 0.0362721757812
0 0.213159964453 0.187211227778 0.0540832444444 0.0128707726562
0 0.456534559375 0.302658150694 0.0228813736111 0.0081904921875
1 0.135935332813 0.239214344444 0.0291217444444 0.0152109125
1 0.161676876562 0.283937027083 0.0187211236111 0.0222313328125
1 0.596942978516 0.142488544444 0.0436826194444 0.0315918945313
1 0.596357943359 0.187211227778 0.0332819944444 0.0187211226563
1 0.943283748437 0.173690415972 0.0270416208333 0.0409524546875
1 0.925147660547 0.213212785417 0.0312018736111 0.0538232273437
1 0.352398314062 0.280816838889 0.0208012472222 0.01053063125
1 0.379894962891 0.4118647 0.0332819944444 0.0163809820313
1 0.382235103125 0.446186758333 0.0228813722222 0.0117007015625
1 0.633800188672 0.336980208333 0.0166409972222 0.00936056015625
0 0.780643995703 0.339060333333 0.0208012472222 0.0128707710937
0 0.768358258984 0.338020270139 0.0270416208333 0.00702042109375
2 0.490466594531 0.373382390278 0.0187211222222 0.0222313328125
2 0.468235260938 0.373382390278 0.014560875 0.022231334375
2 0.450099172266 0.371302266667 0.0187211222222 0.0140408414062
2 0.436058330859 0.370262203472 0.0166409958333 0.0163809820313
2 0.426697770313 0.364021828472 0.0124807458333 0.01638098125
2 0.409731752734 0.373382390278 0.014560875 0.0315918929688
2 0.349473138281 0.380662827083 0.0124807458333 0.01638098125
2 0.332507123047 0.375462515278 0.010400625 0.0152109117187
2 0.323146559375 0.379622765972 0.0228813736111 0.0269116125
2 0.283364173437 0.39106345 0.0166409972222 0.01989119375
2 0.2710784375 0.392103513889 0.0228813722222 0.0140408421875
2 0.252357314844 0.385863139583 0.0270416208333 0.028081684375
2 0.230711017188 0.397303823611 0.0249614944444 0.0386123140625
2 0.195608913281 0.400424013194 0.0270416236111 0.0432925953125
2 0.161091841016 0.423305384028 0.0520031208333 0.0538232273438
2 0.0592957371094 0.420185197917 0.0665639930556 0.0725443507813
2 0.0173621320312 0.45242713125 0.0977658625 0.0347242640625
3 0.288629489844 0.375462514583 0.0187211236111 0.0093605609375
3 0.645500891016 0.375462515278 0.0644838666667 0.0210612632813
2 0.979555923437 0.425385509722 0.0644838666667 0.038612315625
2 0.961419835937 0.542912556944 0.203852225 0.074884490625
2 0.583487171094 0.356741393056 0.0312018722222 0.0117007015625
2 0.570616399219 0.356741393056 0.0228813722222 0.014040840625
1 0.315541103516 0.342180520139 0.0104006236111 0.00936056171875
1 0.459459733984 0.322419333333 0.0166409972222 0.0117007007813
