0 0.605492190625 0.111441470833 0.0749168694444 0.0187114921875
0 0.525968349609 0.372447788889 0.0194045111111 0.0140336179688
0 0.478799798047 0.368289678472 0.0221765847222 0.0101353914063
0 0.768048274219 0.33502480625 0.0360369458333 0.0194911375
1 0.764929692969 0.296512808333 0.0251466777778 0.0194911359375
0 0.590678926172 0.116328050694 0.0734599319444 0.0109150367188
1 0.572635692969 0.378882961111 0.0207905472222 0.009355746875
0 0.101061535547 0.349776198611 0.0374229833333 0.0187114914063
0 0.129518594922 0.351855253472 0.0415810930556 0.0194911367188
2 0.154613439844 0.506596334028 0.306314048611 0.309226879688
2 0.530868972266 0.487092813889 0.165136352778 0.118060613281
2 0.386077661719 0.448382805556 0.109496877778 0.0842017109375
0 0.495562176953 0.399673511111 0.0180184722222 0.00935574609375
2 0.452347529688 0.424226149306 0.0401950569444 0.0327451109375
2 0.431909683984 0.423929146528 0.0443531652778 0.0116946820313
2 0.323928782813 0.465510239583 0.0831621819444 0.04210085625
