3 0.952036085156 0.390234106944 0.152343644444 0.031640603125
3 0.904575179687 0.396093477083 0.154687393056 0.031640603125
3 0.855136736719 0.3996091 0.152343644444 0.035595678125
3 0.823496133203 0.387890359028 0.133593656944 0.0250488101563
3 0.723960069141 0.378515364583 0.0773436958333 0.0131835835938
3 0.694956182812 0.378515365278 0.0679687055556 0.013183584375
3 0.67518080625 0.373827868056 0.0492187166667 0.0105468671875
0 0.667929834766 0.274218561806 0.0374999736111 0.0197753773438
0 0.640244307422 0.280077932639 0.0304687291667 0.00922851015625
0 0.371958358594 0.104296803472 0.0632812069444 0.0105468671875
0 0.32779335 0.325781027778 0.0281249805556 0.0039550765625
0 0.432602848047 0.342187265278 0.0187499888889 0.00527343359375
0 0.354819698047 0.328124775694 0.0281249819444 0.00527343515625
5 0.0575298636719 0.387890358333 0.0773436972222 0.0777831492188
2 0.0726909859375 0.427734080556 0.0398437222222 0.050097621875
2 0.0351177703125 0.431249703472 0.0468749680556 0.01450194375
2 0.0120464964844 0.419530961806 0.0703124513889 0.0237304523437
0 0.340976934375 0.352734133333 0.0210937333333 0.0065917921875
1 0.658042146094 0.203906110417 0.0281249819444 0.031640603125
1 0.638925948437 0.160546763889 0.0257812333333 0.0382323953125
1 0.636289232422 0.0374999743056 0.0656249541667 0.0514159804687
2 0.424033517578 0.398437226389 0.0609374583333 0.0303222445312
2 0.393711273828 0.394921602778 0.035156225 0.00922851015625
2 0.383823584766 0.396093477083 0.0421874708333 0.0131835851562
2 0.366684924219 0.403124722917 0.0468749680556 0.031640603125
2 0.344932009766 0.399609101389 0.035156225 0.0118652257813
2 0.335044321094 0.407812219444 0.037499975 0.01845701875
2 0.307358793359 0.413671590278 0.0492187166667 0.0474609039062
5 0.272422294922 0.384374736806 0.0843749402778 0.0566894164063
2 0.268467219141 0.411327840972 0.0445312180556 0.0197753773437
2 0.235508257031 0.412499715972 0.0843749402778 0.0645995671875
2 0.171567871875 0.434765327083 0.0773436986111 0.0843749421875
2 0.402280602734 0.387890358333 0.030468725 0.00791015078125
