0 0.648545378125 0.155386734028 0.0745856319444 0.0153832859375
0 0.569531223828 0.421408822222 0.0248618777778 0.00839088203125
0 0.494712511719 0.41146406875 0.0198895013889 0.006992403125
1 0.344375848047 0.248618774306 0.0273480625 0.0307665726563
1 0.364653816016 0.314502749306 0.0248618791667 0.0433528992188
1 0.136701478906 0.355524846528 0.0770718208333 0.0377589765625
1 0.444367211328 0.422651914583 0.0273480625 0.0153832851562
1 0.471637583594 0.411464068056 0.014917125 0.019578728125
1 0.708680045313 0.436325948611 0.0298342527778 0.0153832859375
2 0.476881885938 0.479005508333 0.0248618777778 0.01678176875
2 0.502054536328 0.477762414583 0.0223756902778 0.0139848070312
5 0.516738582422 0.463674013194 0.0372928180556 0.0209772101563
2 0.524430225781 0.479005505556 0.0248618777778 0.0195787296875
2 0.544008954687 0.475276225 0.0174033166667 0.01398480625
2 0.56358768125 0.480248598611 0.0273480638889 0.019578728125
2 0.609038301953 0.483149156944 0.0397790027778 0.0293680929687
2 0.627917791016 0.49060771875 0.0248618791667 0.0139848070313
2 0.645398798438 0.493093906944 0.0298342555556 0.0209772078125
2 0.667075247266 0.495580094444 0.0348066305556 0.0279696132813
2 0.688751694922 0.499309377083 0.0372928152778 0.0349620164062
2 0.716022067578 0.489364624306 0.0323204375 0.0251726507813
2 0.0779652949219 0.426381197917 0.0422651930556 0.0741194726563
2 0.840715536328 0.604676355556 0.405248602778 0.317562907031
