0 0.466107819922 0.330955836111 0.0224376833333 0.00946589765625
1 0.514489075391 0.337500160417 0.0205678763889 0.0115694304688
1 0.148474357812 0.148649654167 0.0990997666667 0.0347082921875
1 0.753765941016 0.23933529375 0.0448753680556 0.0252423945313
3 0.798648508984 0.422042147917 0.135694568056 0.0319680445312
3 0.763732691016 0.414028685417 0.0822715041667 0.0294494601562
0 0.333554572656 0.268317302083 0.0205678763889 0.0105176640625
1 0.381409945703 0.289820082639 0.0336565263889 0.00946589921875
2 0.5034205 0.374762736806 0.0261772958333 0.01156943125
2 0.495532251953 0.378502352083 0.0373961402778 0.0147247304688
2 0.466608675 0.369687551389 0.0224376833333 0.0094658984375
2 0.457668660547 0.373427166667 0.0411357555556 0.0147247304688
2 0.450306295312 0.377166779167 0.0373961388889 0.012621196875
2 0.438736864844 0.383711103472 0.0467451736111 0.0189317953125
2 0.428219201172 0.383711103472 0.0542244013889 0.0168282648437
2 0.480131375 0.375831202778 0.0430055583333 0.0262941609375
2 0.392834761328 0.382375528472 0.0972299625 0.0725718835937
2 0.519046732031 0.375831204167 0.033656525 0.017880028125
2 0.523779682031 0.385180238889 0.0373961388889 0.0168282640625
2 0.532719696484 0.388919852778 0.0411357527778 0.0115694304688
2 0.546918543359 0.384245334722 0.0654432444444 0.0294494601562
2 0.550073842187 0.39265946875 0.0635734402778 0.0147247296875
2 0.563746805859 0.390789660417 0.0785318958333 0.0252423945312
2 0.589515083203 0.397333984722 0.0878809277778 0.0641577523438
2 0.621593958984 0.41322734375 0.100969576389 0.103073108594
2 0.149016187109 0.44104604375 0.368351976389 0.297649900781
