0 0.468820295703 0.466988005556 0.0187211222222 0.00702042109375
0 0.500997225391 0.46802806875 0.0208012486111 0.00819048984375
0 0.520888417969 0.49610975 0.018721125 0.008190490625
0 0.356493560547 0.495069686806 0.0166409986111 0.0117007039062
2 0.502752330469 0.513790809722 0.0124807472222 0.0163809828125
2 0.517378207812 0.512750749306 0.0187211208333 0.012870771875
2 0.524983664453 0.5137908125 0.0208012472222 0.0117007023438
2 0.537269400781 0.514830873611 0.0187211222222 0.0222313328125
2 0.548970101563 0.517951061806 0.0291217458333 0.0175510515625
2 0.561840874609 0.517951059722 0.0457627444444 0.0222313335937
2 0.580561996094 0.520031184028 0.0582434930556 0.0292517546875
2 0.623269558203 0.524191434028 0.0915254875 0.0725443507813
2 0.458289663672 0.507550436111 0.0124807472222 0.0140408429687
2 0.444248822266 0.507550436111 0.0124807472222 0.0140408398438
2 0.425527699609 0.511710686111 0.0124807472222 0.0117007039062
2 0.413826997656 0.512750747917 0.0145608708333 0.0093605609375
2 0.403296367188 0.5137908125 0.0208012472222 0.0117007015625
2 0.347718032812 0.508590500694 0.0187211236111 0.0128707703125
2 0.330166980078 0.510670622917 0.0187211208333 0.0152109117187
2 0.306180542578 0.5117106875 0.0166409972222 0.0187211226562
2 0.217255209375 0.508590499306 0.0395223708333 0.0327619640625
2 0.0914726671875 0.522111310417 0.0582434930556 0.0760545609375
2 0.168697297266 0.509630561111 0.0707242416667 0.0783947023437
2 0.389840560156 0.5075504375 0.0166409972222 0.0152109125
2 0.783569170703 0.549152929861 0.216332973611 0.205932350781
2 0.688208451172 0.514830872917 0.143528606944 0.0900954023437
2 0.482861136328 0.5096305625 0.0124807472222 0.0163809820312
2 0.0202873074219 0.527311621528 0.0520031180556 0.0405746148438
2 0.251187244141 0.507550436806 0.0291217458333 0.0351021054688
