1 0.652953486719 0.38433531875 0.0176737125 0.0099414640625
0 0.591007336328 0.382024147917 0.0163141986111 0.00841200859375
0 0.608213717578 0.393580036111 0.01223565 0.00917673671875
2 0.627623241406 0.411836402778 0.0176737138889 0.012235646875
2 0.639476527344 0.409797129861 0.0190332319444 0.0160592890625
2 0.65010078125 0.410185561806 0.0291325013889 0.011634796875
2 0.667389101562 0.411836404861 0.0312688791667 0.0214123875
2 0.692242763281 0.411156647222 0.0380664666667 0.0221771140625
2 0.7109786 0.416594714583 0.0435045291667 0.0351774890625
2 0.757073868359 0.427231377778 0.0501727666667 0.0526950679688
2 0.592768523828 0.411473900694 0.0135951652778 0.0114709210937
2 0.579385782813 0.408075109028 0.0149546819444 0.0152945609375
2 0.562179401953 0.407395350694 0.0135951652778 0.0130003773438
2 0.448618148047 0.414788494444 0.0149546805556 0.0145298335937
2 0.435235408594 0.417507527083 0.0149546819444 0.010706190625
2 0.495648924219 0.409350429167 0.00951661388889 0.0091767359375
2 0.509796393359 0.403912361111 0.00951661388889 0.0114709210937
2 0.419176119531 0.418867044444 0.0149546833333 0.0152945609375
2 0.396234278125 0.4222658375 0.0163142027778 0.01223565
2 0.170169915234 0.432400605556 0.0503021138889 0.0611782460937
2 0.957075078516 0.462989729861 0.144108751389 0.0841200835937
2 0.549376448828 0.405852861111 0.0135951666667 0.0130003789063
2 0.617861096094 0.411528505556 0.0163212444444 0.0144268140625
2 0.606713103516 0.4091969 0.0163212444444 0.0131152851562
