2 0.199835607813 0.386457154861 0.0103979486111 0.0116976921875
2 0.210071089844 0.385590659028 0.0225288930556 0.0126725015625
2 0.227617633203 0.391656129167 0.0242618861111 0.0165717335937
2 0.253450038672 0.41880634375 0.0508344402778 0.0370426976562
2 0.277820235938 0.409852544444 0.0433247916667 0.013647309375
2 0.310963702734 0.4323814375 0.0814506111111 0.0584884710938
1 0.307551875 0.332734410417 0.0173299180556 0.0107228859375
1 0.302190432031 0.354396807639 0.0190629069444 0.0136473109375
1 0.354830054687 0.370860227778 0.0173299166667 0.0097480796875
1 0.343132361719 0.369993733333 0.0190629055556 0.009748078125
2 0.393334966016 0.460109305556 0.140372330556 0.127699828906
2 0.620063896875 0.489786698611 0.390805191667 0.364016001563
2 0.0822138683594 0.415340359028 0.0958922263889 0.0831734523438
2 0.188137913672 0.385301844444 0.0207958972222 0.00974807890625
2 0.166377353516 0.382991171528 0.0277278680556 0.0214457726563
