2 0.984819736328 0.441219704167 0.0727856527778 0.0289919648438
2 0.961400669531 0.428222265972 0.0225288930556 0.0230957609375
2 0.928894419922 0.442952695833 0.0242618833333 0.0302190429688
2 0.885277711719 0.456816629861 0.0346598347222 0.0382323953125
2 0.800804645313 0.460282613194 0.0311938513889 0.03801750625
2 0.624110247656 0.474765177778 0.0542184722222 0.077518175
2 0.770580525 0.458671571528 0.0257812319444 0.02241209375
2 0.8440861375 0.4420862 0.025994875 0.03801750625
1 0.622924376562 0.25820295 0.100781180556 0.05932613125
1 0.856108045703 0.177838357639 0.152916684722 0.0945902507812
1 0.775853958984 0.240234209028 0.0421874708333 0.0316406039063
1 0.744481598437 0.22273968125 0.100614009722 0.0585442578125
1 0.567553319922 0.29999979375 0.0304687291667 0.0184570179688
1 0.229966092969 0.464062179167 0.0445312194444 0.0212686546875
2 0.269046965234 0.51920433125 0.0415918013889 0.0682365492187
2 0.311307935156 0.507939885417 0.0190629097222 0.0188076921875
1 0.497021143359 0.423046584028 0.0468749680556 0.0316406039062
2 0.749486789844 0.462015604861 0.0242618847222 0.0263671703125
2 0.494605848437 0.488074482639 0.0347878375 0.0382357734375
2 0.443409000391 0.481263372917 0.0280975847222 0.0334006054687
2 0.414796022656 0.488244978472 0.0281968625 0.0185519171875
2 0.695037994141 0.471547059028 0.0155969263889 0.0194961570312
1 0.578548456641 0.1178434375 0.0207959 0.0165717335937
