3 0.852910571094 0.475390676389 0.190428313889 0.04208125625
3 0.273049969531 0.392928415278 0.0867128916667 0.0105203140625
3 0.245314596094 0.397179052778 0.0850126388889 0.0181714515625
3 0.285004871875 0.397179052778 0.09181365 0.015302275
3 0.827566178125 0.486442319444 0.175126038889 0.0334737265625
3 0.993022028125 0.522997754167 0.153022752778 0.0124331
7 0.294568794922 0.42472315 0.0680101111111 0.0325173367187
4 0.0616872960937 0.306555575 0.134319969444 0.123374592187
2 0.0827279242187 0.414521633333 0.224433366667 0.163543064062
0 0.69099335625 0.287002670833 0.0578085944444 0.0315609421875
