0 0.604233060937 0.264454801389 0.0341232 0.0071978640625
0 0.382298966406 0.292179902083 0.0298578013889 0.0071978625
0 0.612030744922 0.26552115 0.0277251 0.00839750546875
0 0.505262451563 0.340165652778 0.0191943 0.00599821875
0 0.465674207813 0.339099302778 0.0170616 0.00359893125
0 0.494465657031 0.338032952083 0.0191943013889 0.00599821875
0 0.628225935156 0.348696452083 0.0149288986111 0.00959715
0 0.331314106641 0.361492651389 0.0234597 0.00839750546875
1 0.335512858594 0.325236751389 0.0063981 0.00959715
1 0.701404204687 0.290047202083 0.0213269986111 0.0119964375
0 0.700804383203 0.343364700694 0.0127962013889 0.0107967945313
2 0.496265123438 0.377487901389 0.0170616 0.014395725
2 0.477670644922 0.386018702083 0.0255924013889 0.0155953679687
2 0.462675096875 0.380686950694 0.0191943013889 0.00959715
2 0.451878303516 0.383886002778 0.0170616 0.0119964367188
2 0.441081510547 0.3881514 0.021327 0.0143957257812
2 0.424886319922 0.396682202778 0.0298578 0.0251925179688
2 0.37210199375 0.432938102083 0.0469194013889 0.02759180625
2 0.3493087625 0.428672701389 0.063981 0.02279323125
2 0.319317669141 0.426540000694 0.0767772013889 0.0491853945312
2 0.270732096484 0.447867001389 0.1023696 0.0887736367188
2 0.160364871875 0.458530502083 0.0981042013889 0.153554401562
2 0.0514816207031 0.513980700694 0.226066198611 0.102600700781
5 0.252737440234 0.391840300694 0.0608686041667 0.0935722132812
2 0.512460314844 0.383886000694 0.0255924013889 0.0083975078125
2 0.52385693125 0.383886001389 0.0341232 0.0167950125
2 0.537556020312 0.39640005625 0.0378243125 0.0273981796875
2 0.586838226953 0.4073457 0.0725118 0.0491853960938
2 0.639022728516 0.415876501389 0.0981042 0.0743779132813
2 0.711001354688 0.428672702083 0.140758198611 0.1415579625
2 0.772783007422 0.486255602083 0.213270001389 0.202739794531
2 0.926028153516 0.541705802778 0.3668244 0.146937672656
1 0.544250872656 0.3369666 0.021327 0.00959715
1 0.695615362891 0.217265472222 0.0164062361111 0.0171386601563
