5 0.503488252344 0.428915454167 0.119576430556 0.0575136640625
1 0.871478214453 0.259948757639 0.0415918013889 0.0155969273438
1 0.878301869531 0.31280500625 0.0606547097222 0.037042696875
0 0.896823217188 0.350930826389 0.0329268416667 0.0194961578125
0 0.0219331773437 0.231354396528 0.0849165958333 0.0107228859375
0 0.562464125781 0.318870474306 0.0346598347222 0.0058488484375
0 0.567825570703 0.318003980556 0.0294608583333 0.00877326953125
0 0.557590085938 0.318870478472 0.0277278625 0.009748078125
0 0.860755328516 0.183697122222 0.110911469444 0.0194961570313
0 0.877814466797 0.186296609722 0.0641206944444 0.0146221179688
0 0.392360159375 0.35699629375 0.0277278708333 0.0068236546875
5 0.345081978125 0.465308277778 0.0987805333333 0.046790778125
5 0.226155421094 0.47050725625 0.0849165958333 0.0721357796875
5 0.388948330859 0.449711354167 0.0398588111111 0.0292442351562
2 0.377738040234 0.465308279167 0.0190629111111 0.00877327109375
2 0.370914384766 0.466174774306 0.0173299152778 0.00877326953125
2 0.319736973047 0.470507254167 0.0294608611111 0.0116976945313
2 0.306089663281 0.475706228472 0.0259948763889 0.0233953875
2 0.275870620703 0.480905204861 0.0433247930556 0.0311938523438
2 0.186188299219 0.485237684722 0.0450577888889 0.0233953875
2 0.159381082031 0.493036147222 0.0433247944444 0.051664815625
2 0.0677491449219 0.52769598125 0.105712493056 0.106254053906
2 0.531757681641 0.497368625 0.0901155722222 0.0555640476563
2 0.448899012891 0.503434097222 0.181964130556 0.106254055469
2 0.937277744531 0.438446907639 0.0519897513889 0.0497152
2 0.828099264063 0.43064844375 0.0155969263889 0.0302190421875
2 0.852956865625 0.430648447222 0.0121309444444 0.0136473109375
2 0.867091578125 0.438446906944 0.01039795 0.022420578125
2 0.876313138672 0.526821255556 0.183680666667 0.130702483594
4 0.685777318359 0.448844861111 0.370860230556 0.252475233594
2 0.194486787109 0.567554788889 0.088382575 0.149170844531
3 0.355317458594 0.4843711875 0.102246511111 0.0185213484375
3 0.991379579688 0.447978361111 0.0953145416667 0.0116976953125
3 0.896823218359 0.441912890278 0.0381258194444 0.0175465414063
6 0.551253837891 0.434980923611 0.0173299166667 0.00682365546875
8 0.546867201172 0.444512377778 0.0225288916667 0.0136473085938
3 0.400646025 0.468774261111 0.0294608583333 0.0058488484375
1 0.1569440625 0.307606029861 0.140372329167 0.107228860938
0 0.096018571875 0.234820378472 0.0814506125 0.03801750625
1 0.129649445313 0.409852543056 0.0294608555556 0.013647309375
1 0.0297316394531 0.0277278673611 0.0554557347222 0.0594632789062
