2 0.113438418359 0.398485472222 0.0623716388889 0.0927778132813
2 0.0343044015625 0.397792454167 0.0498973111111 0.0670495125
2 0.449855447266 0.413731872222 0.0512833472222 0.0311858195313
2 0.915303804688 0.501052168056 0.242556375 0.168403425
2 0.298604221875 0.425513182639 0.0471252375 0.0389822734375
2 0.529769109375 0.420662056944 0.0263346916667 0.021050428125
2 0.624106214453 0.431750346528 0.0429671291667 0.0366433382812
2 0.561734575391 0.4109598 0.0401950555556 0.0163725554687
2 0.666207071484 0.414424892361 0.0498973125 0.0179318460938
2 0.321993587109 0.41927601875 0.0374229819444 0.0233893648438
2 0.340705079297 0.410266781944 0.033264875 0.0187114929688
2 0.360586039062 0.413731872917 0.0291067652778 0.02260971875
2 0.382416112891 0.408187728472 0.0346509125 0.0163725554688
2 0.395280263281 0.408187726389 0.0291067638889 0.0187114921875
2 0.412822286719 0.408187725694 0.0318788375 0.02260971875
2 0.513396554688 0.416503947917 0.0180184736111 0.0132539734375
2 0.507159391016 0.413731872222 0.0207905444444 0.0179318460938
2 0.493905417969 0.410266781944 0.0221765833333 0.0132539734375
2 0.469346584766 0.407494708333 0.0277207277778 0.00779645546875
2 0.479481975781 0.413731872917 0.0180184736111 0.0077964546875
0 0.197250309375 0.221765827778 0.0471252388889 0.0109150375
0 0.53912485625 0.246021465278 0.0512833472222 0.007016809375
0 0.208944991016 0.218300738194 0.0512833486111 0.0109150367188
0 0.548090779297 0.246714484028 0.0443531652778 0.0109150367188
0 0.529379287109 0.250872592361 0.0498973125 0.0109150367187
0 0.247537442969 0.359676452778 0.0207905472222 0.0101353921875
1 0.762883111719 0.320174413889 0.0249486555556 0.0288468828125
0 0.661529198047 0.370764744444 0.0263346944444 0.0116946820313
0 0.650224338281 0.367992670833 0.0263346916667 0.0093557453125
1 0.655292033594 0.309086122917 0.0166324375 0.021050428125
