2 0.434615595703 0.460949968056 0.0314999972222 0.0261562492188
2 0.450224969531 0.458699969444 0.0299999972222 0.0118124984375
2 0.462037468359 0.459449968056 0.0284999972222 0.0101249992188
2 0.470053092188 0.458699969444 0.027 0.01096875
2 0.548859330078 0.459449968056 0.0194999972222 0.00928124765625
2 0.582609328906 0.461699964583 0.0119999958333 0.0092812484375
2 0.621843699609 0.465449967361 0.0164999986111 0.0118124992188
2 0.528187458203 0.459249970833 0.0224999972222 0.0118124976563
2 0.595687452734 0.458499970833 0.018 0.00843749921875
2 0.609187452734 0.460749970833 0.0194999972222 0.0101249992188
5 0.559140874219 0.452399961111 0.0269999972222 0.0095943359375
3 0.562190594922 0.459210934722 0.0289780583333 0.00590624765625
