2 0.518951541016 0.5360000875 0.0249486555556 0.0233893648438
2 0.500629872266 0.536000088194 0.0277207291667 0.0163725554687
2 0.489325012109 0.542930270833 0.0388090222222 0.0233893648438
2 0.43202106875 0.54243525625 0.0592035569444 0.02260971875
2 0.459308660938 0.548474415972 0.0526693847222 0.0366433375
2 0.39537773125 0.563720815972 0.0803901125 0.0647105765625
2 0.349768469922 0.557483652778 0.048511275 0.0436601476563
2 0.321311409766 0.567878925694 0.0554414569444 0.0491176664062
2 0.273753034375 0.576195144444 0.0693018222222 0.0553548296875
2 0.212161041016 0.581739290278 0.0997946222222 0.0865406492188
2 0.100886121484 0.637901608333 0.229432341667 0.201772242969
2 0.547895867578 0.537782133333 0.0235626194444 0.0171522007813
2 0.607538747656 0.535010060417 0.0401950569444 0.0194911375
2 0.619623252734 0.540554205556 0.048511275 0.0249486554688
2 0.645351553906 0.541247224306 0.0665297486111 0.0343044015625
2 0.658215704688 0.548870425 0.0762320027778 0.031965465625
2 0.683164360547 0.544019296528 0.105338768056 0.0335247570312
2 0.713570533984 0.544712315278 0.131673461111 0.0803034851562
2 0.788026678516 0.558572679167 0.159394188889 0.149691933594
5 0.577827289844 0.523030751389 0.0706878583333 0.036395534375
0 0.555692322656 0.465708239583 0.0180184736111 0.00545751875
0 0.561578648438 0.46778729375 0.0180184736111 0.00545751875
1 0.875385957813 0.320867433333 0.0401950583333 0.056134475
3 0.336261089844 0.531544969444 0.0263346916667 0.01169468125
