2 0.425503624609 0.432381435417 0.0433247930556 0.0360678898437
2 0.587321727344 0.434114427083 0.0571887263889 0.0419167375
2 0.516648158203 0.435847419444 0.0190629083333 0.00974807890625
2 0.0770098199219 0.429781947222 0.07278565 0.107228863281
2 0.563926338672 0.441912889583 0.0381258180556 0.0165717335937
2 0.556127876172 0.441912889583 0.0311938486111 0.0107228867187
2 0.547354605078 0.441912890278 0.0242618833333 0.0165717320312
2 0.537119123047 0.438446906944 0.0207959 0.0136473101563
2 0.670667798047 0.461842295139 0.109178479167 0.0740853960937
2 0.765711562891 0.478305715972 0.201027040278 0.158893678906
2 0.885125524219 0.547625385417 0.381258179167 0.224205804687
7 0.214457726563 0.454043832639 0.0554557347222 0.052639625
1 0.208608879297 0.2330873875 0.015596925 0.0233953882813
1 0.227130228125 0.2512838 0.0173299166667 0.0077984625
1 0.22128138125 0.269480213194 0.0155969263889 0.0370426984375
1 0.237853114453 0.337066890972 0.0155969263889 0.0194961570313
1 0.638499139062 0.313671502778 0.01039795 0.013647309375
1 0.631675483984 0.328401931944 0.015596925 0.0214457726562
0 0.399671217187 0.220089949306 0.0450577847222 0.0077984640625
0 0.535169507422 0.259948759028 0.0311938513889 0.00974807890625
0 0.39138535 0.225288924306 0.0415918013889 0.0087732703125
0 0.526883640625 0.265147734028 0.0381258180556 0.0087732703125
0 0.721845209766 0.327535436806 0.0450577847222 0.0243701960937
0 0.639961350781 0.373459716667 0.0225288916667 0.0126725015625
0 0.202272627734 0.331867915972 0.0329268430556 0.0146221164062
0 0.328997648047 0.366527749306 0.0294608569444 0.0107228867188
1 0.947025822266 0.209691999306 0.0450577847222 0.0341182742187
