1 0.693088378125 0.30760603125 0.0259948763889 0.0389923125
1 0.744753194141 0.356996295139 0.0485237680556 0.0214457726562
1 0.746215405859 0.415918014583 0.0519897513889 0.0302190429688
1 0.747190213672 0.450577848611 0.0242618833333 0.0282694273437
1 0.746702809766 0.484371188194 0.0467907791667 0.0233953882813
1 0.692113570703 0.3535303125 0.0693196694444 0.0740853960937
1 0.511286715234 0.485237683333 0.0207959 0.0185213492187
1 0.470832189453 0.488703665972 0.0277278652778 0.0214457726563
2 0.556127876172 0.537227435417 0.114377454167 0.0770098195312
2 0.687726935156 0.53809393125 0.1230424125 0.0965059765625
2 0.620952597656 0.527695980556 0.0710526611111 0.0565388546875
2 0.788619547266 0.53809393125 0.109178479167 0.101380016406
