2 0.463263237109 0.492748036806 0.0198979625 0.0129145492187
2 0.454653538672 0.498870489583 0.0198979680556 0.00947066796875
2 0.445613355469 0.502697022222 0.0275510333333 0.0103316375
2 0.438725597656 0.508054165972 0.0290816458333 0.0120535765625
2 0.429254929688 0.509584779861 0.0352040986111 0.0189413359375
2 0.421936687109 0.513411311111 0.0397959361111 0.0198023054687
2 0.414618444531 0.518003151389 0.0397959361111 0.020663275
2 0.405578261328 0.5225949875 0.0489796083333 0.0180803664062
2 0.388358866406 0.524125602778 0.0673469694444 0.0335778203125
2 0.495119119141 0.492748036806 0.0168367430556 0.00947066796875
2 0.506311725391 0.500401100694 0.0321428708333 0.0163584289063
2 0.512338514453 0.502697018056 0.0336734805556 0.0198023054687
2 0.520517726563 0.5072888625 0.0367347138889 0.0189413359375
2 0.530849364844 0.50805416875 0.0505102263889 0.0206632765625
2 0.540750516016 0.511880697222 0.0551020638889 0.0301339414062
2 0.558830882031 0.518768459028 0.0719388069444 0.0456313984375
2 0.578202701172 0.527952134028 0.0750000319444 0.0499362460938
2 0.606614704297 0.536917160417 0.0964286152778 0.0774872789062
2 0.718048791406 0.575510464583 0.198979684722 0.150669709375
2 0.864844137109 0.631377834722 0.310714425 0.265178689844
2 0.348136680859 0.527041045139 0.0979592263889 0.0688775820312
2 0.07391780625 0.654081920139 0.318367490278 0.14722583125
1 0.738586473828 0.269132764583 0.0964286152778 0.0439094585938
2 0.477886045703 0.503853325694 0.0290816458333 0.0180803648438
