1 0.183868579688 0.198927435417 0.0898382013889 0.051899771875
1 0.453610815625 0.442947415278 0.0145683583333 0.0122920515625
1 0.496632994922 0.449017563194 0.00728417916667 0.0109262679688
1 0.483658051953 0.461157860417 0.0315647736111 0.0368761539062
1 0.444733223828 0.456301741667 0.0267086527778 0.0355103695312
1 0.473414675781 0.497578753472 0.0169964152778 0.024584103125
1 0.154504234766 0.441733383333 0.0461331305556 0.0341445867188
2 0.48434094375 0.523073379167 0.0194244777778 0.013657834375
2 0.464537083984 0.514575170139 0.0121402986111 0.0122920507813
2 0.455659491016 0.518217259028 0.0194244763889 0.00819470078125
2 0.432441172656 0.518217260417 0.0145683569444 0.0109262671875
2 0.410588636328 0.520645320139 0.0339928347222 0.0109262679687
2 0.342982354297 0.503648901389 0.0194244777778 0.0122920507812
2 0.327275845313 0.508505022917 0.0242805958333 0.01912096875
2 0.302691741797 0.506076961806 0.0291367152778 0.0273156695313
2 0.126505673828 0.485438456944 0.0218525361111 0.0191209695312
2 0.153138451953 0.489080546528 0.0339928347222 0.0341445867188
2 0.224842084375 0.491508604167 0.0437050722222 0.05736290625
2 0.182502796484 0.496364725694 0.0194244763889 0.0163894023437
2 0.471366001172 0.526715468056 0.0315647722222 0.0177551851563
2 0.500730346094 0.529143527083 0.0315647736111 0.024584103125
2 0.443367440234 0.524287406944 0.0315647722222 0.0191209695312
2 0.423563579297 0.521859347917 0.0169964152778 0.0150236179688
2 0.375078266797 0.526715468056 0.104406558333 0.0628260398437
2 0.56901951875 0.582560836111 0.148111630556 0.131115214063
