0 0.239771228125 0.415630035417 0.0148818958333 0.0107627984375
0 0.249936092578 0.4347639 0.010629925 0.00956693046875
2 0.224942482031 0.460063139583 0.0212598513889 0.0227214640625
2 0.201025153516 0.470693063194 0.0212598458333 0.0203297304687
2 0.174716089844 0.468567078472 0.0212598486111 0.0322883953125
2 0.10942178125 0.476008025 0.0148818944444 0.0155462640625
2 0.0615871230469 0.482385979861 0.0574015902778 0.0872982523438
2 0.309251076953 0.467291474306 0.0212598486111 0.0143503976563
2 0.331374607422 0.466228481944 0.0403937111111 0.0298966632812
2 0.374545385156 0.470480451389 0.0701575027778 0.0540531625
2 0.427283094531 0.487488329861 0.0956693152778 0.058597459375
2 0.281193048047 0.452834771528 0.0255118180556 0.0167421320313
2 0.264450918359 0.464527688889 0.0191338666667 0.0143503976562
2 0.244719121875 0.467716665278 0.0297637861111 0.017937996875
