7 0.0443537570313 0.667201814583 0.1282413875 0.0770098203125
7 0.0336308710938 0.648138904861 0.0693196680556 0.0516648171875
1 0.0433789492188 0.444512376389 0.116110441667 0.0165717328125
1 0.355804864063 0.478305715278 0.0277278666667 0.017546540625
0 0.337770918359 0.485237682639 0.0346598319444 0.0165717335937
0 0.367502558203 0.486970675694 0.0311938486111 0.00584884765625
3 0.459134496484 0.638607452083 0.143838315278 0.0233953898438
3 0.910943123828 0.633559965972 0.178801129167 0.0497448148437
7 0.748028389062 0.580465464583 0.0382993430556 0.01629846875
1 0.963110151953 0.344865352083 0.0242618819444 0.0506900085938
1 0.943613994922 0.400321088889 0.0242618833333 0.00974807890625
0 0.968471594922 0.447111865972 0.0381258180556 0.0243701960937
0 0.940689571094 0.450577849306 0.0242618819444 0.0077984625
1 0.924117837891 0.3769257 0.015596925 0.00779846328125
0 0.761324926562 0.144704810417 0.0953145458333 0.0292442359375
0 0.738904347656 0.147304297222 0.100513519444 0.0155969265625
0 0.785695123828 0.141238826389 0.0883825777778 0.0175465414062
5 0.4844795 0.53809393125 0.261681751389 0.150120409375
2 0.562951530859 0.578819236806 0.0623877013889 0.0185213492187
2 0.575624033984 0.578819238194 0.0554557347222 0.0146221179688
2 0.584397304297 0.57448675625 0.0502567597222 0.0146221179688
2 0.596582401172 0.567554788889 0.036392825 0.0155969242187
2 0.606817883594 0.564088805556 0.0329268388889 0.0126725015625
2 0.623389617578 0.559756326389 0.0207959 0.0126725023438
2 0.644835390234 0.549358377083 0.0138639347222 0.0146221179687
2 0.657020488281 0.553690855556 0.0225288916667 0.0077984625
2 0.668230778906 0.558023334722 0.0277278666667 0.01462211875
2 0.638986542969 0.5788192375 0.0415918027778 0.0263198125
5 0.696987609766 0.553690856944 0.0814506111111 0.0448411601563
0 0.610229711328 0.485237682639 0.0207958986111 0.00389923046875
0 0.658970103125 0.486970674306 0.0173299152778 0.00389923125
0 0.664331547656 0.485237683333 0.0173299166667 0.004874040625
1 0.746215406641 0.475706228472 0.0155969236111 0.00877327109375
