1 0.0100195273437 0.399240929167 0.0356249861111 0.01792968125
1 0.0121289015625 0.426160566667 0.0187499972222 0.024257803125
0 0.00685546679687 0.462990909028 0.0543749819444 0.0137109335937
2 0.0954491847656 0.617678352083 0.0599999791667 0.0917577789063
2 0.204081960156 0.619553351389 0.0562499805556 0.066445290625
2 0.258398346094 0.634553345833 0.0412499833333 0.0400781109375
2 0.306386611719 0.622365850694 0.0618749791667 0.0411327984375
2 0.337499881641 0.640847993056 0.0393749861111 0.0210937414062
2 0.355956905859 0.647410488889 0.0262499888889 0.0137109304687
1 0.364394404297 0.548973020139 0.0281249902778 0.0432421726563
1 0.420292821875 0.515223032639 0.0318749875 0.0221484296875
1 0.405527201172 0.394285575 0.0524999833333 0.0179296804687
1 0.512577946094 0.426160563889 0.071249975 0.029531240625
1 0.564257614453 0.403660571528 0.0562499819444 0.0189843710938
1 0.569531051562 0.472098047222 0.0881249666667 0.0358593625
1 0.542937874219 0.481473045833 0.0168749916667 0.01792968125
0 0.351210814453 0.384240932639 0.0506249819444 0.00843749453125
0 0.362812373438 0.380490934028 0.0468749819444 0.012656246875
0 0.555820117969 0.53986588125 0.0281249902778 0.0147656203125
3 0.532089658203 0.614597995833 0.114374961111 0.0263671789063
3 0.858816670312 0.688660475 0.318749888889 0.0885937171875
3 0.984324439844 0.663080123611 0.271874905556 0.029531240625
1 0.671609704687 0.477723049306 0.0168749958333 0.0390234234375
1 0.672664391797 0.512410538194 0.0524999819444 0.0263671789062
1 0.624676128516 0.541473025694 0.0206249930556 0.0253124914063
1 0.623094096875 0.570535516667 0.0299999888889 0.01792968125
0 0.558984179297 0.3143302375 0.0693749722222 0.0210937429687
