1 0.846455135547 0.228884131944 0.0782367583333 0.0636714039063
1 0.693362862891 0.232213355556 0.0249691777778 0.0496262414063
1 0.693831034766 0.180610388194 0.0282984013889 0.0187268835938
1 0.649354686328 0.0607583333333 0.0948828777778 0.0290266695312
1 0.530438975781 0.549321917361 0.0466091319444 0.0308993578125
1 0.531843492187 0.585111072222 0.0216399555556 0.0168541953125
1 0.231745183594 0.605086414583 0.0216399541667 0.0177905390625
1 0.229404323437 0.565968035417 0.0466091319444 0.028090325
1 0.232213355859 0.507706620139 0.0199753430556 0.0262176367188
1 0.219104537109 0.496886643056 0.0183107305556 0.0224722601563
1 0.0285584972656 0.536837328472 0.0216399541667 0.0421354882813
1 0.325847773437 0.634217122222 0.0432799083333 0.01310881875
1 0.705535337109 0.354562328472 0.143156620833 0.0196632273438
2 0.384837456641 0.676664725 0.0382860722222 0.0149815070313
2 0.370324121875 0.684155478472 0.0499383569444 0.019663228125
2 0.346915517578 0.694975455556 0.0482737444444 0.0159178507812
2 0.333806698828 0.696640067361 0.0416152958333 0.0215359164062
2 0.450381548828 0.690813926389 0.0299630138889 0.0112361304687
2 0.466767572266 0.664180135417 0.0699136986111 0.0365174226562
2 0.489708004297 0.668341665278 0.0615906388889 0.0505625851562
2 0.286989490234 0.689149313889 0.0799013694444 0.0627350601563
1 0.316016159375 0.657521688889 0.0299630138889 0.0140451625
2 0.623605221484 0.659186300694 0.312947031944 0.217231849219
2 0.0440081761719 0.767386071528 0.2963009125 0.0880163523438
2 0.822578359375 0.738255364583 0.491060501389 0.353001754688
2 0.414332298047 0.675000113194 0.0516029680556 0.0365174226562
