0 0.132017117969 0.159843631944 0.0749999472222 0.02636716875
0 0.176182126563 0.41531220625 0.0515624625 0.0224120953125
0 0.0931255425781 0.391874723611 0.0468749666667 0.0250488117187
0 0.332407604688 0.0684374465278 0.0656249541667 0.0474609046875
0 0.469516885547 0.34499975625 0.0421874708333 0.0263671679687
1 0.175522946484 0.4610153 0.0304687277778 0.0263671695313
2 0.0502788917969 0.537187124306 0.0562499625 0.0421874695313
2 0.142563985156 0.538358997222 0.0492187166667 0.0527343390625
2 0.08653375 0.532499627083 0.0515624652778 0.0435058296875
2 0.317246482422 0.523124633333 0.0515624638889 0.0566894148438
2 0.397666348437 0.50906214375 0.0609374597222 0.101513603125
2 0.484018828516 0.509062140972 0.0515624625 0.0764647914063
2 0.566416232031 0.506718395139 0.0609374597222 0.098876884375
2 0.662656400781 0.502030897917 0.0562499625 0.0751464328125
2 0.785922917969 0.500859023611 0.0492187166667 0.0448241890625
2 0.737143654687 0.512577764583 0.105468676389 0.087011659375
2 0.857773453516 0.494999652083 0.0421874708333 0.0382323960937
2 0.0211843710938 0.539530872222 0.0656249555556 0.0423687421875
2 0.948081010156 0.524296506944 0.194531113889 0.102831960937
