1 0.317693264844 0.602542258333 0.0411864333333 0.0171610125
1 0.303535428125 0.610932085417 0.0610169375 0.0420444796875
2 0.346652475391 0.676271075694 0.0213559319444 0.0137288101563
2 0.329062437891 0.683135479167 0.0198305027778 0.0111546617187
2 0.312330448437 0.678559209028 0.0259321986111 0.0223093140625
2 0.286159904687 0.672457513194 0.0106779625 0.00772245625
2 0.271689363281 0.690762598611 0.0411864333333 0.042277128125
2 0.223093178906 0.689237173611 0.0869491361111 0.05663134375
2 0.146297641797 0.703728694444 0.112881336111 0.114120741406
2 0.0862340941406 0.715932082639 0.0549152430556 0.0214512664063
2 0.0407574070312 0.716186306944 0.151016919444 0.0815148140625
2 0.72004755 0.681101566667 0.047288125 0.0832309171875
5 0.909676751563 0.686440547222 0.0762711722222 0.035180078125
5 0.848183101953 0.688982952083 0.0823728625 0.0763665117187
2 0.444041228516 0.682626988194 0.0137288125 0.00772245390625
2 0.514830410156 0.685677835417 0.0198305069444 0.018877115625
2 0.429454368359 0.684915122917 0.0244067763889 0.0180190664062
2 0.474073003125 0.689491393056 0.0854237138889 0.0540571921875
2 0.380545476953 0.689491393056 0.073220325 0.0506249867188
