2 0.310419343359 0.616223401389 0.111355911111 0.0866631195312
2 0.349889675781 0.600969167361 0.0686440541667 0.031747875
2 0.355896029297 0.583426797917 0.0823728680556 0.0660699023438
2 0.391934157812 0.575036966667 0.0411864333333 0.0163029625
2 0.432262541797 0.564359003472 0.0228813513889 0.0128707617187
2 0.443846224609 0.560545445139 0.0213559291667 0.0137288101563
2 0.455429909375 0.561308154861 0.0198305041667 0.011154659375
2 0.465297491797 0.562833578472 0.0228813513889 0.0102966085938
2 0.476023125391 0.563596289583 0.0244067736111 0.0145868617187
2 0.485890708203 0.565121715278 0.0427118583333 0.0137288101562
2 0.500048544922 0.566647138889 0.0518643944444 0.0300317742187
2 0.534370572656 0.581901372917 0.0854237125 0.0574893953125
2 0.550673535156 0.600206453472 0.0884745597222 0.0780826109375
2 0.414243476172 0.573511544444 0.0594915166667 0.0368961789062
2 0.601236111719 0.545338879861 0.0289830458333 0.072934309375
2 0.981185743359 0.630557185417 0.0881590819444 0.0322063445312
0 0.177421487891 0.186053989583 0.0838982875 0.0180190632813
0 0.155970220313 0.187579411806 0.0930508291667 0.019735165625
0 0.195869576562 0.192155683333 0.0899999805556 0.0205932171875
0 0.798221158203 0.457579361111 0.0381355861111 0.0137288101562
0 0.832114159375 0.453765804167 0.0396610111111 0.019735165625
1 0.828252932813 0.334020064583 0.0198305069444 0.030889825
1 0.803369460938 0.356138703472 0.0213559319444 0.0154449125
1 0.803369461719 0.385121749306 0.0244067736111 0.0205932171875
