0 0.43723706875 0.393334008333 0.0349352972222 0.0077200765625
0 0.356878088672 0.401443985417 0.0311922291667 0.00842190234375
0 0.276519108984 0.458213843056 0.01746765 0.0105273773438
0 0.445132601953 0.389590939583 0.0274491597222 0.00772007890625
0 0.615325200391 0.420159322917 0.0262014736111 0.00561460234375
3 0.564477959375 0.525277134722 0.0474121888889 0.010527378125
3 0.546581418359 0.499699506944 0.0237060944444 0.00561460234375
3 0.55184510625 0.526524824306 0.0449168097222 0.0119310265625
3 0.582725413672 0.517167154167 0.0336876055556 0.00772007734375
3 0.264938994141 0.523717522222 0.0786044166667 0.00982555234375
0 0.451554319922 0.389902860417 0.0212107152778 0.00589535078125
1 0.267184832812 0.318160734028 0.0349352958333 0.02316023125
1 0.307188865625 0.354967563889 0.048659875 0.02877483125
1 0.429446815234 0.393770705556 0.0374306722222 0.0127732039062
1 0.361299600391 0.444925961111 0.0124768944444 0.0154401539062
1 0.685051554297 0.425586779167 0.0885859305556 0.0231602304687
1 0.673471439453 0.434320604167 0.0137245833333 0.0140365039062
1 0.620834552344 0.463017452778 0.0112292027778 0.015440153125
2 0.510156719141 0.495332595139 0.0199630263889 0.0133346773438
2 0.517876794922 0.503442575 0.02869685 0.0175456289062
2 0.492260177344 0.497827970833 0.00998150833333 0.0210547546875
2 0.583707985547 0.565203189583 0.102310515278 0.0343894320312
2 0.647433700391 0.559900506944 0.199630261111 0.129486739844
2 0.393723909375 0.505002183333 0.059889075 0.0652697390625
3 0.355474438672 0.498763739583 0.0224584041667 0.0126328539062
2 0.356878088672 0.561148196528 0.109796645833 0.0814117179687
2 0.457063628516 0.604505397222 0.329389936111 0.188089139844
2 0.769024907812 0.626963800694 0.306931531944 0.255464354688
