0 0.537643017578 0.313073961111 0.0165879083333 0.00789520546875
0 0.503191208984 0.319453925 0.0165879083333 0.00933069765625
1 0.280946285547 0.313985389583 0.0216918791667 0.0157904117187
1 0.364204819531 0.347799200694 0.0255198569444 0.01004844375
1 0.364204819531 0.316537375694 0.0242438652778 0.01004844375
2 0.513906128125 0.353832825 0.0114839361111 0.00574196875
2 0.508523032422 0.362126779861 0.0127599291667 0.00933069765625
2 0.500268953906 0.370420734028 0.0140359208333 0.0086129515625
2 0.494526985156 0.379990680556 0.0178639 0.01004844375
2 0.481248685547 0.388922629861 0.0255198569444 0.0150726648437
2 0.458280813281 0.399768569444 0.0472117361111 0.0366050453125
2 0.549434553906 0.356384811806 0.0191398930556 0.0064597140625
2 0.559124125 0.364678767361 0.0280718430556 0.0157904125
2 0.540821602344 0.348090856944 0.0127599277778 0.00789520625
2 0.532567523438 0.34617686875 0.0140359208333 0.0071774609375
2 0.525390063281 0.347452861806 0.0165879069444 0.007177459375
2 0.528619919922 0.383818658333 0.0357278 0.0193791429687
2 0.577785520703 0.374886708333 0.0433837583333 0.0272743476562
2 0.418804783594 0.420184456944 0.0650756361111 0.0624439015625
1 0.582091996094 0.315170239583 0.00765595694444 0.01004844375
