2 0.276955366797 0.500291218056 0.215084702778 0.184480897656
2 0.636907629297 0.511731894444 0.100677947222 0.0806567648437
2 0.866436187109 0.613172553472 0.385932131944 0.263421560156
2 0.446849401953 0.4804607125 0.0533898166667 0.0420444835938
2 0.382066575781 0.5048674875 0.0991525222222 0.0411864328125
2 0.473019948047 0.479698000694 0.0305084680556 0.0154449117188
2 0.515922482031 0.470545461806 0.0183050819444 0.0102966078125
2 0.524502989844 0.471308173611 0.0167796583333 0.0085805078125
2 0.530509344531 0.472070884722 0.0274576222222 0.0102966078125
2 0.539089849609 0.475884445833 0.0320338944444 0.0137288117188
2 0.546812307031 0.477409867361 0.0350847375 0.018877115625
2 0.558395992187 0.481986136111 0.0411864305556 0.018019065625
2 0.569979675 0.485036983333 0.0594915138889 0.02402541875
2 0.604301702344 0.490375965278 0.0884745611111 0.0652118515625
2 0.489669857422 0.469830419444 0.021355925 0.0188771164063
2 0.505114770313 0.470593130556 0.0259322 0.0154449109375
1 0.413303347266 0.401186363889 0.0152542361111 0.0102966085938
1 0.599071319922 0.414915175694 0.0152542347222 0.00772245546875
1 0.625241864844 0.424067715278 0.0244067777778 0.0068644046875
1 0.451057575781 0.428643986806 0.0152542347222 0.0068644046875
