2 0.514518808594 0.463040254167 0.0440990694444 0.0368085
2 0.323274648438 0.455216226389 0.051211825 0.0336077609375
2 0.046810809375 0.471575559028 0.186354143056 0.0920212484375
2 0.864199553906 0.56546390625 0.251791476389 0.270462453125
2 0.12642919375 0.460906429167 0.128029563889 0.070416259375
2 0.188043421484 0.458061327778 0.128029563889 0.0608140429687
2 0.224851921094 0.453793675694 0.0995785513889 0.04961145625
2 0.251258019141 0.452371123611 0.0910432444444 0.0224051742187
2 0.688959089062 0.512829529861 0.137987418056 0.144033259375
2 0.617742644141 0.484378515972 0.1266070125 0.0928214335938
2 0.486112249219 0.455927501389 0.0327186666667 0.0216049890625
2 0.471308830859 0.450237298611 0.0384088694444 0.0224051742187
2 0.347280191016 0.453793675694 0.0369863180556 0.0144033257813
2 0.365684441016 0.450948573611 0.0341412166667 0.0256059132812
2 0.384488782812 0.446680922222 0.0341412166667 0.01840425
1 0.708163523437 0.33927834375 0.0697049847222 0.017604065625
