0 0.0940689574219 0.412452029167 0.0207959 0.00877326953125
1 0.104304439453 0.301540561111 0.0381258194444 0.0136473101563
1 0.101867420312 0.374326213889 0.0346598361111 0.0107228875
1 0.141347137109 0.376059204167 0.00693196666667 0.0155969257812
1 0.139397521484 0.390789634028 0.0121309430556 0.00779846328125
1 0.844183594531 0.355263304167 0.0658536861111 0.0331434671875
0 0.222743592969 0.42544946875 0.0121309430556 0.0087732703125
2 0.167179544922 0.437580409722 0.015596925 0.0146221179687
2 0.151582620312 0.440179899306 0.0173299180556 0.012672503125
2 0.137447906641 0.440179899306 0.0173299180556 0.0116976929688
2 0.130624251562 0.441912890278 0.0277278666667 0.0077984625
2 0.116976941406 0.440179897222 0.0277278666667 0.0194961578125
2 0.0979681894531 0.434114426389 0.0190629111111 0.0126725023437
2 0.0794468394531 0.433247929861 0.0173299180556 0.0224205804688
2 0.0570262585938 0.440179897222 0.0277278666667 0.0243701953125
2 0.0302190433594 0.441912890278 0.0450577861111 0.0331434664063
2 0.0082858671875 0.436713915972 0.0450577847222 0.012672503125
2 0.205684455859 0.44364588125 0.0207958986111 0.00974807890625
2 0.216894745312 0.450577847917 0.0207958986111 0.0224205796875
2 0.231029458984 0.454910327778 0.0225288916667 0.0155969242188
2 0.187650510156 0.451444345139 0.0329268430556 0.0204709640625
2 0.244676769922 0.475706228472 0.0502567597222 0.0389923148438
2 0.085783090625 0.483793759722 0.0930034166667 0.081883859375
2 0.330947262891 0.528562478472 0.128241390278 0.104304439844
