0 0.476560636328 0.177932295139 0.0571342236111 0.0165281148437
0 0.564710581641 0.167321652778 0.0391777527778 0.0183645726562
0 0.120747058594 0.313422023611 0.0310157194444 0.0192828
0 0.0564710582031 0.0824365229167 0.0652962569444 0.0247921726562
0 0.139570744922 0.313422024306 0.0212212847222 0.0128552007812
1 0.188236860547 0.27342806875 0.0440749736111 0.0183645726563
1 0.189614202734 0.317503040278 0.044074975 0.0229557148437
1 0.543438294531 0.364026621528 0.0261185013889 0.010100515625
1 0.133143144531 0.381983091667 0.0261185027778 0.009182284375
1 0.612917580859 0.320767852778 0.0179564694444 0.00642760078125
1 0.613376694922 0.339540526389 0.01305925 0.00734582890625
1 0.634955067187 0.346886354861 0.0506045986111 0.0284650859375
1 0.600980610156 0.346886355556 0.0277509083333 0.0192828
1 0.600521494531 0.3681076375 0.0114268444444 0.0146916578125
1 0.603735295703 0.137938338889 0.0342805333333 0.0192828007812
1 0.523390293359 0.147732775694 0.0277509069444 0.0477478851563
1 0.522931180078 0.374637265278 0.0212212833333 0.00826405859375
2 0.422306033984 0.416377831944 0.0377737583333 0.0218792554688
2 0.265368061328 0.434709822917 0.0734582875 0.0863134867187
2 0.379687520312 0.430628806944 0.0718258805556 0.0725400578125
2 0.46416455 0.403694101389 0.0179564694444 0.013773428125
2 0.444881750391 0.407775116667 0.0261185 0.0192828007812
2 0.478856206641 0.408591320139 0.0179564708333 0.0137734289063
2 0.494466093359 0.410611045833 0.0323048027778 0.0156098867187
3 0.693721696875 0.424915385417 0.0767231013889 0.0156098859375
3 0.711753410937 0.424752141667 0.0718258805556 0.0183645734375
2 0.935725929297 0.674608936111 0.248125769444 0.125797316406
0 0.444722367969 0.361303715278 0.0187027805556 0.009563921875
0 0.467197584375 0.366404473611 0.015302275 0.0086075296875
