0 0.448685978516 0.447689765972 0.0249486541667 0.0584734117187
0 0.516904959766 0.447689764583 0.0277207263889 0.0327451101563
0 0.0467787300781 0.452540894444 0.0346509111111 0.0187114914063
0 0.546141664844 0.451847875 0.0138603638889 0.021050428125
0 0.582785004297 0.462936166667 0.0138603638889 0.0226097195312
0 0.612801355078 0.460857111806 0.0207905458333 0.0327451117188
0 0.595649154688 0.373536815972 0.0623716375 0.07016809375
0 0.511447440625 0.3728438 0.069301825 0.085761003125
0 0.459211192969 0.492874561111 0.0110882916667 0.0062371625
2 0.092387990625 0.489963875 0.0401950527778 0.049117665625
2 0.192572435938 0.487884821528 0.0443531652778 0.045219440625
2 0.349281178906 0.503131222917 0.0277207291667 0.0233893640625
0 0.521193009766 0.472638420833 0.0166324361111 0.0101353914062
