1 0.724853739844 0.423816452778 0.0453650111111 0.07215383125
0 0.463192394531 0.475550450694 0.0187717291667 0.008799246875
0 0.427995404687 0.504490196528 0.0140787986111 0.0070393984375
0 0.486070438672 0.527172703472 0.0156431097222 0.0105590976563
2 0.502657021484 0.544380119444 0.0469293194444 0.0281575929687
2 0.467460030469 0.535776411111 0.0610081166667 0.02463789375
2 0.412904694922 0.562369693056 0.114194680556 0.0915121757812
2 0.679081935156 0.582705733333 0.104808816667 0.0607148078125
2 0.583610100391 0.581923577778 0.259675575 0.154866760156
2 0.933380192578 0.622595652778 0.250289711111 0.130228864844
2 0.160806251172 0.5983488375 0.517786838889 0.319412688281
