0 0.541567565625 0.557964563194 0.0195652236111 0.0090044484375
0 0.618105380469 0.506383522222 0.02667985 0.0080039546875
8 0.596094505078 0.615770902778 0.0284585055556 0.0120059320312
6 0.592092529297 0.592648365278 0.0426877555556 0.0100049429688
2 0.600096484375 0.58642306875 0.0444664152778 0.0240118640625
2 0.624608595313 0.599762993056 0.0640316361111 0.0330163125
2 0.655623918359 0.621996199306 0.115612676389 0.0530261992188
2 0.728983266016 0.673879799306 0.230051815278 0.152429107031
1 0.719155308203 0.517055461806 0.0444664152778 0.0200098867188
1 0.761676317188 0.532174041667 0.0426877555556 0.02101038125
1 0.762176565234 0.502826209028 0.0160079097222 0.0100049445313
2 0.510051994922 0.597095008333 0.02667985 0.0180088992187
2 0.435515167187 0.604209631944 0.0764822333333 0.0590291640625
2 0.376486001953 0.6184388875 0.0480237277778 0.0230113695313
3 0.233915559766 0.607766947917 0.0266798486111 0.0120059320312
3 0.187892821875 0.618438886111 0.0693676055556 0.022010875
7 0.114856735937 0.651344031944 0.060474325 0.0340168078125
6 0.115356981641 0.627332170139 0.0586956680556 0.0170084039063
7 0.0621441183594 0.656204479861 0.0720973069444 0.0421874710937
2 0.251961323047 0.630728907639 0.0726037680556 0.0579549429687
2 0.308452388281 0.626442840972 0.0924901458333 0.0770380625
2 0.547070283984 0.63088948125 0.115612679167 0.0820405335938
2 0.87557129375 0.697499520139 0.5999995875 0.247851392187
