1 0.607305288281 0.277278676389 0.0346598361111 0.054589240625
0 0.560514511328 0.256482775694 0.0346598347222 0.00974807890625
0 0.549304220703 0.272946197222 0.0433247944444 0.0165717320312
0 0.537119123047 0.2538832875 0.0329268444444 0.00974807890625
0 0.670667798047 0.388190145139 0.0277278680556 0.0116976945313
0 0.683340300391 0.386457154861 0.0311938513889 0.0116976945312
0 0.415755546875 0.436713913889 0.0138639333333 0.0048740390625
2 0.380175059375 0.464441783333 0.0138639361111 0.01169769375
2 0.367502558203 0.464441783333 0.0138639361111 0.0116976945313
2 0.357754479297 0.468774261806 0.0155969263889 0.00974807890625
2 0.34703159375 0.471373750694 0.0173299180556 0.01169769375
2 0.321686589844 0.469640757639 0.0242618847222 0.025345003125
2 0.248088596875 0.474839734028 0.0589217180556 0.055564046875
2 0.300728221484 0.472240245833 0.036392825 0.0282694273437
2 0.169616566016 0.491303155556 0.0745186444444 0.109178478906
2 0.0380175058594 0.454910327778 0.247817816667 0.0760350117188
2 0.418192565234 0.458376311111 0.0225288916667 0.0175465414062
2 0.462546322656 0.453177336806 0.0155969236111 0.0087732703125
2 0.441587954297 0.455776823611 0.0173299166667 0.0136473101563
2 0.536144315234 0.467041270139 0.0329268430556 0.0311938507813
2 0.515673350391 0.462708790278 0.03119385 0.0175465414063
2 0.936966325391 0.562948466667 0.301195358333 0.122024458594
