2 0.242432161719 0.290754986111 0.0112188416667 0.0220870953125
2 0.303434614453 0.297299311111 0.0355263333333 0.0199835617187
0 0.157764963281 0.230921163889 0.0224376861111 0.006310596875
0 0.153032016406 0.231856064583 0.0205678763889 0.0073623671875
5 0.332358191797 0.295429504167 0.0617036305556 0.0420706570312
0 0.453837214453 0.28608046875 0.0168282625 0.00736236484375
0 0.472243126562 0.288885179861 0.0149584569444 0.0063105984375
2 0.452785448047 0.307583248611 0.0112188416667 0.0136729648438
2 0.475924308203 0.314127574306 0.0243074930556 0.00946589765625
2 0.489071390625 0.318802090278 0.0261772972222 0.0147247328125
1 0.539556177344 0.215962708333 0.033656525 0.0546918546875
0 0.508529069141 0.313192669444 0.0149584555556 0.00736236640625
0 0.522727914844 0.30945305625 0.0149584569444 0.00841413125
2 0.559013857031 0.328151125694 0.0411357541667 0.0347082921875
1 0.763415103906 0.03464189375 0.0674139791667 0.061719571875
2 0.394938294531 0.366482169444 0.203808961111 0.129367271875
3 0.628956323828 0.352458618056 0.0486149833333 0.0115694304687
2 0.213030590234 0.291308207639 0.0228813513889 0.0171610132812
