0 0.242118537891 0.384213982639 0.0556701125 0.0110411195312
0 0.625152046094 0.434729452083 0.0494845430556 0.0081185578125
0 0.617033486719 0.432667595139 0.0494845430556 0.0104381453125
0 0.738231961719 0.539884109028 0.0329896958333 0.011597940625
0 0.255177758203 0.568750093056 0.0247422694444 0.00811855859375
0 0.479597898438 0.559471742361 0.0185567013889 0.006958765625
0 0.550902152734 0.559450254167 0.01649485 0.00695876328125
0 0.241396621484 0.568453702083 0.0185567041667 0.00927835234375
0 0.752285880859 0.540618645833 0.01649485 0.00811855859375
1 0.728930532422 0.4934708625 0.0123711361111 0.0220360851562
1 0.741688266797 0.478006940278 0.0185567027778 0.0150773210937
1 0.724291357031 0.418213118056 0.043298975 0.0289948515625
1 0.679639286328 0.449140956944 0.0391752638889 0.0255154679688
1 0.212242303906 0.474914157639 0.0206185597222 0.0255154703125
0 0.960332514453 0.492461422917 0.0329896958333 0.0359536148438
0 0.808399498438 0.537822254167 0.0329896972222 0.0081185578125
2 0.491172761328 0.61163485625 0.0226804152778 0.0127577335937
2 0.519587714453 0.610603929167 0.01649485 0.00927835234375
2 0.668621244141 0.607511146528 0.0515464013889 0.0405927898437
2 0.553221740234 0.621944136806 0.0721649597222 0.0463917617188
2 0.441881515234 0.621944135417 0.0309278402778 0.0185567039063
2 0.422744914062 0.625036920139 0.0371134097222 0.042912378125
2 0.400708829297 0.630191561111 0.0391752638889 0.0359536148437
2 0.372293875781 0.629160632639 0.0536082569444 0.0463917609375
2 0.335180467578 0.637408055556 0.0577319694444 0.0463917617188
2 0.504669860547 0.621031030556 0.0329896972222 0.0255154679688
2 0.612530703906 0.636127681944 0.167744872222 0.10670105
2 0.789979186719 0.684948566667 0.202061888889 0.201804157812
2 0.214721358594 0.721031046528 0.265979426389 0.269072207812
3 0.891324770313 0.6275129875 0.0927835194444 0.0231958796875
2 0.0182782949219 0.731636719444 0.127835075 0.0365565898438
2 0.477278310156 0.612049070139 0.0247422736111 0.0208762921875
0 0.231401982422 0.381121197917 0.0536082569444 0.00695876484375
