1 0.482042479687 0.162901222222 0.0693196694444 0.032168659375
1 0.515673350391 0.29200910625 0.0363928263889 0.0233953882813
3 0.204222243359 0.602214624306 0.272079701389 0.0633625085938
3 0.565388550391 0.532028459722 0.142105322222 0.0311938507813
3 0.549791625 0.523363500694 0.124775404167 0.01169769375
3 0.387973523047 0.531161963889 0.150770280556 0.0311938523437
3 0.663356739453 0.530295468056 0.138639338889 0.0302190445313
2 0.65458346875 0.509499566667 0.152503269444 0.0906571296875
2 0.980169289062 0.54329290625 0.0987805291667 0.03801750625
2 0.9333785125 0.522497004861 0.1126444625 0.104304439062
2 0.869528598437 0.509499568056 0.0901155722222 0.0487403921875
2 0.814939359375 0.4947691375 0.0710526611111 0.0545892390625
2 0.787157335156 0.493036145833 0.0571887277778 0.0399671203125
2 0.765711562891 0.493036146528 0.0467907763889 0.0302190429688
2 0.745240598047 0.492169650694 0.0346598347222 0.0243701960937
2 0.730618480078 0.490436657639 0.0311938486111 0.0204709632813
2 0.699424629297 0.488703666667 0.0693196694444 0.0263198117187
0 0.0570262589844 0.341399370139 0.0935815541667 0.0536144320313
1 0.0199835609375 0.226155420139 0.0537227430556 0.036067890625
1 0.0258324078125 0.1282413875 0.0554557361111 0.04581596875
