1 0.107238875 0.374930591667 0.145979633333 0.0912372703125
0 0.14759381875 0.145979628472 0.232070179167 0.0498295828125
0 0.0374072722656 0.127888139583 0.238308629167 0.0736916414062
1 0.312171817969 0.383664415278 0.0561460083333 0.011229203125
1 0.434991219141 0.369939834028 0.0361829875 0.0196511039063
1 0.492540881641 0.388655170139 0.0212107152778 0.0126328523438
0 0.682384584375 0.313169977083 0.0673752125 0.016141978125
0 0.692210135938 0.318784580556 0.0511552555556 0.0077200765625
0 0.536755866016 0.477241101389 0.0810997944444 0.0112292023437
2 0.561319746094 0.635822395139 0.184657995833 0.0547423609375
2 0.572198036719 0.577181006944 0.0324399194444 0.014738328125
2 0.590796402344 0.575309472222 0.0237060944444 0.0196511046875
2 0.606236555859 0.565327959722 0.0162199583333 0.0154401539063
2 0.6357132125 0.586538672917 0.0361829819444 0.0252657046875
2 0.678000693359 0.582581715278 0.0311922277778 0.0210547539062
2 0.693089935547 0.587572474306 0.0311922291667 0.0343894320312
2 0.719929086719 0.597401067361 0.0358771458333 0.036857140625
2 0.74947825 0.601633342361 0.0468370708333 0.041324128125
2 0.802073358203 0.614397789583 0.0623844569444 0.0610587851562
2 0.656795553125 0.596930142361 0.0499075652778 0.040004034375
3 0.855762982422 0.591404669444 0.0524029444444 0.0140365023438
3 0.869097661328 0.611545940278 0.0848428638889 0.0126328554687
1 0.869448572656 0.497827983333 0.0274491611111 0.013334678125
7 0.887345114063 0.605485731944 0.0399260527778 0.015440153125
7 0.899627055859 0.608604954167 0.0386783638889 0.0231602304687
7 0.923489109766 0.614219554167 0.0449168083333 0.0259675304687
7 0.943491126563 0.6148434 0.0411737416667 0.0182474546875
7 0.961036754297 0.617962622917 0.0424214319444 0.0168438039062
2 0.423200587109 0.649326509722 0.440434272222 0.266693555469
0 0.0622869808594 0.505937952778 0.0324399194444 0.00912372421875
