3 0.127999918359 0.833469907639 0.0776180402778 0.0101353914063
3 0.113186654297 0.836241980556 0.0831621861111 0.0116946820313
2 0.156456978516 0.851488379861 0.0360369458333 0.0327451101562
2 0.170490598047 0.851488379861 0.0304928013889 0.0202707835938
2 0.0944751628906 0.852874415972 0.0304928013889 0.0210504289063
2 0.225845427344 0.85010234375 0.0332648736111 0.0187114921875
2 0.257810893359 0.848023291667 0.0374229833333 0.0608123476563
2 0.664915782422 0.81960954375 0.108110840278 0.0865406492187
2 0.696491425 0.828618779861 0.142761751389 0.124743279688
2 0.740541394922 0.836934997222 0.167710408333 0.120845050781
2 0.860996623828 0.876437036806 0.2411703375 0.277553794531
2 0.921419148047 0.916632092361 0.163552298611 0.156708742969
0 0.680378748047 0.636652735417 0.0332648736111 0.00935574609375
0 0.649192928516 0.640117826389 0.0374229833333 0.0109150367188
0 0.126440627344 0.708726629167 0.0360369472222 0.0163725546875
0 0.582143416406 0.773177325694 0.0235626208333 0.0046778734375
1 0.711564568359 0.737833394444 0.0360369472222 0.0109150367188
1 0.595007566016 0.785651652083 0.00970225416667 0.0132539710937
1 0.633210195703 0.775256377083 0.0166324347222 0.00857610078125
2 0.304979444141 0.856339510417 0.0180184736111 0.0257283007813
2 0.332656859375 0.839707071528 0.0291067652778 0.0233893640625
2 0.441417404688 0.820302561111 0.311858197222 0.1707423625
5 0.495992590625 0.748921688194 0.246714484722 0.0974556859375
2 0.544330608594 0.823767652778 0.0582135305556 0.010135390625
0 0.549398305859 0.753772814583 0.0235626180556 0.00467787265625
1 0.718581376953 0.704568520139 0.0138603625 0.0124743273437
1 0.589160225391 0.796046924306 0.0138603652778 0.00623716328125
