2 0.457418925781 0.4050001125 0.0191338638889 0.0107627984375
2 0.446656127344 0.402874127778 0.0276378027778 0.017937996875
2 0.486717654688 0.408189089583 0.0170078791667 0.0071751984375
2 0.495088719922 0.407126097222 0.0191338638889 0.00956693203125
2 0.364619698437 0.401811135417 0.0255118180556 0.017937996875
2 0.344289968359 0.403937120139 0.0340157569444 0.0298966632812
2 0.0693602558594 0.423070983333 0.182834697222 0.138720511719
2 0.407192534766 0.433700907639 0.119055151389 0.0849065195312
2 0.472367257031 0.406063103472 0.0425196930556 0.0239173296875
2 0.503459785938 0.407126097222 0.0276378027778 0.019133865625
1 0.446656126953 0.370984354167 0.0191338611111 0.00837106328125
1 0.524387448438 0.390118218056 0.0148818944444 0.01315453125
