1 0.0455016496094 0.108639930556 0.1035582 0.0540405367187
1 0.0247978070313 0.219060420139 0.0174676458333 0.03088030625
1 0.0637491027344 0.337590890972 0.0224584069444 0.0217565789063
2 0.661704130859 0.48668974375 0.108548954167 0.0582514867188
2 0.414661679297 0.497295103472 0.0798521069444 0.0610587898437
2 0.550815757422 0.502285858333 0.3219038 0.198616517969
3 0.365036795312 0.510572227778 0.0461645 0.011931028125
3 0.355913068359 0.505759715278 0.048659875 0.0105273773437
3 0.347140253906 0.505135871528 0.0474121875 0.0070182515625
3 0.0116678316406 0.538823479167 0.13225505 0.0210547539062
