1 0.409906698828 0.165847303472 0.0190629097222 0.0126725007813
1 0.6258266375 0.255096376389 0.01039795 0.0194961578125
1 0.927042261328 0.257695863889 0.0121309416667 0.0155969257813
1 0.300728220703 0.250763897917 0.0190629097222 0.0224205804688
1 0.288543122266 0.26722731875 0.0103979513889 0.0136473101563
0 0.390410542578 0.158048839583 0.0415918013889 0.0107228867188
0 0.475218825 0.167580295139 0.0329268430556 0.0087732703125
2 0.161776439062 0.302848959028 0.0485112736111 0.07874419375
2 0.332896879297 0.346078442361 0.150770279167 0.100405208594
2 0.7998298375 0.583498309722 0.455776825 0.398696409375
5 0.586346919531 0.391136227778 0.24088585 0.1939867625
2 0.389435734375 0.330481516667 0.0710526611111 0.0419167375
2 0.418192566016 0.319217069444 0.0381258166667 0.0272946195312
2 0.501051232813 0.348677930556 0.131707372222 0.0467907765625
2 0.411368911328 0.287156723611 0.015596925 0.0233953882813
2 0.448411608984 0.289756211111 0.0138639333333 0.0194961570312
2 0.629238464453 0.184043715972 0.0311938513889 0.0555640476563
2 0.494714982031 0.197041154167 0.015596925 0.024370196875
2 0.89536100625 0.339146475 0.0883825777778 0.180339451562
2 0.816401570703 0.327882029167 0.0762516361111 0.156944063281
2 0.779846276953 0.319217070833 0.0485237694444 0.0701861648438
