2 0.395831803516 0.643110413889 0.0276378027778 0.0143503992188
2 0.377893805859 0.644173408333 0.0297637916667 0.0143503976563
2 0.365337207813 0.640984429167 0.0488976527778 0.0155462640625
2 0.435295395703 0.652677345833 0.0297637861111 0.0119586648438
2 0.449645794141 0.656220667361 0.0425196986111 0.0191338632813
2 0.659520360156 0.692362408333 0.0340157555556 0.020329728125
2 0.612283634375 0.67854350625 0.0616535597222 0.0741437234375
2 0.0430511933594 0.631771841667 0.0786614388889 0.0741437226562
5 0.331055713672 0.620787572917 0.127559093056 0.0609891898438
3 0.244554692969 0.648071067361 0.0659055291667 0.0155462640625
2 0.414168434375 0.642047419444 0.0297637861111 0.0143503984375
2 0.466387924609 0.667204934722 0.0616535638889 0.0310925304688
2 0.300162483984 0.653386029167 0.0892913611111 0.0669685210938
2 0.146493642969 0.681023832639 0.140314998611 0.156658507812
2 0.0107627980469 0.649134057639 0.0637795458333 0.0215255960937
1 0.2296063625 0.575433241667 0.0212598444444 0.014350396875
1 0.432903664063 0.42661430625 0.0297637958333 0.0191338625
1 0.590359420703 0.504212747222 0.0148818944444 0.0263090617187
1 0.552689626953 0.5392915 0.0127559111111 0.0155462664063
1 0.540730963672 0.556299377778 0.0127559111111 0.0227214617188
1 0.546710294922 0.577559228472 0.0255118180556 0.0179379960938
1 0.494690105469 0.625039543056 0.0170078805556 0.0095669328125
1 0.0298966628906 0.479409580556 0.0574015888889 0.0310925273437
0 0.205689032422 0.426968629861 0.0531496236111 0.0143503976562
0 0.389852470703 0.437598554167 0.0488976527778 0.00956693203125
0 0.222630480469 0.427322952778 0.0552756055556 0.017937996875
0 0.404402184766 0.435826894444 0.0552756111111 0.0147490320312
0 0.380285537109 0.437952875694 0.0467716652778 0.00956693203125
0 0.00657726523437 0.524409607639 0.0425196986111 0.0131545304687
0 0.493494236719 0.643110413889 0.0233858333333 0.0095669328125
0 0.588530733203 0.58464583125 0.0297637875 0.0143503976563
