1 0.429194842188 0.464322202778 0.0221765833333 0.0132539734375
1 0.454923142969 0.47541049375 0.0332648736111 0.0397619203125
1 0.484939494531 0.493428968056 0.0138603638889 0.0077964546875
1 0.490007190234 0.511447441667 0.0110882916667 0.00389822734375
1 0.566412448437 0.433136383333 0.00970225555556 0.0116946828125
1 0.354270905469 0.471252384028 0.0221765819444 0.0483380203125
1 0.400269989844 0.472638420833 0.0221765833333 0.04210085625
5 0.192962258984 0.486498786806 0.0859342597222 0.0787441945312
2 0.481431089844 0.5322379875 0.0221765833333 0.0132539734375
2 0.494295240625 0.535010063194 0.0138603708333 0.012474328125
2 0.583564648828 0.535703078472 0.0318788375 0.0116946820313
2 0.633461960156 0.551642497917 0.0803901125 0.0678291578125
2 0.772394796094 0.577977186806 0.230082040278 0.244340915625
2 0.53912485625 0.546791370139 0.117813095833 0.0756256125
2 0.428337227734 0.554414570139 0.163552298611 0.110709660156
2 0.938615223828 0.575898134722 0.173254552778 0.122404341406
2 0.244418860937 0.52114969375 0.0277207236111 0.0194911375
2 0.494685063281 0.550949479167 0.0124743277778 0.0132539734375
