1 0.222793409375 0.0277492375 0.03884895 0.0587286890625
1 0.200940873047 0.0908787847222 0.0291367138889 0.0396077210938
1 0.227573650781 0.168576690278 0.0922662611111 0.0382419375
1 0.221427623828 0.226850117361 0.0291367125 0.0177551851563
1 0.257620886719 0.259628920833 0.0752698472222 0.062826040625
1 0.309520658594 0.275411307639 0.0679856680556 0.040973503125
1 0.386004534766 0.251130714583 0.0679856652778 0.0382419367188
1 0.428343821875 0.25598683125 0.0679856680556 0.0355103703125
1 0.256255104688 0.323972497917 0.0291367125 0.0218525359375
1 0.360737540625 0.317902352083 0.0315647736111 0.0122920515625
1 0.447464791406 0.299691902083 0.0291367152778 0.0163894015625
1 0.339567896094 0.319960641667 0.021113 0.0163894015625
1 0.446781898047 0.390744134028 0.0267086541667 0.00682891640625
1 0.866760316797 0.235348324306 0.0704137263889 0.0300472351563
2 0.0356810726562 0.425950999306 0.135971331944 0.06965495625
2 0.890661526562 0.512147109028 0.250090131944 0.217159571875
0 0.386687425781 0.362821451389 0.0194244777778 0.006828915625
1 0.339754746094 0.344482654167 0.0139655138889 0.0117834015625
1 0.211970304297 0.337499897917 0.0279310263889 0.00916486796875
1 0.228990773047 0.0663361868056 0.0395689541667 0.0274946039063
