0 0.542711477344 0.496059790972 0.0280471041667 0.00841413125
0 0.594773916016 0.489515467361 0.0299169125 0.0115694320313
0 0.503796119531 0.496994694444 0.0261772972222 0.00841413125
0 0.419654805469 0.537195545833 0.0205678777778 0.00841413125
0 0.397041826953 0.51475786875 0.0168282625 0.00525883203125
1 0.561117389844 0.477361728472 0.0317867180556 0.0262941609375
1 0.516417316797 0.49138528125 0.0261772986111 0.0147247304688
1 0.51536555 0.516627675694 0.0205678763889 0.0147247296875
1 0.516417317187 0.533455938194 0.0168282625 0.010517665625
1 0.425965403906 0.548414395139 0.0168282652778 0.0105176640625
1 0.419654805469 0.568982271528 0.0243074902778 0.00841413125
1 0.470139593359 0.541870070139 0.0112188430556 0.0105176632813
1 0.547444426172 0.540935165972 0.0243074902778 0.00736236484375
1 0.544289126562 0.548414395139 0.0243074930556 0.009465896875
0 0.455940747266 0.507278635417 0.0205678763889 0.00736236484375
2 0.202465037891 0.601703893056 0.123407261111 0.0704683507812
2 0.262941607422 0.626011384028 0.0747922791667 0.0546918539062
2 0.417025389063 0.594224665278 0.0224376833333 0.0136729640625
2 0.403878308594 0.599834086806 0.0486149819444 0.0189317953125
2 0.738865916406 0.603573700694 0.0560942097222 0.0389153578125
2 0.807230734375 0.596094472917 0.100969579167 0.0957107453125
2 0.508529068359 0.60170389375 0.0523545958333 0.0199835617187
2 0.528512630469 0.596094472917 0.0673130513889 0.0262941609375
2 0.447000732422 0.593289761111 0.0467451722222 0.0231388617188
2 0.476976075781 0.598899183333 0.046745175 0.024190628125
2 0.625801025391 0.695194242361 0.340304870833 0.254527475781
2 0.892423815234 0.6073133125 0.112188416667 0.127263738281
2 0.151980249219 0.640969840278 0.138365716667 0.131470804687
2 0.0851930804688 0.622271770833 0.0486149833333 0.0231388609375
2 0.0431224234375 0.647327172917 0.175761856944 0.086244846875
5 0.342349972656 0.568982271528 0.226246645833 0.108331942188
1 0.963418048828 0.215027803472 0.0990997708333 0.0704683507812
