2 0.527377114844 0.378425302083 0.0170078791667 0.00956693125
2 0.514222583594 0.382677271528 0.0340157541667 0.0191338640625
2 0.477150722656 0.393307195139 0.0680315152778 0.047834659375
2 0.456820992969 0.40925208125 0.0701574986111 0.052618125
2 0.383873137891 0.427322952778 0.136063030556 0.107627982031
2 0.541249172266 0.377362311111 0.0148818972222 0.00956693203125
2 0.582506566016 0.374173331944 0.0340157611111 0.0155462632812
2 0.628547425391 0.420944999306 0.110551209722 0.0861023851562
2 0.835671512891 0.420944999306 0.110551209722 0.0932775851563
2 0.918784233203 0.441141854167 0.138189013889 0.139916377344
3 0.557273776172 0.382677271528 0.0340157541667 0.0119586648438
3 0.284616220703 0.425551299306 0.150944926389 0.0358759945313
3 0.199111767578 0.394724520139 0.0935433347222 0.0298966601562
7 0.0502263921875 0.442559179167 0.138189013889 0.0334842625
3 0.0922207984375 0.414868745833 0.132756297222 0.02839769375
