1 0.0575406316406 0.385516439583 0.0291217458333 0.0409524570313
1 0.0405746136719 0.357434757639 0.0187211236111 0.0280816835937
1 0.23597633125 0.450000309028 0.0249614958333 0.0140408421875
1 0.7250656625 0.350154318056 0.0332819944444 0.060843646875
1 0.726235733203 0.421918622222 0.106086361111 0.0491429492187
6 0.491636663672 0.593528917361 0.128967734722 0.0409524554687
8 0.489296523437 0.621610599306 0.118567109722 0.0456327359375
2 0.33894250625 0.522804673611 0.0332819944444 0.0374422453125
2 0.300330191797 0.555046606944 0.0852851138889 0.0678640710938
2 0.423772594531 0.537365548611 0.0166409972222 0.0105306328125
2 0.431963085547 0.540485734028 0.0270416236111 0.0152109132812
2 0.447173996875 0.543605921528 0.0457627458333 0.029251753125
2 0.482276102344 0.557126732639 0.0769646180556 0.059673578125
3 0.550140172266 0.56960748125 0.0769646180556 0.0175510523438
2 0.3588337 0.558166795139 0.0707242402778 0.0585035078125
2 0.391010629687 0.533205295833 0.0249614944444 0.019891190625
2 0.824521626172 0.76721933125 0.434746070833 0.348680910156
2 0.812820924609 0.543605920833 0.0540832444444 0.119347157031
