2 0.105279247656 0.59268316875 0.0693196652778 0.122825789062
2 0.175465412109 0.575353254861 0.0311938513889 0.0194961570313
2 0.228592439844 0.578819236806 0.0415918013889 0.03801750625
2 0.253937444141 0.578819236806 0.0277278680556 0.0224205804687
2 0.378712848047 0.573620260417 0.0242618819444 0.0282694273437
2 0.488378730859 0.570154277083 0.0242618819444 0.0136473101563
2 0.504950464453 0.573620261806 0.0450577847222 0.0233953882813
2 0.521522197266 0.577086245139 0.0450577847222 0.0194961570312
2 0.557102684766 0.577952740278 0.0814506111111 0.0516648179688
2 0.435251701953 0.590083682639 0.178498148611 0.104304438281
2 0.171566180469 0.614345566667 0.0745186444444 0.0994304015625
3 0.200810416016 0.568421285417 0.0207958986111 0.0175465414062
2 0.280744659766 0.591816674306 0.0537227430556 0.0467907757813
2 0.306089664453 0.587484194444 0.05198975 0.0136473101562
2 0.329485052344 0.5840182125 0.0381258194444 0.0233953890625
2 0.344594572656 0.576219749306 0.0433247930556 0.01657173125
1 0.979681885547 0.262548245139 0.0779846236111 0.0389923148438
1 0.610229711328 0.506033584028 0.0242618847222 0.0116976945313
1 0.970421211328 0.350064329167 0.0415918027778 0.0263198117187
2 0.971396019531 0.599615136806 0.0554557347222 0.0516648171875
2 0.918756394141 0.588350690972 0.0467907763889 0.0926067460937
2 0.869528597656 0.587484195833 0.0450577861111 0.081883859375
2 0.829561476563 0.5840182125 0.0381258194444 0.0604380859375
2 0.791056566797 0.578819236806 0.0415918013889 0.0536144335938
2 0.754013867969 0.571020774306 0.0433247930556 0.0575136625
2 0.727206653125 0.572753764583 0.0294608569444 0.0467907765625
2 0.713559342578 0.569287781944 0.0259948722222 0.0409419289062
2 0.692600974219 0.571020772222 0.0259948722222 0.032168659375
2 0.673104816797 0.567554791667 0.0225288916667 0.0204709648437
2 0.657507891797 0.569287783333 0.0190629083333 0.0146221179688
