2 0.00569620039063 0.529957591667 0.0303797333333 0.0113924007813
2 0.0237341679688 0.536286702083 0.0523206541667 0.0303797359375
1 0.270094828125 0.439240327778 0.0776370972222 0.038924034375
1 0.784888921484 0.375949215278 0.0489451277778 0.0218354335937
1 0.781091455469 0.424894342361 0.0421940763889 0.0351265671875
1 0.793433222266 0.475527234028 0.106329070833 0.0503164351562
2 0.890743309766 0.643459656944 0.0236286833333 0.0151898679688
2 0.709651611328 0.613079920833 0.0168776305556 0.0161392335938
2 0.727214895703 0.617299327778 0.0185653944444 0.0208860664062
2 0.676423775781 0.600421697917 0.0286919708333 0.027531634375
2 0.634651642188 0.605484986111 0.0219409166667 0.0370253015625
