2 0.441274728125 0.434338701389 0.053149625 0.0334842609375
2 0.414367732812 0.438590670833 0.0361417416667 0.0251131953125
2 0.382079337891 0.452409572222 0.0637795444444 0.0585974570313
2 0.529768847266 0.437527677778 0.0425196972222 0.0382677257812
2 0.483130054688 0.44922059375 0.0829134097222 0.0526181234375
2 0.589861137891 0.466122175694 0.0722834819444 0.0693602554687
2 0.0826792148437 0.577842669444 0.301889847222 0.165029573437
2 0.753395878125 0.514488331944 0.282755983333 0.21645183125
0 0.433900230859 0.36496073125 0.0170078791667 0.0131545304688
0 0.497081836328 0.3638977375 0.0191338638889 0.0119586632812
1 0.773327010156 0.153070909028 0.0680315152778 0.040659459375
1 0.772729077344 0.19877958125 0.0233858291667 0.0418553265625
1 0.782938559375 0.2525486125 0.0648126333333 0.029343525
