2 0.431189160547 0.5093104125 0.02465365 0.0148240710938
2 0.413256817188 0.512285853472 0.0323047847222 0.0248661828125
2 0.4079966625 0.515686358333 0.0340050333333 0.0248661828125
2 0.392455301172 0.519086860417 0.0442065458333 0.0224752023437
2 0.377870329688 0.516111422917 0.0467569236111 0.0239097890625
2 0.357547007031 0.522062301389 0.0552581805556 0.02916994375
2 0.337558413281 0.528438245139 0.0561083069444 0.0406466421875
2 0.303845609766 0.532688875694 0.0680100680556 0.0487759726562
2 0.259564689453 0.541190131944 0.0884130888889 0.0669474132813
2 0.529506205469 0.511010665278 0.0246536472222 0.010998503125
2 0.539309219531 0.514411168056 0.0280541527778 0.01625865625
2 0.542656589062 0.516961546528 0.0280541541667 0.0133894828125
2 0.548155842578 0.521212175694 0.0348551597222 0.0129112882812
2 0.561545324219 0.522062303472 0.0450566708333 0.025344378125
2 0.570870140625 0.530988624306 0.0476070486111 0.02199700625
2 0.582585939453 0.533964063194 0.0569584319444 0.0205624195312
2 0.595019029297 0.541190134028 0.0629093180556 0.0339519023438
2 0.628110184766 0.540765070833 0.0892632194444 0.0597744757813
2 0.172455337891 0.550711554167 0.115617119444 0.132460236719
2 0.462146353906 0.498878160417 0.0135534458333 0.0090857203125
2 0.493942115234 0.530357098611 0.0884130888889 0.0569053023438
2 0.447796220703 0.513779646528 0.0314546569444 0.0229533976563
2 0.676373813672 0.564787198611 0.116467244444 0.117636167969
0 0.466049645703 0.472244920833 0.0161523888889 0.00669474140625
0 0.493067708203 0.473945172222 0.0110516361111 0.00526015234375
0 0.449073696094 0.476495549306 0.00935138194444 0.0043037625
0 0.515542911719 0.469694542361 0.0144521375 0.0062165453125
0 0.529171491406 0.476070488194 0.0119017652778 0.0047819578125
0 0.453377457031 0.484996809722 0.00935138611111 0.0052601546875
1 0.560015121484 0.481681322222 0.0187027694444 0.0129112882812
1 0.546864736328 0.466379055556 0.0170025166667 0.00669473984375
1 0.527163063672 0.486782078472 0.00680100694444 0.00573834921875
1 0.453760007031 0.474455253472 0.00595087916667 0.008129328125
1 0.720242616406 0.417270121528 0.0450566708333 0.014824071875
