1 0.234914757812 0.265872515972 0.123831034722 0.163894017187
1 0.458220355078 0.285296991667 0.118974913889 0.0559971226563
2 0.512851694922 0.503822348611 0.0267086555556 0.0177551851562
2 0.490999158594 0.500180261111 0.0242805972222 0.0122920515625
2 0.478024216016 0.5013942875 0.0364208916667 0.0218525351563
2 0.444562520703 0.531745032639 0.126259095833 0.0723865242187
2 0.342811651562 0.558453688889 0.281654902778 0.183014985937
2 0.264961993359 0.486825931944 0.114118797222 0.0682891742187
2 0.156325304297 0.541457271528 0.228237593056 0.208168171094
2 0.00580458007813 0.580306224306 0.0922662625 0.00819470078125
5 0.141700034375 0.405485938889 0.199100877778 0.170722934375
0 0.243963051953 0.376175779861 0.0364208930556 0.00819470078125
