2 0.176158133203 0.494669759028 0.149722698611 0.131943127344
2 0.348807119922 0.479697486806 0.0548983208333 0.0378985585937
5 0.423551498828 0.452248326389 0.077356725 0.0343894320313
2 0.396268015625 0.48125153125 0.0274491625 0.0224584078125
2 0.448203075781 0.468150796528 0.0237060958333 0.0140365046875
2 0.467503267188 0.465031571528 0.0199630263889 0.0231602296875
2 0.486452546094 0.465655417361 0.0137245819444 0.011931028125
2 0.382231516797 0.463783885417 0.0345788069444 0.0350912679687
2 0.509261874219 0.456743348611 0.0187153361111 0.012632853125
2 0.532071191016 0.457991038194 0.0212107152778 0.0133346773438
1 0.484697982812 0.452198190972 0.0174676486111 0.0056146
