5 0.116002133594 0.399454592361 0.289409618056 0.232004267188
5 0.268072157422 0.410719038889 0.0935815527778 0.0779846273438
5 0.154019639844 0.2070925125 0.258215766667 0.148170792188
2 0.503975655859 0.460975799306 0.0554557347222 0.0370426976562
3 0.401620832422 0.436713915278 0.0762516361111 0.0194961570312
3 0.767173774609 0.509499567361 0.121309420833 0.0292442351563
3 0.851494653125 0.545025897917 0.1542362625 0.03801750625
3 0.650196833203 0.478305717361 0.0901155708333 0.0175465414062
2 0.528345852344 0.450577849306 0.0381258180556 0.013647309375
2 0.451797010547 0.431514940278 0.01039795 0.0165188820313
2 0.633625100391 0.481771700694 0.0693196708333 0.0955311695313
2 0.680415876953 0.475706228472 0.0502567597222 0.0331434664062
2 0.630213272266 0.442779386806 0.0225288930556 0.0321686585937
1 0.669205585547 0.412452030556 0.0138639333333 0.0165717335937
1 0.599506825391 0.395122113194 0.0242618847222 0.0136473101563
1 0.902184661328 0.277278676389 0.0623877027778 0.0360678898437
