5 0.412068775781 0.655896815972 0.140094465278 0.057311371875
4 0.915119353125 0.608542619444 0.213499430556 0.167635764062
4 0.771840921875 0.638066611806 0.104434056944 0.104593254687
4 0.698768923828 0.641887367361 0.0916981958333 0.0386851757812
4 0.665814883203 0.650802472917 0.0840566791667 0.0214917648437
4 0.639738192578 0.657170402083 0.0764151652778 0.0272229023438
4 0.617530035156 0.660991161111 0.0636793027778 0.0171934125
2 0.12035388125 0.654623227778 0.0458490972222 0.0343868234375
2 0.140412862109 0.65334964375 0.0534906125 0.0257901179687
2 0.204171762891 0.663538329861 0.0280188930556 0.0386851757812
2 0.256468390234 0.660991157639 0.0280188930556 0.0286556851562
2 0.5062027 0.677547779167 0.0254717222222 0.0214917640625
2 0.483994542187 0.677547779167 0.0254717222222 0.0171934109375
2 0.443876583203 0.6902836375 0.0305660666667 0.0143278429688
2 0.471099483203 0.683915708333 0.0331132361111 0.0200589804688
2 0.456771641016 0.68009495 0.0356604083333 0.0171934117187
1 0.0458490984375 0.678821365278 0.0280188944444 0.01432784375
1 0.04513270625 0.708113844444 0.0305660638889 0.015760628125
1 0.0078803140625 0.676274193056 0.0280188944444 0.015760628125
1 0.00859670625 0.704293086806 0.0280188930556 0.0171934125
1 0.0322376464844 0.485236284722 0.0738679916667 0.0644752929688
1 0.0179098039063 0.429198498611 0.0331132361111 0.0358196078125
