1 0.62837908125 0.100078050694 0.0257812319444 0.01450194375
2 0.586850789063 0.221952964583 0.0398437236111 0.013183584375
2 0.596738477344 0.2254685875 0.0421874694444 0.0197753765625
2 0.613877137109 0.232499832639 0.0609374597222 0.0250488101563
2 0.644858560937 0.233671707639 0.0960936819444 0.058007771875
2 0.662656400781 0.254765442361 0.0867186902778 0.0514159796875
2 0.709458126562 0.267656059722 0.117187419444 0.094921809375
2 0.573955613672 0.213811604861 0.0235610041667 0.0152434820312
2 0.513681893359 0.224296714583 0.0304687291667 0.0197753757813
2 0.461606734375 0.227812336111 0.0328124777778 0.0210937359375
2 0.418100904687 0.236015454861 0.0304687263889 0.0237304515625
2 0.382505226562 0.246562323611 0.0468749694444 0.0342773203125
2 0.253965275391 0.278202925694 0.0726561986111 0.0672362820312
2 0.804379935938 0.299296663194 0.185156123611 0.18984361875
