3 0.937825087109 0.4537398375 0.09349035 0.0315529929688
3 0.630954674219 0.467825702083 0.0336565236111 0.007362365625
3 0.653567652344 0.476239831944 0.0430055555556 0.00841413125
3 0.66576815 0.471004381944 0.0654432472222 0.0105176625
3 0.691185859766 0.467763389583 0.0617036319444 0.00736236484375
3 0.280821635156 0.485588876389 0.0572160944444 0.0105176640625
3 0.348134688281 0.483158127083 0.0897507375 0.0231388625
3 0.310796980469 0.486461456944 0.0579640138889 0.0136729640625
3 0.300279316016 0.480852036806 0.0579640152778 0.0115694320313
2 0.81827428125 0.577583395139 0.308518154167 0.30921933125
2 0.468036060156 0.52709860625 0.185110890278 0.1241084375
2 0.552492908203 0.483906054167 0.0800277166667 0.0456466554687
2 0.0415447738281 0.514944861806 0.172022245833 0.0830895476562
2 0.119826245703 0.492159911806 0.136495909722 0.110435475781
2 0.201939155078 0.486149815972 0.0972299625 0.0799342476563
3 0.260838073828 0.495498850694 0.0598338263889 0.0441741898437
3 0.413344206641 0.465581940278 0.0261772972222 0.0105176648437
4 0.359178235156 0.450623483333 0.123407261111 0.10202134375
4 0.580259551172 0.459037613194 0.0990997708333 0.0599506882813
0 0.433152484766 0.385803527083 0.0224376847222 0.00736236328125
0 0.573037420703 0.393282753472 0.0224376819444 0.00525883203125
0 0.542010309375 0.40356669375 0.0205678763889 0.004207065625
0 0.547269141797 0.405436500694 0.0243074902778 0.00631059921875
2 0.524410747656 0.479044544444 0.0411357555556 0.0189317953125
4 0.512841317187 0.453802147917 0.0392659430556 0.0231388609375
3 0.910485364062 0.4361148375 0.0561083416667 0.0229534140625
