1 0.172540987891 0.406386560417 0.0155969263889 0.0233953882813
1 0.622562652344 0.351797320139 0.0589217180556 0.0318729734375
0 0.296828988672 0.454910327083 0.0259948763889 0.00487403828125
0 0.252475232422 0.505167088889 0.0190629111111 0.00584884765625
0 0.290980142188 0.456643320833 0.0363928277778 0.0068236546875
0 0.258324078516 0.506900079861 0.0225288930556 0.00584884765625
2 0.266609946094 0.588350690278 0.0641206916667 0.0848082828125
5 0.149633004688 0.571020773611 0.185430113889 0.154994448438
4 0.456473846094 0.526992169444 0.3503897 0.287121054687
2 0.817863782031 0.693196690278 0.575353252778 0.36262851875
3 0.650684236719 0.584884708333 0.102246513889 0.0165717328125
3 0.720382998047 0.5506162875 0.0406416388889 0.0175465414062
3 0.711609727734 0.551091370139 0.0485237680556 0.0116976929688
3 0.697475013672 0.565821797917 0.0571887291667 0.0185213492187
3 0.681390684375 0.564955302778 0.0693196694444 0.013647309375
3 0.663356738281 0.586617700694 0.0953145458333 0.0107228859375
0 0.603989448828 0.535780881944 0.0281249805556 0.0105468679688
3 0.619150571484 0.576796479167 0.0726562027778 0.0118652257813
