0 0.195298323047 0.204374852778 0.0562499611111 0.0158203007813
0 0.180796380469 0.207890475694 0.0585937097222 0.0158203015625
0 0.814926803906 0.267656059028 0.0562499625 0.031640603125
0 0.849204123828 0.259452938889 0.0726562 0.0263671695312
1 0.054893146875 0.3719528625 0.0492187166667 0.02241209375
1 0.877548831641 0.184452990972 0.185156123611 0.0672362820313
1 0.804379935938 0.135234274306 0.0585937097222 0.0342773203125
1 0.841293973438 0.101249923611 0.0328124777778 0.0448241875
1 0.812949266406 0.0201562333333 0.0403124666667 0.07778315
0 0.201890115625 0.415312208333 0.0234374861111 0.00791015
3 0.0904888253906 0.502030897917 0.0937499347222 0.0224120945312
3 0.595420119141 0.451640307639 0.100781181944 0.0197753773438
3 0.0733501652344 0.505546521528 0.100781181944 0.0145019429688
3 0.0614849390625 0.499687149306 0.0984374319444 0.02241209375
3 0.0463238167969 0.512577765278 0.0773436972222 0.0237304523438
3 0.725278427734 0.393046597917 0.0257812319444 0.0158203007812
3 0.687705211719 0.429374697222 0.0609374583333 0.02241209375
3 0.580258996875 0.456327804167 0.0960936833333 0.0158203015625
2 0.253965275 0.504374646528 0.107812426389 0.0514159796875
2 0.195298323438 0.461015302083 0.0773436986111 0.0474609046875
5 0.117515174219 0.470390295139 0.0632812069444 0.0290038859375
2 0.168271975 0.486796533333 0.124218663889 0.0883300171875
5 0.422715159766 0.367265364583 0.691405773611 0.309814239844
2 0.817563521094 0.57937459375 0.529687134722 0.3638669375
