1 0.345883847656 0.246428683333 0.0336734861111 0.0241071546875
1 0.471154948828 0.3153062625 0.0183673555556 0.0559630351563
1 0.506885195312 0.348214442361 0.0137755180556 0.0189413359375
1 0.507315680078 0.376530781944 0.0367347111111 0.0232461835938
1 0.586524899609 0.31147973125 0.0535714541667 0.0163584257813
1 0.345022878125 0.401020590278 0.0122449055556 0.02582909375
1 0.115574433203 0.371938941667 0.0153061305556 0.0249681242187
1 0.112561038281 0.292347070833 0.0214285833333 0.01549745625
0 0.131932858984 0.414030799306 0.0229591930556 0.0129145476563
0 0.51686885 0.410204268056 0.0153061305556 0.0103316375
1 0.463488725 0.411734880556 0.0153061305556 0.0120535765625
1 0.470376482812 0.415561411806 0.0168367430556 0.0086096984375
0 0.431202358984 0.295153195139 0.0413265513889 0.0129145476562
4 0.635682685547 0.446938976389 0.153061294444 0.156696499219
6 0.531935824609 0.509439009028 0.119898004167 0.0404655726562
8 0.534949216016 0.531377797917 0.0994898402778 0.0413265492187
0 0.361894290625 0.395918552778 0.0183673555556 0.0103316375
2 0.157987953125 0.4852043 0.0795918722222 0.106760253125
2 0.244084930859 0.492092059028 0.0750000347222 0.0878189164062
2 0.00947066757812 0.4423471375 0.085714325 0.0180803648438
2 0.0598373992187 0.55714310625 0.156122518056 0.117091889062
2 0.378420126172 0.640561513889 0.439285911111 0.320232935156
