0 0.498546309375 0.0588735298611 0.117747059722 0.0290143359375
0 0.301949174219 0.339189804861 0.0586956680556 0.016007909375
1 0.305951152734 0.296502046528 0.0160079097222 0.0120059304688
0 0.206401967578 0.469031734028 0.0515810402778 0.0230113710937
1 0.204400978516 0.51883411875 0.0302371625 0.0150074148438
1 0.205901719922 0.430790617361 0.0213438791667 0.0120059320312
2 0.354975374219 0.575751127778 0.048023725 0.0300148296875
2 0.403999596094 0.549071279861 0.1654150625 0.070034603125
2 0.294445467578 0.61666023125 0.154743123611 0.113055858594
2 0.1498740375 0.576640457639 0.0640316375 0.058028671875
2 0.103851299609 0.561521876389 0.0444664138889 0.0340168070313
2 0.0243120007812 0.592648366667 0.060474325 0.0290143375
2 0.0658325144531 0.592648365972 0.0818182013889 0.0900444882813
2 0.484039141406 0.615770901389 0.199209536111 0.15007415
4 0.592092529687 0.508162179167 0.343280716667 0.246121603125
