2 0.398554005078 0.530482288889 0.0316087611111 0.0263831179687
2 0.369016384375 0.528952834028 0.0428247708333 0.0269566640625
2 0.337758125391 0.542717938889 0.0397658611111 0.0401482226562
2 0.292447988672 0.550875036111 0.0520015083333 0.0401482226562
2 0.252586539453 0.5569928625 0.0723942555556 0.0602223335937
2 0.186628744922 0.572287422917 0.0805513541667 0.0774287148437
2 0.0919936484375 0.581464158333 0.113179752778 0.123312398438
2 0.0165723433594 0.607974731944 0.111140477778 0.0326921242188
2 0.568036859766 0.576875791667 0.356873091667 0.206476574219
2 0.466232437891 0.524874284028 0.0265105708333 0.0126180117187
2 0.448739283594 0.527933197222 0.0244712972222 0.01433865
2 0.427518080078 0.517736821528 0.0305891208333 0.0258095710937
1 0.755729799609 0.2827104 0.0927870027778 0.0441630445312
3 0.967442221875 0.515960424306 0.482288490278 0.0636636109375
