0 0.535253545313 0.505449901389 0.021327 0.00599821875
0 0.498064588281 0.499051801389 0.0255924 0.00599821875
0 0.391296294531 0.528909601389 0.0170616 0.00599821875
0 0.538999342187 0.533175 0.0170616 0.008691234375
1 0.509461203906 0.533175 0.0170616 0.0071978640625
2 0.495065479297 0.560900101389 0.0127962 0.0143957257812
2 0.462075276563 0.564099151389 0.0277251 0.02279323125
2 0.493266012891 0.571563600694 0.0255924013889 0.0251925179687
2 0.414089525781 0.577961701389 0.021327 0.01319608125
2 0.361305201563 0.590757900694 0.0383885986111 0.0299910953125
2 0.382298966406 0.587558851389 0.0277251 0.014395725
2 0.393095760937 0.583293450694 0.0362559013889 0.0191943
2 0.402093088672 0.582227101389 0.0298578 0.0179946554688
2 0.328314996484 0.588625201389 0.0682464 0.0335900257812
2 0.288726755078 0.595023301389 0.0682464 0.0503850367187
2 0.229344387891 0.60462045 0.0789099 0.0683796945313
2 0.142970036719 0.622748402778 0.0853080027778 0.121164020312
2 0.0178009613281 0.646208101389 0.1151658 0.0356019226562
2 0.537652833984 0.567298201389 0.0255924 0.0131960820313
2 0.546650160938 0.575829001389 0.042654 0.0191943
2 0.562245528516 0.5822271 0.0682464 0.0215935867188
2 0.582639472656 0.5864925 0.0895734 0.02879145
2 0.629425579297 0.590757900694 0.106634998611 0.0911729257812
2 0.854049528516 0.676065902083 0.311374201389 0.290894922656
0 0.415289169141 0.494786402083 0.0213269986111 0.00839750546875
1 0.422487032031 0.537440401389 0.0170616 0.01079679375
3 0.560483619531 0.52546838125 0.0421874708333 0.013183584375
