0 0.399970796094 0.320625002083 0.0337500013889 0.012989309375
0 0.543852376172 0.339276316667 0.0319736833333 0.00899260078125
1 0.345016026172 0.317960526389 0.0177631583333 0.0449629929688
1 0.668249991797 0.19184210625 0.0497368458333 0.0239802632813
1 0.676743001563 0.2682236875 0.0319736833333 0.022981084375
1 0.670747936328 0.315296052778 0.0124342111111 0.0109909539063
0 0.469913230469 0.384572371528 0.0124342097222 0.0089925984375
0 0.513877045313 0.386348685417 0.0159868375 0.010990953125
2 0.508381569141 0.447631581944 0.0639473694444 0.0219819070313
2 0.485900072656 0.468059213194 0.111907893056 0.0349712171875
2 0.450429267187 0.460953950694 0.147434209722 0.061949015625
2 0.365998755469 0.499144740972 0.245131579167 0.176854442188
2 0.160767676172 0.6057236875 0.763815797222 0.321535352344
2 0.760673922266 0.508914477778 0.193618422222 0.130892269531
2 0.615793166016 0.570197370833 0.341052633333 0.226813324219
2 0.8750797625 0.600394740278 0.309078947222 0.249794409375
