2 0.395940628516 0.316861765278 0.0218525333333 0.0122920507813
2 0.408232680078 0.316861765278 0.0218525333333 0.0177551851563
2 0.422573406641 0.316861765972 0.0315647736111 0.0191209679688
2 0.451937751562 0.318075795139 0.0339928319444 0.02321831875
2 0.532518976563 0.295009231944 0.0267086555556 0.0423392875
2 0.507251981641 0.303507440278 0.019424475 0.0300472367188
2 0.603539716797 0.318075796528 0.0728417847222 0.0614602554688
2 0.662951298438 0.319289825694 0.0898382013889 0.090141709375
2 0.748312766016 0.321717886111 0.114118797222 0.118823161719
2 0.279849033203 0.331430123611 0.0169964166667 0.0150236179688
2 0.295555543359 0.347212510417 0.0485611902778 0.0355103710938
2 0.273703008203 0.356924747917 0.0291367152778 0.0109262679688
2 0.262776741016 0.350854599306 0.0267086541667 0.0109262679687
2 0.250484688672 0.34964056875 0.0339928319444 0.0191209679687
2 0.227266370703 0.369065045833 0.0582734277778 0.0382419382812
2 0.184927082422 0.384847431944 0.0849820833333 0.0628260398437
2 0.0278619820312 0.452833099306 0.128687154167 0.0546313390625
2 0.105711640625 0.458903246528 0.189388640278 0.177551851563
2 0.488131013672 0.304721469444 0.0218525333333 0.0409735039063
2 0.513398007031 0.407913999306 0.208813118056 0.1352125625
2 0.880110871875 0.324145943056 0.172392225 0.202135954687
1 0.644513221484 0.205171028472 0.0267086541667 0.0177551851562
1 0.362478934766 0.200314909028 0.0558453680556 0.0409735039062
1 0.367942068359 0.267086545833 0.0776979055556 0.0409735039063
1 0.350186883984 0.0910522305556 0.0801259638889 0.0710207414062
1 0.317408080078 0.333858181944 0.0218525333333 0.0136578351562
1 0.427660929687 0.286337576389 0.0218525361111 0.0122920515625
