2 0.887532257422 0.570118276389 0.0318897694444 0.0251131960937
2 0.968587858594 0.57711476875 0.0367069458333 0.0413286828125
2 0.59334910625 0.564448975694 0.0148818902778 0.0107628
2 0.557473110547 0.562322993056 0.0148818972222 0.0131545320313
2 0.538327105859 0.585271868056 0.0693353444444 0.0442713429687
2 0.308087302344 0.570727282639 0.0320890736111 0.0445504296875
2 0.403604933594 0.562322990972 0.0233858319444 0.017937996875
2 0.382079336328 0.567637952778 0.0212598444444 0.0275049289063
2 0.124250858203 0.5781039875 0.0591998027778 0.100214274219
2 0.578600073047 0.566929302778 0.038267725 0.0275049289062
2 0.674269389844 0.561614340972 0.0276378013889 0.017937996875
2 0.48293075625 0.62645688125 0.157322881944 0.125565979688
1 0.244904158594 0.437424444444 0.0265105722222 0.014912196875
1 0.597335301953 0.485078888889 0.0403937111111 0.0370718617187
1 0.559067576953 0.487204875 0.0233858305556 0.0179379992188
1 0.667891425 0.484015898611 0.0297637944444 0.034680125
1 0.490105955078 0.495708810417 0.0361417430556 0.0275049289062
1 0.245477704297 0.460876104861 0.0122356486111 0.0183534726562
1 0.243757066406 0.484327764583 0.0265105736111 0.014912196875
