2 0.464997169141 0.499066949306 0.0514285569444 0.0340943820312
2 0.560048166797 0.486472208333 0.02938775 0.0113647929688
2 0.639601722266 0.497492614583 0.0587754986111 0.0361607054688
2 0.663364473828 0.503921184028 0.0679591680556 0.0526913179687
2 0.702624667578 0.517696692361 0.0771428402778 0.0526913148438
2 0.743951204688 0.525043626389 0.0955101833333 0.075420903125
2 0.800258590625 0.543410969444 0.117550994444 0.103316304687
2 0.882837837891 0.538819134722 0.108367325 0.125012727344
2 0.352825196484 0.505757918056 0.078979575 0.0402933601562
2 0.403966767187 0.5121864875 0.117550997222 0.0888520234375
2 0.297796336719 0.512081526389 0.106530588889 0.0981504890625
2 0.0782491882812 0.578203961111 0.235101991667 0.152908129688
2 0.581916175 0.502897859028 0.0624489680556 0.0402933609375
2 0.523542461328 0.511530503472 0.130408134722 0.0723214132813
2 0.529323876563 0.439897868056 0.0128571416667 0.011709159375
2 0.514515196484 0.435918279861 0.0110204041667 0.00826530546875
2 0.554291974609 0.435918279861 0.0110204041667 0.0113647945312
2 0.891708029687 0.68684896875 0.616891656944 0.216583940625
