1 0.391385349609 0.384724163889 0.0554557388889 0.0360678898437
1 0.439638339844 0.392522625694 0.0433247930556 0.02534500625
1 0.523471813672 0.409852543056 0.0883825777778 0.0233953882813
2 0.064824721875 0.471373749306 0.339666379167 0.12964944375
2 0.156456659375 0.504300592361 0.124775404167 0.106254054687
2 0.355317460547 0.498235120833 0.0814506111111 0.0536144320313
2 0.372864001172 0.467041270833 0.0294608638889 0.0204709648437
2 0.385049099609 0.464441783333 0.0346598361111 0.0233953898438
2 0.4084444875 0.460109303472 0.0363928263889 0.0214457734375
2 0.423066605469 0.451444344444 0.0225288916667 0.0097480796875
2 0.430865068359 0.450577848611 0.0207959 0.00974807890625
2 0.440125742188 0.454043832639 0.0207959013889 0.0087732703125
2 0.603406056641 0.451444344444 0.0710526611111 0.0526396242188
2 0.818838591797 0.550224872917 0.0710526597222 0.0994304007812
2 0.959698324219 0.568421286111 0.0797176194444 0.0789594359375
2 0.275383216406 0.523363500694 0.197561056944 0.139397521875
1 0.650684236328 0.437580410417 0.0259948763889 0.0224205804688
1 0.549791625391 0.0901155708333 0.0346598361111 0.0116976945312
1 0.648734622266 0.246084825 0.0173299166667 0.00682365703125
1 0.612179327344 0.371726725 0.0121309416667 0.0116976921875
