0 0.490610620703 0.273515429861 0.0257812319444 0.0105468679688
1 0.553891826953 0.282890424306 0.0210937375 0.0210937351563
1 0.489292262109 0.300468536111 0.0234374833333 0.0105468679688
1 0.288242595703 0.273515429861 0.0257812319444 0.0118652257812
1 0.305381255859 0.277031053472 0.0328124791667 0.00922850859375
2 0.326474990625 0.341484133333 0.035156225 0.0171386609375
2 0.316587302734 0.34499975625 0.0703124513889 0.0369140367188
2 0.449082328906 0.3356247625 0.0234374833333 0.027685528125
2 0.503135026172 0.343827882639 0.0539062125 0.0276855273438
2 0.509067639062 0.361405994444 0.0562499611111 0.0210937359375
2 0.535434807812 0.350859125694 0.0773436958333 0.0421874703125
2 0.134653834375 0.389530973611 0.168749883333 0.14501943125
2 0.414145829297 0.328593515972 0.0281249791667 0.0210937351563
2 0.477427035938 0.341484133333 0.0398437222222 0.0421874703125
2 0.378550151562 0.335624761806 0.0656249541667 0.0580077734375
2 0.725937607812 0.430546572222 0.175781130556 0.180615110938
2 0.273081473047 0.353202875694 0.0914061875 0.0738280742188
5 0.581577355078 0.368437238889 0.112499922222 0.0896483757813
2 0.0528249738281 0.423515327083 0.1992186125 0.105649947656
1 0.226279747656 0.230156085417 0.0562499625 0.02241209375
