0 0.5839099 0.234820378472 0.0225288902778 0.0077984640625
0 0.616565963281 0.230487898611 0.0173299166667 0.004874040625
1 0.633625099609 0.233087386111 0.0121309416667 0.0214457726562
2 0.623877021875 0.324069452778 0.0173299166667 0.009748078125
2 0.642885774609 0.31800398125 0.0294608597222 0.0185213492187
2 0.661894527734 0.31800398125 0.0502567597222 0.0311938523438
2 0.683340299609 0.321469965278 0.0571887277778 0.0487403914062
2 0.693575782422 0.325802444444 0.0623877027778 0.0360678898438
2 0.703811264453 0.331867916667 0.0641206944444 0.0331434664062
2 0.721845210547 0.3353339 0.0710526611111 0.0282694273438
2 0.447436801172 0.325802445139 0.0485237708333 0.0155969257813
2 0.429402855859 0.335333899306 0.0433247930556 0.0204709648438
2 0.380175060547 0.298074577083 0.0346598347222 0.0506900085938
2 0.390897946094 0.337933386806 0.0623877013889 0.0584884703125
2 0.340207939063 0.343998856944 0.0675866777778 0.0565388546875
2 0.24223975 0.325802445833 0.121309422222 0.143296754687
2 0.211533302344 0.357862790278 0.0953145444444 0.130624251562
2 0.102354823828 0.34919783125 0.147304293056 0.107228863281
2 0.0389923136719 0.3587292875 0.149037288889 0.0779846273438
3 0.501051232812 0.340532874306 0.0537227430556 0.0077984625
3 0.489840942187 0.338799882639 0.0606547097222 0.0087732703125
3 0.482529884375 0.345731849306 0.0571887263889 0.01169769375
3 0.464983342578 0.347464840972 0.0641206930556 0.0155969257813
2 0.591220958203 0.343132361111 0.110911469444 0.0692113570312
2 0.771661911719 0.333108657639 0.1324558625 0.0936072125
1 0.0867578984375 0.241752346528 0.0259948763889 0.0331434671875
3 0.511774119141 0.335333899306 0.0433247930556 0.00974807890625
