2 0.459571825781 0.303273552083 0.0381258180556 0.038117653125
2 0.333871687109 0.31020551875 0.103979504167 0.0789594351562
2 0.253450040234 0.331867915278 0.147304297222 0.0857830914062
2 0.114052517969 0.335170527083 0.667528556944 0.228105035938
2 0.570749994531 0.3743262125 0.256482775 0.180339451563
5 0.631675484375 0.266880725 0.0415918 0.0428915453125
2 0.667743374609 0.31540449375 0.0693196708333 0.0292442351562
2 0.709660110938 0.319736972222 0.102246511111 0.081883859375
2 0.749627233594 0.345731848611 0.136906344444 0.128674635938
5 0.913394951172 0.332734410417 0.665468820833 0.171566180469
3 0.42160439375 0.2954750875 0.0537227416667 0.0126725015625
7 0.462058919141 0.314537997917 0.0398588097222 0.0116976945312
6 0.464983342187 0.284210643056 0.0381258166667 0.009748078125
0 0.447924205078 0.250417302778 0.0190629083333 0.0107228867188
0 0.54443018125 0.213157982639 0.0173299180556 0.0048740390625
0 0.539068739063 0.210558495139 0.0225288930556 0.0058488484375
0 0.592195766797 0.205359519444 0.0225288916667 0.00487403828125
0 0.587321726953 0.201893535417 0.0259948736111 0.00487403828125
0 0.596582402344 0.203626526389 0.025994875 0.005848846875
1 0.617540770703 0.20535951875 0.0190629069444 0.0321686601562
3 0.287568314062 0.311938510417 0.124775404167 0.0214457734375
