2 0.110279039844 0.41963235 0.426425252778 0.220558079688
2 0.228163529687 0.388950534722 0.204892133333 0.12168720625
2 0.29953775625 0.362428961111 0.0665639416667 0.035102078125
2 0.385537849219 0.348908161111 0.0790446805556 0.0643538109375
2 0.549055033203 0.321346530556 0.07176425 0.0497279445312
2 0.883189574219 0.488276413889 0.368181802778 0.231673720313
2 0.777590820312 0.395190902083 0.188251145833 0.15503418125
2 0.698318626562 0.355148531944 0.141448377778 0.0947756125
2 0.653563476953 0.333307238194 0.116486898611 0.0473878070312
2 0.623726709375 0.334347297917 0.0624036958333 0.026326559375
2 0.584821905078 0.316146222222 0.0322419111111 0.0210612476562
2 0.518712990625 0.308345760417 0.0312018486111 0.0245714546875
2 0.497944260937 0.310425882639 0.0208012319444 0.0169660046875
2 0.484488464063 0.316666251389 0.0249614777778 0.01930614375
2 0.463719735156 0.317706315278 0.0395223416667 0.02691159375
0 0.486748842969 0.179898154167 0.0260015388889 0.0105306234375
0 0.566313554687 0.195499077778 0.0176810472222 0.0070204140625
0 0.528871338281 0.277143911806 0.0145608625 0.0035102078125
1 0.4402385875 0.246462095139 0.00936055416667 0.01111565625
1 0.401918819531 0.25634268125 0.00832049305556 0.0152109015625
1 0.6221843625 0.254262556944 0.00832049166667 0.014625865625
1 0.947184802734 0.229374207639 0.0468027708333 0.0222313164062
