2 0.0466995402344 0.661283529861 0.233903781944 0.0917747476563
2 0.144971614453 0.589812929861 0.212246020833 0.215223966406
2 0.260705255469 0.576096350694 0.129946545833 0.0893382484375
2 0.310247377344 0.550828966667 0.0938502833333 0.079592259375
2 0.358165165234 0.531336986111 0.072192525 0.0617246085937
2 0.386997055078 0.525561581944 0.0519786166667 0.0203041492187
2 0.399585626172 0.523395808333 0.0505347666667 0.0162433179688
2 0.404458621484 0.514732702778 0.0505347666667 0.0276136398438
2 0.594505444141 0.534946611111 0.0822994777778 0.0649732726562
5 0.495421203906 0.445427879861 0.368181879167 0.167306176563
0 0.373190234766 0.162433181944 0.070748675 0.0170554851563
0 0.705772173438 0.417272795139 0.0346524125 0.0129946546875
0 0.688310606641 0.417272795139 0.0404278152778 0.0219284789063
0 0.232685533203 0.432433225 0.0389839666667 0.0154311539062
0 0.386997055078 0.171818209722 0.0664171222222 0.0121824882813
1 0.855616783594 0.332085615972 0.0346524097222 0.0479177890625
4 0.951046277734 0.45192520625 0.190588268056 0.0779679273437
4 0.810947657813 0.454090983333 0.151604302778 0.04629345625
1 0.128322213281 0.37756690625 0.0534224680556 0.01949198125
3 0.0560514511719 0.511579152778 0.0797176194444 0.0243701960937
