1 0.2640417375 0.265459105556 0.0383886222222 0.062621440625
1 0.223733682422 0.324961472917 0.0294312763889 0.0655005898437
3 0.182749396484 0.642947238889 0.145876769444 0.0411149523437
1 0.260442804688 0.392781375 0.0499052111111 0.0194342421875
1 0.726144794531 0.473397485417 0.0166350708333 0.0323904015625
1 0.714268314844 0.504108382639 0.0217535541667 0.018714453125
1 0.702391835156 0.488113122222 0.0102369638889 0.0107968015625
1 0.551236628516 0.527141557639 0.0115165847222 0.0122363742187
0 0.416906869141 0.518824021528 0.0179146902778 0.00799342109375
0 0.486349714453 0.509571574306 0.0261826180556 0.00499588828125
0 0.529643027734 0.571928284028 0.0115165847222 0.00647808046875
0 0.551236628125 0.548895109722 0.0191943083333 0.006478078125
0 0.378847716406 0.566809802083 0.0140758291667 0.0100770140625
0 0.336380300781 0.543136816667 0.0383886222222 0.0100770140625
3 0.259123232031 0.6148178 0.0972511777778 0.0287914671875
3 0.32138478125 0.60522064375 0.0601421763889 0.0136759484375
3 0.506369961328 0.596903110417 0.0281516569444 0.00647808046875
3 0.514287615625 0.600741972917 0.0255924152778 0.009357228125
2 0.959715577344 0.744037281944 0.199620844444 0.0791765359375
2 0.593704045312 0.632070461806 0.0831753513889 0.0655005890625
2 0.0105568632812 0.644866670139 0.0703791430556 0.0211137265625
2 0.395042916406 0.626312170139 0.110047390278 0.069819309375
2 0.671800900391 0.648705533333 0.126682458333 0.112286724219
2 0.0527565679688 0.640361845833 0.0799342111111 0.0799342109375
0 0.491845192188 0.513355266667 0.0195394722222 0.0039967109375
0 0.481853416016 0.513355264583 0.0230921041667 0.00599506640625
0 0.409912625781 0.519572370139 0.0177631569444 0.005995065625
