2 0.0982878855469 0.531923720139 0.495850298611 0.196551397656
2 0.388747172656 0.449282002778 0.070994225 0.0586534328125
2 0.485462940625 0.439298439583 0.0909613513889 0.0536616515625
2 0.671718789453 0.47812340625 0.1774855625 0.150377419531
2 0.154308438281 0.443713914583 0.0687756569444 0.053037678125
2 0.209842008203 0.450924264583 0.0476992458333 0.0480458960938
2 0.311237570703 0.433730351389 0.0266228361111 0.0324465804688
2 0.348363946094 0.436503563194 0.0210764125 0.02183904375
2 0.453253763281 0.43151178125 0.0354971125 0.021215071875
2 0.524074663672 0.440386059722 0.0465899611111 0.0255828804687
2 0.59520755 0.435948920139 0.0377156819444 0.0168472625
2 0.603943167578 0.437612847917 0.0366063986111 0.0230869882813
4 0.695604758203 0.3982332375 0.115365616667 0.116058921094
5 0.559453908984 0.433175709028 0.0898520680556 0.0586534320312
0 0.515276641016 0.398787879861 0.0122021319444 0.00623972734375
