2 0.401620832422 0.504300592361 0.0311938513889 0.0194961570312
2 0.386511310547 0.505167088194 0.0537227430556 0.0224205804687
2 0.367989962109 0.516431534028 0.0554557347222 0.0263198117187
2 0.346056785156 0.525962988889 0.0779846277778 0.0370426984375
2 0.309014087109 0.534627947917 0.109178479167 0.0643373179688
2 0.258324078906 0.55109136875 0.1282413875 0.089682321875
2 0.177415028125 0.584018211806 0.190629090278 0.173515796875
2 0.0799342433594 0.603947616667 0.341399369444 0.159868486719
2 0.445487185547 0.496502129861 0.0398588097222 0.0214457726563
2 0.426965836719 0.516431534028 0.0589217180556 0.0428915453125
2 0.463033726953 0.496502129167 0.015596925 0.0136473101563
2 0.477655844141 0.502567600694 0.0346598347222 0.0155969242188
2 0.495202385547 0.506900079861 0.0467907763889 0.0194961570312
2 0.511286715234 0.513832047222 0.0675866777778 0.0263198117188
2 0.545892393359 0.525962988889 0.0849165944444 0.0623877007813
2 0.706735687891 0.602214625 0.2304879 0.198860799219
2 0.859780520312 0.686264723611 0.415918013889 0.27879504375
0 0.459134495313 0.461842295139 0.0190629097222 0.005848846875
0 0.418192565625 0.460109303472 0.0155969263889 0.005848846875
