2 0.419762673047 0.454507258333 0.0124807472222 0.0128707726562
2 0.423272882031 0.472188315972 0.0187211236111 0.0152109125
2 0.426198058203 0.484669064583 0.0228813736111 0.0163809820313
2 0.39928644375 0.505470313889 0.0686441166667 0.044462665625
2 0.364184339844 0.529391745833 0.0915254861111 0.0631837890625
2 0.470075689453 0.47107395625 0.0372936541667 0.0596735789062
2 0.157666954297 0.500270000694 0.0291217486111 0.0198911914062
2 0.207979971484 0.520031185417 0.1144068625 0.0760545601562
2 0.285543400781 0.553647790278 0.169159322222 0.132895523438
2 0.108756731641 0.671060411111 0.570691722222 0.213710772656
0 0.345901973828 0.355552741667 0.0312018722222 0.0210612632812
0 0.466419201562 0.372193736806 0.0312018708333 0.0093605609375
0 0.476364799219 0.420036605556 0.0187211222222 0.012870771875
0 0.615603148437 0.420036606944 0.0312018722222 0.0105306328125
0 0.624963710156 0.415876355556 0.0270416194444 0.0152109125
0 0.544682279297 0.417689045833 0.0291217444444 0.0189843710937
0 0.513368285156 0.455547319444 0.0208012472222 0.01053063125
3 0.513222009766 0.482737517361 0.0312018736111 0.0117007007812
3 0.599222167187 0.47337695625 0.0499229958333 0.0105306328125
3 0.563535025781 0.475457078472 0.0499229958333 0.014040840625
2 0.464664096875 0.549004340278 0.139368358333 0.097115825
1 0.521997535547 0.372193736806 0.0270416208333 0.0198911914063
1 0.615603147656 0.360753051389 0.016641 0.0198911921875
