1 0.477558509766 0.330132415972 0.0935139013889 0.0879880820312
1 0.564590199219 0.329282290278 0.0646096055556 0.063121884375
1 0.592325571094 0.454534247222 0.03060455 0.017215059375
1 0.590890982812 0.479187911806 0.0153022736111 0.0086075296875
1 0.532072865234 0.475787406944 0.0187027805556 0.00956392265625
1 0.494295373047 0.472386900694 0.0187027791667 0.00860752890625
1 0.446475763672 0.468986395833 0.015302275 0.00669474609375
1 0.424956939062 0.443482604167 0.0323048027778 0.01912784375
1 0.424000546875 0.468136270139 0.0170025291667 0.009563921875
1 0.39530878125 0.450283615278 0.0187027805556 0.009563921875
1 0.39530878125 0.463035510417 0.0102015152778 0.0076511375
2 0.013389490625 0.36385409375 0.0102015152778 0.0229534125
2 0.149675377344 0.368104726389 0.0119017694444 0.0239098046875
2 0.324695148047 0.402109781944 0.0425063194444 0.0372992945312
2 0.442490805469 0.506675327778 0.0374055611111 0.02677898125
2 0.472617158984 0.514609850694 0.0442065736111 0.0315609414063
