0 0.41349929375 0.4206792 0.0237060944444 0.014738328125
0 0.464030704297 0.445009138194 0.0149722708333 0.0105273773438
0 0.476663557422 0.456862184722 0.0137245805556 0.00912372734375
0 0.514562114844 0.418807666667 0.0199630277778 0.0133346765625
0 0.511754815234 0.439394536806 0.0187153375 0.00912372578125
0 0.503683826172 0.457486029861 0.0149722708333 0.00842190234375
1 0.825935414062 0.34552076875 0.0436691208333 0.02877483125
2 0.465485530469 0.483479547222 0.0187153361111 0.015440153125
2 0.449694464844 0.487222613889 0.0212107138889 0.018949278125
2 0.438465262109 0.492837218056 0.0249537833333 0.0133346773438
2 0.501629525391 0.476617256944 0.0124768916667 0.0119310273437
2 0.512858728125 0.475993413194 0.0212107180556 0.011931028125
2 0.523035192188 0.475993413194 0.0212107180556 0.011229203125
2 0.534928623047 0.482231866667 0.0237060944444 0.0210547539062
2 0.425092986328 0.499075670833 0.0299445388889 0.0245638804688
2 0.4840463 0.480984179167 0.0162199583333 0.016141978125
2 0.388898860937 0.518414853472 0.0486598763889 0.0203529296875
2 0.288537864844 0.552102460417 0.0960720652778 0.042811334375
2 0.180807704297 0.588909290278 0.187153372222 0.193703741406
2 0.568465841797 0.506561806944 0.0449168111111 0.0259675304687
2 0.588818771094 0.508433340278 0.0636321472222 0.02737118125
2 0.627068241406 0.508433339583 0.0910813097222 0.0659715640625
2 0.657246723047 0.522781765278 0.0823474833333 0.0772007664063
2 0.711638172266 0.507185650694 0.0386783625 0.0933427445312
2 0.360174161328 0.525455389583 0.0598890791667 0.0449168101563
2 0.0462305394531 0.624426841667 0.186820666667 0.0919785726563
2 0.891949583594 0.604006324306 0.230822495833 0.212653020313
2 0.7336880125 0.665143090972 0.295702329167 0.23581325
