2 0.558306222656 0.372204147222 0.0260282638889 0.017569078125
3 0.448987521484 0.386953496528 0.0867608736111 0.0195211976562
5 0.595396495703 0.352249147917 0.0728791319444 0.0156169570312
5 0.604669063281 0.351381539583 0.109318704167 0.0107366578125
5 0.6417593375 0.355719581944 0.149228702778 0.07515660625
5 0.790120432031 0.302795450694 0.445950890278 0.266464334375
5 0.920912449609 0.326220885417 0.648971334722 0.157145632031
5 0.51194338125 0.347043494444 0.0902313083333 0.0517311703125
2 0.495350363281 0.383483061111 0.0589973916667 0.041970571875
4 0.489494004297 0.367866104861 0.0763495708333 0.0400184523437
2 0.448499491016 0.386085888889 0.0676734833333 0.0400184539062
5 0.365534405859 0.374806973611 0.173521747222 0.129815957031
2 0.185451367187 0.45722980625 0.164845659722 0.105414460937
2 0.0908641988281 0.541387852083 0.589973940278 0.181365857031
