2 0.334524660547 0.346381579861 0.0106578930556 0.0199835523438
2 0.306547687109 0.359703949306 0.0444078958333 0.0239802632812
2 0.242600317969 0.365921054861 0.0319736847222 0.02597861875
2 0.269578114453 0.365032897917 0.0586184208333 0.0439638148438
2 0.205131157031 0.379243422917 0.0586184208333 0.064946546875
2 0.153673507812 0.385460529861 0.0639473680556 0.0619490125
2 0.367497522656 0.367697371528 0.0568421069444 0.043963815625
2 0.492394726953 0.356151315972 0.0266447375 0.0179851976562
2 0.499888559375 0.365032897917 0.0408552625 0.0149876640625
2 0.515875401563 0.360592106944 0.0710526305556 0.024979440625
2 0.530363477344 0.367697369444 0.0817105277778 0.0299753296875
2 0.02977548125 0.3836842125 0.120789475 0.057952303125
2 0.848601554688 0.512467109722 0.488486844444 0.30075246875
2 0.0952216164063 0.385460527778 0.0675000027778 0.0549547703125
2 0.3400201375 0.409440792361 0.108355265278 0.0869284546875
2 0.583319891797 0.369473686111 0.149210527778 0.101916117969
2 0.438439135156 0.392565791667 0.2025 0.113906251562
