2 0.717101746094 0.455663463194 0.0168367402778 0.007748728125
2 0.707200592578 0.455663464583 0.0260204180556 0.0154974539062
2 0.694716532422 0.463316529167 0.0352041 0.0215242445313
2 0.675344712109 0.473265515972 0.0397959347222 0.0309949132813
2 0.649085133594 0.481683886111 0.056632675 0.0370216984375
2 0.488083758203 0.494081859028 0.0600000458333 0.0800701867187
2 0.614646342187 0.499515528472 0.0800510625 0.059406915625
2 0.328578350781 0.601530883333 0.321428713889 0.30220039375
2 0.754640008203 0.454745111111 0.0260204166667 0.0198023070313
2 0.770998433203 0.461479800694 0.0428571625 0.0249681242187
2 0.789939767578 0.469898169444 0.0627551277778 0.0352997601562
2 0.947927722656 0.5579084125 0.229591936111 0.102455403125
