2 0.583909900391 0.686264723611 0.0935815527778 0.0896823226563
2 0.357754479297 0.637740954167 0.0346598333333 0.0253450039063
2 0.558564895703 0.662869334028 0.0849165930556 0.0526396242188
2 0.526396237109 0.644672922222 0.0901155694444 0.0506900085937
2 0.487891326953 0.642939929167 0.0381258194444 0.0263198117188
2 0.395771985938 0.632541979861 0.0277278680556 0.0214457734375
2 0.413805930469 0.632541980556 0.0207959027778 0.0126725015625
0 0.292929757812 0.580552229167 0.0207959027778 0.0068236546875
0 0.384521786719 0.538093929861 0.0294608597222 0.0060427734375
0 0.452798244531 0.538093931944 0.0190629111111 0.0048740390625
0 0.421116989453 0.586617699306 0.0155969263889 0.00389923203125
0 0.456210071875 0.592683171528 0.0138639347222 0.00389923125
1 0.675541837109 0.432381435417 0.0398588097222 0.0214457726563
1 0.680903280469 0.476572724306 0.0485237680556 0.03801750625
1 0.642398371094 0.497368625694 0.0589217180556 0.0292442359375
1 0.64532279375 0.549358377083 0.0450577847222 0.0233953875
1 0.331434667578 0.550224871528 0.0155969263889 0.0214457726562
1 0.483017288672 0.55109136875 0.0138639347222 0.0263198117187
1 0.468882573437 0.601348129167 0.01039795 0.009748078125
1 0.401620832812 0.590950179167 0.01039795 0.0116976953125
1 0.530782871875 0.577086244444 0.01039795 0.0107228859375
1 0.161818102344 0.54849188125 0.0294608597222 0.015596925
1 0.233466479687 0.550224872917 0.0121309430556 0.0126725015625
1 0.240777538281 0.569287782639 0.0190629069444 0.0155969265625
0 0.378479013672 0.614124798611 0.0179045138889 0.00604277265625
0 0.408692879688 0.613229572917 0.0196949652778 0.0060427734375
