1 0.819813398828 0.127374892361 0.0329268430556 0.0272946210937
1 0.855881288672 0.149903784028 0.0294608597222 0.0233953882813
0 0.304140047656 0.444512377778 0.0190629083333 0.005848846875
0 0.372376596875 0.415051518056 0.0190629083333 0.00389923125
0 0.418679969531 0.42284998125 0.0207959013889 0.0029244234375
0 0.872453021875 0.307606031944 0.0745186444444 0.0467907765625
2 0.103329631641 0.549358376389 0.152503269444 0.148170792969
2 0.393822369531 0.508633070833 0.0745186416667 0.0506900078125
2 0.557590087891 0.521630509722 0.155969255556 0.116976941406
2 0.6336251 0.486104179861 0.0537227458333 0.0506900078125
2 0.449873820703 0.493902642361 0.0346598347222 0.0224205804688
2 0.419167373828 0.490436659028 0.0381258180556 0.0253450039062
4 0.488866134766 0.480038707639 0.121309420833 0.0653121257812
5 0.376763232422 0.472240245139 0.0363928263889 0.0165717335937
2 0.351418228516 0.488703666667 0.0138639333333 0.0107228867188
2 0.364090730469 0.4791722125 0.015596925 0.0068236546875
2 0.433789491406 0.480038708333 0.0173299166667 0.009748078125
1 0.338745726562 0.469640757639 0.0173299180556 0.0107228859375
