2 0.470948867188 0.653309378472 0.0156169569444 0.014640896875
2 0.485101734766 0.654176986806 0.0242930430556 0.00976059921875
2 0.497302482422 0.654176986806 0.0242930430556 0.0185451367188
2 0.457284029688 0.649838943056 0.0190873916667 0.0087845375
2 0.444904751172 0.654707089583 0.0301737097222 0.0269726132813
2 0.427026174609 0.650706552083 0.0242930430556 0.0146408976562
2 0.414337397656 0.648971334028 0.0277634791667 0.02049725625
2 0.382127423047 0.654176989583 0.0451156541667 0.0322099742188
2 0.324539894141 0.663720682639 0.0676734819444 0.0224493757813
2 0.266464333203 0.660250248611 0.112789136111 0.103462341406
2 0.5324406375 0.661472770833 0.0922662611111 0.067348128125
2 0.833067063281 0.627281116667 0.123200441667 0.19423590625
2 0.744733648828 0.70449829375 0.131876526389 0.142504735156
