2 0.39647658125 0.517347170833 0.00918367777778 0.007748728125
2 0.389158338281 0.517347169444 0.0122449027778 0.0103316375
2 0.37581330625 0.518877784028 0.0183673541667 0.0198023046875
2 0.358163426172 0.53494921875 0.0260204180556 0.0172193960938
2 0.343096455078 0.531122686806 0.0183673541667 0.0129145460938
2 0.329751423437 0.537245138889 0.0183673555556 0.0103316375
2 0.323294150391 0.538010445833 0.0168367416667 0.00947066796875
2 0.310379603906 0.543367592361 0.0153061291667 0.012914546875
2 0.302200389844 0.541836978472 0.0153061291667 0.0068877578125
2 0.292299237891 0.551020656944 0.0306122583333 0.0146364851563
2 0.258721417187 0.551020654861 0.0336734819444 0.028412003125
2 0.2389191125 0.555612494444 0.0244898055556 0.018080365625
1 0.277350648047 0.539541059028 0.0229591958333 0.0137755164062
1 0.00829759296875 0.409438960417 0.0627551291667 0.0146364859375
2 0.0310827460938 0.586587209722 0.0476070777778 0.0621654921875
