1 0.460288375781 0.419999704861 0.0421874736111 0.0290038859375
1 0.464243451563 0.340312260417 0.0374999736111 0.0263671703125
1 0.443808894922 0.388359101389 0.035156225 0.0593261304688
1 0.482041290625 0.319218523611 0.0281249805556 0.0566894140625
1 0.0832378539063 0.598124582639 0.0374999763889 0.01845701875
2 0.648154458203 0.652030795139 0.149999898611 0.141064357031
2 0.521592044922 0.653202669444 0.0867186916667 0.114697186719
2 0.0112966820312 0.65437454375 0.0421874736111 0.0225933640625
2 0.0278667980469 0.656718293056 0.0609374583333 0.0237304523437
2 0.0568706839844 0.670780781944 0.0656249555556 0.0500976226562
