1 0.0848082824219 0.238632954861 0.0294608569444 0.0643373179687
1 0.404545255859 0.114724046528 0.107445484722 0.0643373179688
0 0.263198118359 0.230834492361 0.0589217180556 0.0155969257813
0 0.398696408594 0.291489203472 0.100513520833 0.0233953875
0 0.621927405469 0.341745963194 0.0415918013889 0.0077984625
0 0.751576849609 0.223036029861 0.0398588097222 0.0116976945313
0 0.935328128125 0.274159285417 0.0415918013889 0.0107228859375
0 0.326073224219 0.391136228472 0.0155969263889 0.0087732703125
1 0.335333898828 0.371206822222 0.01039795 0.0175465414062
1 0.938252551953 0.334813997222 0.0173299194444 0.0263198117187
1 0.943613994922 0.3105521125 0.01039795 0.0233953882813
0 0.950437649609 0.366007847222 0.0242618833333 0.0175465414063
2 0.0389923136719 0.452657434028 0.0381258180556 0.0643373179688
2 0.215919938281 0.443992475 0.0346598333333 0.0477655859375
2 0.257836675391 0.446591961806 0.0259948736111 0.0302190429687
2 0.296341584766 0.447458457639 0.0277278652778 0.0370426976563
2 0.194961569141 0.739467565278 0.514698544444 0.389923138281
2 0.697475013281 0.62335711875 0.341399370833 0.283669082812
2 0.445487185938 0.514178640278 0.313671502778 0.23200426875
2 0.555640472656 0.471720342361 0.145571304167 0.0350930828125
2 0.742803578516 0.439659995833 0.015596925 0.0136473101563
2 0.738416942969 0.427529053472 0.0155969263889 0.0146221171875
