0 0.614128942969 0.486104178472 0.0259948736111 0.0077984625
0 0.557590087891 0.499968113194 0.0225288930556 0.0116976945312
0 0.516648158203 0.536360938889 0.015596925 0.00974807890625
1 0.601456441016 0.490436658333 0.01039795 0.0175465414062
0 0.641910966406 0.532028459722 0.0242618833333 0.0087732703125
2 0.650196833203 0.56928778125 0.0329268402778 0.0175465414062
2 0.673592221875 0.579685731944 0.0710526611111 0.050690009375
2 0.626801444922 0.572753765972 0.0433247930556 0.0272946195312
5 0.584884707422 0.541559914583 0.0329268430556 0.0253450039063
2 0.585859515625 0.587484194444 0.07278565 0.0467907765625
2 0.555640472266 0.56928778125 0.0363928236111 0.0155969257813
2 0.538581335156 0.578819236806 0.0554557347222 0.0419167375
2 0.509824503516 0.582285220139 0.0450577847222 0.0136473101563
2 0.490328346484 0.583151715972 0.0467907763889 0.0350930820312
2 0.386511311328 0.612612575 0.105712494444 0.0750602054688
2 0.315837741797 0.627343004861 0.1386393375 0.120876172656
2 0.148658196484 0.636874459722 0.2304879 0.252475232031
2 0.766198966797 0.618678046528 0.142105320833 0.155969255469
0 0.542480566406 0.537227434722 0.0173299166667 0.0048740390625
