2 0.495811938672 0.36927840625 0.0185567069444 0.00811855859375
2 0.479574821875 0.368247481944 0.0412371222222 0.0197164984375
2 0.541275862891 0.390309338194 0.0358762986111 0.0178608304688
2 0.564819680078 0.400206248611 0.0845360944444 0.0533505226563
2 0.796474041406 0.407835118056 0.0618556805556 0.08118558125
2 0.870700855469 0.411117836806 0.0759088041667 0.0672680515625
2 0.948407054687 0.432577391667 0.0742268138889 0.097422696875
2 0.623181360547 0.461694085417 0.189367431944 0.150348197656
2 0.449789859766 0.372929048611 0.092286375 0.0526111585937
2 0.330331077734 0.361340264583 0.0329896930556 0.0340544539062
2 0.401694657422 0.357989748611 0.0262886611111 0.0235438132813
2 0.374845423047 0.361082533333 0.0407216583333 0.0301546429687
2 0.510309362109 0.380927897917 0.0391752652778 0.0243556726562
2 0.0347938203125 0.310456601389 0.0989690888889 0.069587640625
3 0.0829252710938 0.329896961111 0.0907216638889 0.015077321875
1 0.639162483203 0.153608273611 0.0309278416667 0.0684278460937
1 0.716288785547 0.240206225 0.0350515527778 0.0278350554688
1 0.713969196484 0.265979427778 0.01649485 0.0301546429687
0 0.485837700781 0.334020673611 0.0164948472222 0.012757734375
0 0.524690800781 0.33298974375 0.0226804152778 0.009278353125
0 0.581136532422 0.142886622917 0.0465979513889 0.0160776492187
0 0.574257502734 0.274226849306 0.0453608319444 0.0162371164062
0 0.271551265234 0.176701063194 0.0342268069444 0.00927835078125
0 0.699551504688 0.173195905556 0.0577319666667 0.010278678125
0 0.451043880469 0.31546396875 0.0206185625 0.0081185578125
0 0.420309340234 0.319587682639 0.0247422708333 0.00695876484375
0 0.584072268359 0.315463970833 0.0164948472222 0.00927835234375
0 0.736585179297 0.336082529861 0.0329896958333 0.00811855859375
0 0.234858285547 0.296563620139 0.0391752652778 0.00811855703125
1 0.210502611719 0.148453631944 0.0309278416667 0.0591494953125
0 0.503930495703 0.329072222917 0.0206185597222 0.00579897109375
1 0.226739727734 0.212577354861 0.0226804152778 0.0243556726562
