0 0.459076166797 0.313506902778 0.042654 0.00719786171875
0 0.563445171875 0.285781800694 0.0341232013889 0.004798575
0 0.520257998437 0.375355202083 0.0255924013889 0.0071978625
0 0.493865834766 0.379620600694 0.0213269986111 0.00959715078125
1 0.457876523047 0.379620602083 0.0170616013889 0.0143957257812
1 0.584438939453 0.286848151389 0.0319905 0.0203939445312
1 0.630025402344 0.292179901389 0.0255924 0.01559536875
1 0.669013823047 0.301777050694 0.0149288986111 0.0191943007812
1 0.695490807812 0.299790854167 0.0487590916667 0.0262225203125
1 0.364304310156 0.253791302083 0.0213269986111 0.014395725
1 0.363859208594 0.344611004167 0.0121402972222 0.0279012484375
0 0.274331028906 0.367890752083 0.0277251013889 0.0119964375
1 0.277929961328 0.326303102083 0.0255924013889 0.0311907367188
2 0.482556699609 0.430805401389 0.0255924 0.0167950117187
2 0.515546903906 0.442535250694 0.0703790986111 0.05158468125
2 0.222234005078 0.496919100694 0.174881398611 0.191942999219
0 0.553785529687 0.28380143125 0.0362559013889 0.0071978625
1 0.695354490625 0.263271011111 0.0242805944444 0.009560484375
