2 0.567404730859 0.665947190278 0.155236083333 0.0943371039063
2 0.660182544531 0.665947189583 0.0914784041667 0.0631512859375
2 0.781807240234 0.721388646528 0.238398265278 0.169183071094
2 0.948934879297 0.687798919444 0.115777355556 0.0980226945312
2 0.882381508594 0.671859500694 0.0866705902778 0.0756256125
2 0.0851939957031 0.634761369444 0.0873202944444 0.127861860156
2 0.190835958594 0.623673078472 0.0485112763889 0.064710575
2 0.252817776563 0.625752134722 0.0498973138889 0.0498973109375
2 0.305211645313 0.622980060417 0.0304928013889 0.03929751875
2 0.502229753516 0.629722553472 0.0304928013889 0.0116946820312
2 0.529127522656 0.61794124375 0.0207905458333 0.0077964546875
1 0.725672765234 0.580705947917 0.0374229819444 0.0226097195312
0 0.488270713672 0.543282967361 0.0318788430556 0.0109150367187
0 0.594302500781 0.5564503125 0.0332648777778 0.00779645625
0 0.745553725781 0.573082747917 0.0360369458333 0.00779645625
0 0.792332454297 0.586250093056 0.0291067611111 0.00935574609375
0 0.474237094531 0.580012929167 0.027720725 0.0077964546875
0 0.420441555469 0.496157727083 0.0207905458333 0.0077964546875
1 0.716338266406 0.636190719444 0.0138603638889 0.0062371640625
2 0.439468292578 0.631801607639 0.0180184736111 0.0187114929688
2 0.417638217969 0.631801607639 0.0180184736111 0.0187114921875
2 0.3969776125 0.631108589583 0.0166324375 0.0194911375
2 0.373588248047 0.629722552778 0.0221765833333 0.0179318460938
2 0.352147996875 0.629029534722 0.0152464 0.0187114921875
2 0.334995794922 0.629722552778 0.0194045111111 0.0124743257812
0 0.557836347656 0.56480984375 0.0318788375 0.007016809375
0 0.571480143359 0.559265698611 0.0263346944444 0.00623716484375
