1 0.544717177344 0.275846534028 0.0106299263889 0.0155462640625
1 0.539933714063 0.298169375694 0.0340157569444 0.0298966609375
2 0.0705561207031 0.428917440972 0.0276378013889 0.0287007960938
2 0.0406594605469 0.432106418056 0.0425196972222 0.0430511929687
2 0.00837106523437 0.438484374306 0.0340157569444 0.0167421304687
2 0.178184104687 0.411909561806 0.0276378013889 0.0358759953125
2 0.261894757422 0.395964677083 0.0170078791667 0.0239173304687
2 0.240369161328 0.404468617361 0.0212598486111 0.0263090632813
2 0.322286014063 0.386397744444 0.0191338638889 0.02032973125
2 0.303152150781 0.387460739583 0.0170078791667 0.0203297296875
2 0.413171867188 0.369389865972 0.0148818930556 0.0107627984375
2 0.402409069141 0.359822934028 0.0127559097222 0.0107627992188
2 0.394038002734 0.365137895833 0.0148818916667 0.0155462632813
2 0.383275205078 0.370452857639 0.0085039375 0.0155462632813
2 0.364739275391 0.375767820139 0.0148818958333 0.0143503976562
5 0.354574408984 0.361948920833 0.0382677277778 0.0298966617187
1 0.263688557422 0.314114259028 0.0318897708333 0.0275049304687
1 0.237379494141 0.316240246528 0.0318897736111 0.0275049289063
1 0.209874567188 0.3173032375 0.0382677277778 0.025113196875
1 0.182967569922 0.317303238194 0.0340157569444 0.0287007945313
2 0.462202392578 0.363011911111 0.0106299222222 0.0131545304688
2 0.450841661328 0.369389865972 0.0148818930556 0.0119586664063
2 0.432305730078 0.358759942361 0.0106299263889 0.0179379976562
2 0.490903186719 0.366200890278 0.0127559083333 0.01315453125
2 0.445460261719 0.405531609722 0.0361417444444 0.027504928125
2 0.431707796094 0.371515852778 0.0148818944444 0.0119586640625
2 0.403604934766 0.378956795833 0.0170078777778 0.0179379976563
1 0.530366780859 0.349193011806 0.0170078791667 0.0155462632813
2 0.518408116016 0.378956795833 0.0170078777778 0.0155462632812
2 0.536944046875 0.36726388125 0.0191338625 0.00956693125
2 0.520201916797 0.365137895833 0.0148818916667 0.0119586648437
2 0.508243251172 0.359822932639 0.0170078791667 0.0143503976563
2 0.561459309766 0.351318996528 0.0170078791667 0.00837106640625
2 0.570428307812 0.363011911806 0.0191338652778 0.0071751984375
1 0.600324969531 0.343878046528 0.0148818902778 0.01674213125
2 0.528572980469 0.420413502083 0.0574015902778 0.0430511921875
2 0.407192533203 0.426791456944 0.0744094722222 0.0538139914062
