0 0.503794205078 0.286406045833 0.0656249555556 0.0158203023438
0 0.487973903516 0.287577919444 0.0585937111111 0.0105468679688
0 0.519614507031 0.285234171528 0.0585937097222 0.0105468671875
1 0.254624454297 0.469218420833 0.0843749416667 0.0342773210938
1 0.329111708203 0.541874620139 0.0515624652778 0.0276855273438
1 0.653427891406 0.544218367361 0.0421874708333 0.02241209375
3 0.294834388672 0.632108935417 0.114843673611 0.0329589617188
2 0.461606733984 0.654374543056 0.0328124777778 0.0131835835938
2 0.440512998437 0.642655801389 0.0562499611111 0.031640603125
2 0.383823584766 0.641483928472 0.0492187152778 0.0237304523437
2 0.484018828516 0.6262495625 0.0890624388889 0.0421874710937
2 0.426011055078 0.650858920139 0.0585937097222 0.0474609039062
2 0.582236534375 0.680155775694 0.281249806944 0.196435410938
