0 0.972523692969 0.148933538889 0.1130331 0.0359893125
0 0.570043213281 0.449644240278 0.0917061 0.02519251875
0 0.368503063672 0.102014138889 0.1215639 0.0299910960937
0 0.463874741406 0.411255640278 0.1002369 0.0215935875
0 0.456676878516 0.513625240278 0.0405213 0.0167950117187
1 0.268932632031 0.0206160944444 0.0412321888889 0.0347896703125
1 0.747590489062 0.575473541667 0.0277251027778 0.01319608125
1 0.923938121094 0.669312340278 0.0149289 0.01079679375
2 0.902944355469 0.689572990278 0.021327 0.0167950125
2 0.977322267578 0.700236490278 0.0383886 0.0359893117188
1 0.370902350391 0.256634888889 0.0767772 0.0611818320313
