2 0.446705695703 0.456643320833 0.0207959027778 0.00779846328125
2 0.462302621094 0.458376311806 0.0242618847222 0.021445771875
2 0.467176660937 0.474839733333 0.0398588083333 0.02534500625
2 0.479361758594 0.483504693056 0.0537227444444 0.0224205796875
2 0.49934531875 0.48783716875 0.0727856513889 0.0487403921875
2 0.569531483984 0.489570164583 0.131707373611 0.101380016406
2 0.396503092188 0.464441783333 0.015596925 0.0087732703125
2 0.387242416797 0.450577848611 0.015596925 0.00779846484375
2 0.321930291406 0.487837170139 0.0138639347222 0.0116976953125
2 0.302434134375 0.480038708333 0.0190629083333 0.021445771875
2 0.296097883594 0.500834607639 0.0398588097222 0.0341182734375
5 0.0201054109375 0.57188726875 0.116110445833 0.040210821875
2 0.432814684375 0.463575286111 0.0190629083333 0.009748078125
