1 0.669910386328 0.405415654167 0.0388090194444 0.0210504257813
0 0.598962646484 0.44976881875 0.0304928013889 0.0155929101563
2 0.296850019531 0.527386859028 0.0582135291667 0.0475583734375
2 0.347526977344 0.528079878472 0.0651437125 0.0506769578125
2 0.445177573828 0.512140458333 0.0471252388889 0.0339145773438
2 0.547895867578 0.520456677778 0.0388090194444 0.0296265289063
0 0.450050358203 0.47818256875 0.0180184763889 0.0124743257813
2 0.494490152344 0.508675366667 0.173254552778 0.0842017140625
2 0.61065733125 0.528772895833 0.0554414555556 0.0530158953125
2 0.700706383594 0.53916816875 0.103952734722 0.108370723437
