1 0.487891326563 0.188029604167 0.168100197222 0.10625405625
1 0.613641539063 0.399454591667 0.0467907777778 0.0263198125
1 0.616078558984 0.452310839583 0.0311938513889 0.0194961570312
1 0.367015154688 0.202760031944 0.162901222222 0.106254054688
1 0.510311907422 0.357862790278 0.036392825 0.0321686585937
1 0.461084110938 0.363928261806 0.0311938486111 0.0331434671875
1 0.430865067188 0.363061765972 0.0294608569444 0.015596925
1 0.476193632031 0.408986047222 0.0242618833333 0.0126725015625
1 0.512261522656 0.413318525694 0.0155969263889 0.0087732703125
4 0.225668016406 0.381258179861 0.662002840278 0.451336032812
2 0.473269208984 0.478305714583 0.0346598347222 0.0321686585937
2 0.535169508203 0.464441782639 0.0346598347222 0.0292442351563
2 0.485454307422 0.439313402778 0.0225288916667 0.0155969257813
2 0.532245083984 0.43584741875 0.0225288930556 0.0155969257812
