1 0.342721380078 0.502390794444 0.0337552611111 0.0246835335937
1 0.405379582812 0.4931081 0.0286919722222 0.0227848015625
1 0.428639066406 0.499859149306 0.0489451263889 0.0237341671875
1 0.466139051563 0.482137638889 0.0371307861111 0.0512658015625
1 0.501740303125 0.488044809028 0.0388185486111 0.0180379671875
1 0.528797254297 0.467791652778 0.0691982833333 0.0360759351562
1 0.670727576172 0.576652367361 0.0506328902778 0.0294303679687
1 0.847626248047 0.45850895625 0.0371307875 0.0313291007813
1 0.883227501172 0.461040600694 0.0320674986111 0.0398734023438
1 0.835759164844 0.494795861111 0.0455696027778 0.013291134375
1 0.841455364844 0.580871775 0.140084330556 0.07784806875
1 0.453164382813 0.610407628472 0.0371307875 0.0094936671875
2 0.312341645703 0.658508875 0.0354430222222 0.0512658023437
2 0.299999878906 0.685513084028 0.0523206541667 0.0303797359375
2 0.374999848047 0.687200847917 0.0725738125 0.0664556695312
