1 0.752673532031 0.317902349306 0.0315647736111 0.050446259375
2 0.596094996875 0.603081121528 0.145571304167 0.123800596875
2 0.539068739453 0.575353253472 0.103979501389 0.0448411617187
2 0.520059985156 0.562355815972 0.0641206930556 0.0302190421875
2 0.500563828906 0.547625386806 0.0346598347222 0.0224205796875
2 0.485941711328 0.542426411806 0.0242618847222 0.0146221179688
2 0.150607811719 0.616078559028 0.116110445833 0.117951748437
2 0.233953881641 0.580552229167 0.100513519444 0.0818838585938
2 0.294879374219 0.578819238194 0.0623877013889 0.0497152
2 0.338258321875 0.55888983125 0.0502567597222 0.0311938515625
2 0.377250637109 0.559756327778 0.0658536861111 0.0448411617187
2 0.404545256641 0.551091369444 0.0207959027778 0.0136473101562
1 0.739742453516 0.4040984625 0.1019785 0.0273156695312
