3 0.824176653125 0.792373588194 0.160951901389 0.03228395625
3 0.184002466797 0.731977642361 0.0773567236111 0.0189492789062
2 0.302961828906 0.767120894444 0.0885859305556 0.0772007640625
2 0.426833968359 0.768992427778 0.102310513889 0.0666733882813
2 0.503332909766 0.762753982639 0.0723659708333 0.0470222851562
3 0.0952215863281 0.729066375 0.157208833333 0.0196511054688
3 0.141542045703 0.717213327778 0.1035582 0.0168438039062
3 0.158385848828 0.744038645833 0.13225505 0.0168438023438
3 0.0376719226563 0.729690221528 0.203373331944 0.0421095078125
3 0.0674994921875 0.736552509722 0.142236563889 0.016141978125
3 0.00714253007813 0.730314063194 0.167190345833 0.0133346773438
3 0.703937937109 0.828257661111 0.225831736111 0.0673752132812
3 0.735169155078 0.7795977875 0.118530469444 0.0175456289062
2 0.529768327344 0.759842695833 0.0524029444444 0.017545628125
2 0.539593879297 0.777934190278 0.0661275277778 0.0273711789063
2 0.383437783984 0.758179117361 0.0524029458333 0.0280730054688
2 0.351855652344 0.759426802778 0.0848428611111 0.0393022078125
2 0.593985327734 0.773567277778 0.186321586111 0.109484721094
3 0.473388371484 0.757347327778 0.0307763416667 0.00818796015625
0 0.823833064063 0.578719819444 0.0586413888889 0.021756578125
0 0.877171778125 0.574352905556 0.0673752083333 0.0414076859375
0 0.840676867969 0.452079370833 0.102310511111 0.025967528125
0 0.444496572266 0.692883377778 0.0149722694444 0.00561460078125
1 0.841729606641 0.521534068056 0.0349352972222 0.0533387117188
1 0.535616867188 0.715965629167 0.0237060944444 0.0091237265625
5 0.456310625781 0.735304820833 0.037430675 0.02456388125
0 0.415955678125 0.688516465972 0.0237060930556 0.00982555
