1 0.405727512891 0.357597397917 0.0332648736111 0.0467787289062
1 0.473556669922 0.355518343056 0.0401950555556 0.0327451101563
1 0.511369476953 0.392941326389 0.0346509111111 0.0413212101563
1 0.434184580078 0.405415655556 0.0180184722222 0.0179318460938
2 0.384677083984 0.45115485625 0.0429671291667 0.0249486554688
2 0.421710245312 0.441452602778 0.0152464 0.010135390625
2 0.406117335547 0.4456107125 0.0235626194444 0.0179318460937
2 0.255255933203 0.441452600694 0.0928644375 0.0639309304688
2 0.484081892187 0.444917691667 0.0332648722222 0.0085761015625
2 0.455235001172 0.466401258333 0.079004075 0.0522362476562
2 0.328542608984 0.46778729375 0.134445531944 0.106031786719
2 0.0459211195312 0.453233911111 0.191273027778 0.091218521875
2 0.499905903516 0.441056593056 0.0124743277778 0.0109150367188
2 0.784791154688 0.434799627778 0.0291067638889 0.0311858203125
2 0.844044211719 0.417474171528 0.0554414569444 0.056134475
1 0.718521287891 0.331539913194 0.0526693847222 0.0296265289063
