0 0.421360691406 0.282477651389 0.0121309416667 0.0077984625
0 0.601700142969 0.298941072917 0.0173299180556 0.0077984625
0 0.555396770313 0.295475088889 0.0138639333333 0.0068236546875
1 0.338014620703 0.277278676389 0.0121309416667 0.0165717335938
0 0.322417695313 0.278145172222 0.0173299166667 0.00682365625
2 0.312669616797 0.345731849306 0.0311938513889 0.0302190429688
2 0.243458259766 0.350064328472 0.0225288930556 0.0243701960937
2 0.603649758594 0.354396807639 0.0311938513889 0.036067890625
2 0.469126275391 0.337933386806 0.0190629097222 0.0185213476562
2 0.430621366016 0.339666378472 0.0155969263889 0.0175465414062
2 0.687970637109 0.359595784028 0.0554557375 0.0370426976563
2 0.766930072656 0.337066890972 0.124775404167 0.124775404687
1 0.198617098438 0.26168175 0.0779846277778 0.032168659375
