2 0.41221783125 0.459250761111 0.0232758694444 0.009064159375
2 0.400132285156 0.455669857639 0.0232758652778 0.0110784171875
2 0.394593075781 0.463726888889 0.0250663194444 0.0100712890625
2 0.334668907031 0.471783918056 0.0375994777778 0.017121190625
2 0.305462172656 0.470888694444 0.0608753444444 0.03726376875
2 0.271723353516 0.478945725 0.0519230916667 0.0543849585937
2 0.21330988125 0.481631402083 0.0859416625 0.0664705046875
2 0.133238127344 0.504124913889 0.0843769527778 0.111801317187
2 0.36689703125 0.461936436111 0.0608753444444 0.0473350578125
2 0.562783596094 0.446717599306 0.0734085013889 0.0523707015625
2 0.491781009375 0.466412565278 0.187997388889 0.119848334375
1 0.519980619531 0.373309098611 0.0196949638889 0.0110784171875
1 0.226890758984 0.354323242361 0.0509892486111 0.0122920507812
