2 0.418000826953 0.778316674306 0.0321428736111 0.0327168507812
2 0.392602217187 0.789796272917 0.0244898069444 0.033577821875
2 0.359024396094 0.792857498611 0.0306122583333 0.0404655796875
2 0.312101543359 0.797449338889 0.0520408416667 0.0413265492188
2 0.264748205859 0.79668403125 0.0627551291667 0.0585459445312
2 0.210076625781 0.802806479861 0.0964286125 0.097289584375
2 0.642783246484 0.783261419444 0.0695833972222 0.0429098679687
2 0.694372123437 0.802806484722 0.0994898388889 0.0929847359375
2 0.0925542511719 0.792092193056 0.169898033333 0.182525592969
2 0.885507412109 0.864031 0.182142936111 0.227296021094
2 0.538880977344 0.767908525694 0.0168367430556 0.014636484375
1 0.670695453125 0.727806447917 0.0306122597222 0.0163584234375
1 0.573179867578 0.684337052083 0.0168367430556 0.0241071523437
