1 0.465958151172 0.357862790278 0.0398588083333 0.0175465414062
1 0.407469680078 0.388190146528 0.0346598347222 0.0272946195313
1 0.364237560156 0.395516476389 0.0477350444444 0.0552703859375
5 0.0999178042969 0.441912888889 0.363928261111 0.199835608594
2 0.206659263281 0.483504693056 0.0519897527778 0.0428915453125
2 0.275870620312 0.506033584028 0.110911470833 0.09553116875
2 0.419167374219 0.486970675 0.149037288889 0.093581553125
2 0.318762165234 0.464441784028 0.0901155708333 0.0604380867187
2 0.349956016406 0.455776824306 0.0519897513889 0.0194961578125
2 0.36262851875 0.4635752875 0.0329268444444 0.013647309375
2 0.403570448047 0.423716477778 0.0641206944444 0.0545892398438
