2 0.452054727734 0.406077043056 0.015302275 0.0229534132812
2 0.461140453125 0.420529191667 0.0238035388889 0.0181714515625
2 0.485050257812 0.431580834722 0.0595088472222 0.0640782765625
2 0.51278563125 0.440932225 0.0850126388889 0.0908572578125
2 0.579254888281 0.455384374306 0.137720476389 0.185540084375
2 0.683023441406 0.423079571528 0.0663098569444 0.190322046875
2 0.801616072656 0.400126158333 0.0476070777778 0.0793805515625
2 0.875736467187 0.412878054167 0.0663098583333 0.11094149375
2 0.35434330625 0.4324309625 0.0204030333333 0.0239098046875
2 0.308436480469 0.457934753472 0.0680101125 0.0468632171875
2 0.180279927344 0.484288670833 0.127518958333 0.0927700421875
2 0.0698166300781 0.434981340278 0.076511375 0.135807691406
2 0.279266519141 0.469553150694 0.0663098569444 0.0631218851563
2 0.349720763281 0.444049359722 0.0255037916667 0.0229534125
2 0.431492295703 0.418545567361 0.0255037930556 0.0200842367187
2 0.410451666797 0.4227962 0.0272040444444 0.0219970195312
2 0.688283598047 0.495907069444 0.166624772222 0.298394363281
2 0.0912671382812 0.509832948611 0.156423255556 0.15302275
2 0.0112034503906 0.547238509722 0.159823761111 0.0224069007812
