2 0.0782976941406 0.625743136806 0.0693243097222 0.120063324219
1 0.594980461719 0.560979635417 0.0237162125 0.010261821875
1 0.600624464453 0.595641792361 0.0529053958333 0.0215498273437
1 0.606781558203 0.625743138889 0.0255405388889 0.0133403695312
1 0.560090265234 0.594729629167 0.0291891833333 0.0225760101562
2 0.522121521094 0.638513404861 0.0218918847222 0.016418915625
2 0.541618984375 0.63942556875 0.0237162125 0.0143665515625
2 0.487231325 0.643074216667 0.0237162111111 0.020523646875
2 0.388244179297 0.63649581875 0.0251540097222 0.0257334414063
2 0.222989392969 0.634864759028 0.0291891847222 0.0810683984375
