2 0.572263275781 0.493705434028 0.0242805958333 0.0109262671875
2 0.558605441406 0.488849315972 0.0291367125 0.01912096875
2 0.536752905469 0.492491405556 0.0315647722222 0.01912096875
2 0.5217292875 0.487635284722 0.0218525305556 0.0109262703125
2 0.505339885938 0.499775584722 0.0655576055556 0.0382419359375
2 0.475975539453 0.486421257639 0.0242805958333 0.0204867539063
2 0.458220354687 0.492491404861 0.0412770125 0.028681453125
2 0.381053588281 0.477923050694 0.0218525375 0.0245841
2 0.361932618359 0.477923050694 0.0218525375 0.0163893992187
2 0.305935497656 0.486421258333 0.0194244777778 0.02731566875
2 0.222622705469 0.485207225694 0.0267086541667 0.03551036875
2 0.417246851562 0.527698267361 0.101978495833 0.08604435625
1 0.534021338672 0.452428425 0.0194244777778 0.0245841023438
1 0.563385684375 0.365018282639 0.0339928347222 0.0669233875
1 0.600944728125 0.401439177778 0.0242805972222 0.0163894015625
1 0.828575315625 0.265467836806 0.0437050736111 0.01912096875
1 0.0150236183594 0.390512904861 0.0607014847222 0.0136578351563
