1 0.609187827344 0.173192692361 0.0469033208333 0.019500565625
1 0.611482011328 0.235390573611 0.0734138944444 0.0332656695313
1 0.515699823828 0.239469122917 0.0244712958333 0.0114709210938
1 0.519141098828 0.257822597917 0.0244712986111 0.0160592882812
1 0.494478619531 0.256802959722 0.0224320222222 0.0355598546875
1 0.543230031641 0.297588455556 0.0265105722222 0.0137651039062
1 0.385504871484 0.28433316875 0.0244712958333 0.0149121976563
2 0.535691999609 0.32492445625 0.0203927458333 0.0160592882812
2 0.513897249609 0.324924456944 0.01223565 0.00917673671875
2 0.523647532031 0.323904820139 0.0142749236111 0.0126180125
2 0.504720512891 0.325944095139 0.0183534736111 0.0114709195312
2 0.495543776953 0.32798336875 0.0183534736111 0.00917673671875
2 0.486940586719 0.336140468056 0.0265105722222 0.01720638125
2 0.525941716797 0.343277928472 0.0285498458333 0.0240889335937
2 0.44793945625 0.33614046875 0.0183534736111 0.010323828125
2 0.432453712891 0.347356479861 0.0326283958333 0.0206476585938
2 0.388864213281 0.346336843056 0.0224320222222 0.022941840625
2 0.367643009375 0.351435028472 0.0203927458333 0.02179475
2 0.349863083203 0.354493941667 0.0265105722222 0.0206476570312
2 0.326347696094 0.356533216667 0.0305891222222 0.024088934375
2 0.302258762891 0.363670677778 0.0367069444444 0.0263831179688
2 0.122165305859 0.382975805556 0.0611782416667 0.0585016960938
2 0.0883260890625 0.386034717361 0.0550604180556 0.0458836828125
2 0.0316269675781 0.378722461806 0.0407854958333 0.0619429726562
2 0.0399570335938 0.418051334722 0.0693353444444 0.079149353125
2 0.0216904738281 0.464636016667 0.138670686111 0.0433809476563
2 0.22712423125 0.424780947222 0.210045305556 0.169769628125
2 0.462851652344 0.340151044444 0.0367069472222 0.02179475
2 0.507014696875 0.356465239583 0.0448640458333 0.02982439375
2 0.414673784766 0.356465240972 0.0489425958333 0.0332656695312
2 0.609679439062 0.411525659028 0.146827784722 0.118150484375
