2 0.0285259773438 0.682030779861 0.346874759722 0.0566894140625
2 0.125334688672 0.611718329167 0.112499919444 0.134653835156
2 0.203208475391 0.599999586806 0.103124926389 0.0738280757812
2 0.555028916016 0.652343289583 0.0609374597222 0.0290038882813
2 0.578100189062 0.671093275 0.0796874416667 0.0566894140625
2 0.622265196484 0.689843261111 0.107812425 0.0949218117187
2 0.688842300391 0.736718230556 0.164062388889 0.154247939844
3 0.823974042969 0.730858861111 0.157031138889 0.023730453125
3 0.841771883203 0.733202609028 0.133593654167 0.0145019429688
3 0.322338644531 0.621874559722 0.103124927778 0.0804198640625
3 0.371777087891 0.596093327778 0.0328124777778 0.0105468679687
2 0.395507540234 0.594921454861 0.0257812291667 0.0158203007812
2 0.410009483203 0.597265203472 0.0257812319444 0.0131835851563
2 0.421215530078 0.588280827083 0.0359374625 0.0145019429688
0 0.402099333594 0.531249613194 0.0234374847222 0.0079101515625
2 0.0692138199219 0.589062082639 0.0656249541667 0.0408691117188
1 0.37836888125 0.524218368056 0.0140624916667 0.0184570171875
4 0.481886251953 0.592895099306 0.2695310625 0.129199127344
