2 0.658125583594 0.419009811111 0.0585849583333 0.0343868234375
2 0.602963387891 0.402453190278 0.0305660611111 0.0128950585937
2 0.554248721484 0.408821122222 0.043301925 0.0386851757812
2 0.408104722266 0.401179603472 0.0331132347222 0.0157606289062
2 0.441775155078 0.415189052778 0.0764151638889 0.0659080789063
2 0.701825505469 0.443207945833 0.127358602778 0.09313098125
2 0.359390055859 0.434292844444 0.140094466667 0.113189960156
2 0.502668487109 0.408821122917 0.0585849569444 0.0472818835937
2 0.583620800391 0.421556981944 0.0483962694444 0.0401179601562
2 0.621589583594 0.408821121528 0.0331132347222 0.0272229015625
2 0.117249508594 0.3960852625 0.0331132361111 0.0788031375
2 0.216828017969 0.398207890972 0.0356604097222 0.0458490984375
2 0.307809821094 0.390566377083 0.0305660652778 0.0358196078125
2 0.268408253125 0.394387134722 0.0280188972222 0.042983528125
2 0.0398791566406 0.389292788194 0.0483962708333 0.0759375679687
2 0.896684171875 0.564198620833 0.491604213889 0.2020225875
1 0.860386975391 0.366792782639 0.0229245486111 0.0100294898437
1 0.805941173047 0.357877679167 0.020377375 0.0157606273437
1 0.804508388672 0.37825505625 0.0101886875 0.0128950585937
1 0.780867446094 0.345141817361 0.0305660652778 0.02579011875
2 0.636872623047 0.370613542361 0.0254717208333 0.0186261960937
1 0.313779762109 0.338773888889 0.043301925 0.0229245476562
1 0.23282745 0.334953129167 0.0560377861111 0.015760628125
1 0.506966838672 0.355330507639 0.0433019263889 0.0214917648437
