2 0.573667204687 0.513749640278 0.0328124777778 0.0369140375
2 0.666611476172 0.502030897222 0.0234374833333 0.0276855273438
2 0.462265913672 0.520780885417 0.0187499875 0.00922851015625
2 0.485996365625 0.521952758333 0.0210937333333 0.0092285078125
2 0.447763971484 0.521952758333 0.0210937333333 0.0171386601563
2 0.475449498828 0.523124632639 0.0234374819444 0.0171386601562
2 0.908530255078 0.477421540278 0.0257812333333 0.0395507539062
2 0.706821409766 0.496171526389 0.0164062388889 0.0263671695313
2 0.743076267578 0.493827777778 0.0164062361111 0.0171386601563
2 0.773398512109 0.489140281944 0.0164062388889 0.0224120945313
2 0.807675832812 0.489140281944 0.0210937361111 0.01450194375
2 0.830087925781 0.483280911111 0.0187499888889 0.0197753765625
2 0.537119123047 0.514698542361 0.0242618847222 0.0155969257813
2 0.512261523047 0.516431534722 0.0173299166667 0.0107228867188
2 0.600481633203 0.506900079861 0.0190629097222 0.0116976945313
2 0.617540770312 0.506900079861 0.0155969263889 0.0146221171875
2 0.637036927344 0.507766575694 0.0173299180556 0.0185213484375
