0 0.292896927734 0.185131101389 0.0457627444444 0.0155552960937
0 0.673657834766 0.0532602 0.084851075 0.0170645929687
0 0.661468838281 0.0585071770833 0.0910111652778 0.0219401921875
1 0.741306757422 0.104012760417 0.0520063791667 0.0889796648437
1 0.810784030469 0.127849020139 0.0563402458333 0.0304724875
1 0.807127332813 0.213442852778 0.0368378555556 0.0450992828125
1 0.169642875781 0.241612973611 0.0238362555556 0.0207212921875
1 0.159891679688 0.263282298611 0.0238362555556 0.0280346890625
0 0.453646467578 0.329373740972 0.0260031902778 0.0109700960938
0 0.386606992969 0.323956409722 0.0281701222222 0.008532296875
2 0.691331876953 0.430136102778 0.114847422222 0.0841040679687
2 0.627949101172 0.40629984375 0.0845103652778 0.0597260773438
2 0.5968671625 0.395465182639 0.0715087736111 0.026815790625
2 0.573098621875 0.395465182639 0.0628410430556 0.0377858859375
2 0.543235584375 0.392214784028 0.0563402458333 0.0341291875
2 0.504230797656 0.388964386111 0.0368378555556 0.0292535875
4 0.492041803125 0.372712391667 0.0520063777778 0.04875598125
4 0.426606904297 0.379213188889 0.0563402444444 0.0723626195313
2 0.955223625391 0.391131317361 0.0455055819444 0.0365669851562
0 0.81017458125 0.305537484028 0.0390047875 0.01706459375
2 0.0477529234375 0.3901216125 0.0434861722222 0.040223684375
2 0.110778824609 0.392029752778 0.0393748472222 0.0444626664063
5 0.167818741406 0.358010434028 0.0684086986111 0.10237913125
2 0.210476010156 0.390047852083 0.0476725180556 0.056069378125
2 0.011992190625 0.388964384722 0.0671749083333 0.02398438125
