2 0.3807843 0.420126699306 0.0173299208333 0.01169769375
2 0.3915071875 0.427925161111 0.0259948777778 0.011697696875
5 0.398330840625 0.414927727778 0.0346598388889 0.0155969265625
2 0.4041796875 0.431391146528 0.0225288930556 0.013647309375
5 0.485576143359 0.430524649306 0.0589217180556 0.0302190429688
2 0.441222385938 0.438323113889 0.119576433333 0.0701861640625
2 0.338014620313 0.401187584722 0.0173299166667 0.0107228859375
2 0.351174527344 0.398588097917 0.0121309430556 0.013647309375
2 0.349712314844 0.411585536111 0.0138639333333 0.0224205796875
2 0.351174526562 0.424582972917 0.0329268430556 0.0350930828125
2 0.333627985156 0.428915452083 0.0311938513889 0.0233953875
2 0.31072 0.426315967361 0.0467907791667 0.0360678875
2 0.255643357813 0.418517499306 0.0797176152778 0.0818838578125
2 0.184482385156 0.361328775694 0.0138639347222 0.0077984625
2 0.190331232813 0.363061767361 0.0138639347222 0.009748078125
2 0.202028926563 0.366527750694 0.0138639347222 0.009748078125
2 0.196180077344 0.380391684722 0.0138639333333 0.01364730625
2 0.214701428516 0.406386559028 0.0242618819444 0.0292442367187
2 0.187894212109 0.434980924306 0.0675866763889 0.0692113570313
2 0.110884393359 0.423716475 0.09358155 0.0789594351562
2 0.0645810195312 0.44624536875 0.100513520833 0.128674634375
2 0.616809666406 0.444512377778 0.173299172222 0.131599060938
1 0.417826997656 0.371602929167 0.0242618833333 0.021445771875
1 0.076644253125 0.3360766 0.0225288916667 0.019496159375
