0 0.445678760547 0.38170675 0.0255037944444 0.00765113828125
0 0.511669821484 0.380856622222 0.0238035388889 0.00765113828125
2 0.502584094922 0.435264711111 0.0204030333333 0.0105203132813
2 0.510713428906 0.4361148375 0.0221032861111 0.009563921875
2 0.548012724219 0.455327700694 0.0408060680556 0.03060455
2 0.489194603906 0.437475047222 0.0153022777778 0.0066947453125
2 0.474370525781 0.443425930556 0.0272040444444 0.0191278421875
5 0.450460721094 0.432374286806 0.0384257236111 0.021040628125
2 0.449504328906 0.448866732639 0.0238035375 0.015302275
1 0.408857660547 0.400409529861 0.00850126527778 0.0105203132812
1 0.404553896094 0.419962436806 0.0136020236111 0.005738353125
1 0.424638132422 0.413161425 0.00680101111111 0.00765113828125
1 0.537492410156 0.407210540972 0.00850126527778 0.0076511375
