2 0.0586669519531 0.505077777778 0.187499872222 0.117333903906
2 0.139745998047 0.494530909722 0.110156175 0.0738280742187
2 0.208300637891 0.478124670833 0.0726562 0.0711913570312
2 0.290038863281 0.465234054861 0.0656249541667 0.0158203015625
2 0.248510571484 0.466405929167 0.0679687027778 0.0329589617188
2 0.328930437891 0.476952797222 0.0890624388889 0.0698729992188
2 0.378368880469 0.457030935417 0.0539062125 0.0210937359375
5 0.431103219141 0.423046584722 0.206249858333 0.0896483757813
2 0.493725246484 0.485155916667 0.100781180556 0.0619628476563
2 0.866820692969 0.588280845139 0.353906006944 0.266308410937
2 0.699389167969 0.543554307639 0.283984193056 0.288720504688
2 0.272241023438 0.459374684028 0.0585937097222 0.0250488109375
