0 0.517835438672 0.411359132639 0.0239214180556 0.00409524296875
1 0.109694015234 0.11905455 0.1435285 0.0310068367187
1 0.107353874219 0.2501023125 0.0790446805556 0.03451704375
2 0.442724967187 0.509630178472 0.00936055416667 0.0076054484375
2 0.435412035156 0.504429872222 0.0114406777778 0.0081904859375
2 0.4181535125 0.488308919444 0.0312018527778 0.026326559375
2 0.405282751172 0.494029254167 0.0364021527778 0.0427075273438
2 0.356139839844 0.475828178472 0.0416024652778 0.047972840625
2 0.321622797266 0.452946825 0.0478428333333 0.0596735351563
2 0.305826859375 0.456067006944 0.0790446805556 0.08073478125
2 0.25931660625 0.437865930556 0.119607083333 0.111741617188
2 0.165564805078 0.419664851389 0.056163325 0.0664014335938
2 0.0688147003906 0.388983034028 0.0925654791667 0.137629400781
2 0.079125934375 0.490389040972 0.168489979167 0.157959351563
2 0.469968973437 0.508557615278 0.0135208 0.0052653125
2 0.457975762891 0.514277954167 0.0228813527778 0.0152108992187
2 0.484302321094 0.521558386806 0.0270416013889 0.0163809703125
2 0.570887449219 0.536639278472 0.236093981944 0.140408314063
5 0.821388642187 0.433705686111 0.725962994444 0.355701064063
