0 0.104385378906 0.361971275694 0.0938066402778 0.018353471875
0 0.134783319141 0.302832309028 0.0611782430556 0.0172063835937
0 0.773713604297 0.382364024306 0.0285498458333 0.0114709210937
0 0.755933677734 0.387462211806 0.0305891236111 0.00802964453125
0 0.387717122656 0.371148015972 0.0305891263889 0.0091767359375
0 0.792067078906 0.303851944444 0.0632175138889 0.01376510625
0 0.441630448437 0.379305111806 0.0387462208333 0.0091767359375
0 0.494970230078 0.3813443875 0.0428247722222 0.0126180132813
1 0.467440019922 0.388481848611 0.0163141972222 0.0217947492188
1 0.414100239063 0.383383663194 0.0142749236111 0.0091767359375
1 0.833935938672 0.321185783333 0.0326283972222 0.0195005648437
1 0.932585857031 0.20800603125 0.0632175180556 0.0332656703125
1 0.895878911328 0.262046809722 0.0734138916667 0.0493249617187
1 0.927423942969 0.339539254861 0.0122356486111 0.0137651046875
1 0.928571033984 0.356873090278 0.0428247722222 0.0344127617187
0 0.936600679687 0.284478836111 0.0978851888889 0.022941840625
1 0.757080769531 0.439463719444 0.0326283944444 0.00802964375
0 0.5047205125 0.505740152083 0.0305891236111 0.0091767359375
1 0.640077378516 0.526132900694 0.0101963736111 0.0126180132813
0 0.633768371484 0.54346673125 0.0122356458333 0.0103238273438
5 0.286773018359 0.568957670833 0.0672960694444 0.0527662351562
2 0.129047859375 0.587311143056 0.0265105722222 0.0309714859375
2 0.165181258984 0.58527186875 0.0591389708333 0.0481778664063
2 0.375672654687 0.569977306944 0.0203927472222 0.0126180125
2 0.400908680469 0.578134406944 0.0163142027778 0.02179475
3 0.3854229375 0.57303621875 0.0183534708333 0.0091767359375
3 0.620576813672 0.582212955556 0.0570996944444 0.0114709210937
3 0.609105891797 0.583232594444 0.0672960694444 0.0114709195312
3 0.562075116797 0.574055855556 0.0407854944444 0.00688255234375
3 0.890143451562 0.581193317361 0.0469033208333 0.0103238296875
3 0.985352092969 0.606684254167 0.142749236111 0.0286773015625
2 0.23974224375 0.589350417361 0.0387462236111 0.0412953140625
2 0.319465142578 0.589350414583 0.0632175152778 0.0470307726562
2 0.512176611719 0.635234097222 0.154984880556 0.1158563
2 0.4358949875 0.598527153472 0.0856495402778 0.0596487875
4 0.958968973828 0.550604195139 0.1121601125 0.0791493523438
2 0.7111970875 0.616880626389 0.212084577778 0.18009345625
3 0.197299837109 0.593428967361 0.165181259722 0.0229418414062
3 0.848848135938 0.603625338889 0.132552861111 0.0263831171875
3 0.585016958203 0.578134404861 0.0693353402778 0.0126180132813
3 0.598208516797 0.578134406944 0.0774924444444 0.0114709210937
1 0.985968644531 0.447824747222 0.0163141972222 0.0229418421875
