0 0.429037911328 0.189291353472 0.0374422458333 0.0117007007813
0 0.440153576172 0.182010915278 0.0353621194444 0.0105306304687
0 0.419092312109 0.184091038194 0.0312018708333 0.00819049140625
0 0.238316473047 0.254815279861 0.0270416208333 0.00936056171875
0 0.226615770312 0.253775217361 0.0249614958333 0.009360559375
0 0.216085140234 0.253775217361 0.0249614958333 0.00702041953125
1 0.195608912891 0.262095716667 0.016641 0.0175510523437
1 0.670072363672 0.121687298611 0.114406861111 0.100626032031
0 0.0247786679688 0.213212784028 0.0644838652778 0.0152109109375
0 0.0277038429687 0.275616527083 0.0436826208333 0.0140408421875
0 0.01249293125 0.320339211111 0.0249615 0.0210612625
1 0.0160031414062 0.146648793056 0.0270416194444 0.01638098125
3 0.348303068359 0.357781455556 0.0208012472222 0.00468028046875
3 0.343037752734 0.353621205556 0.0249614972222 0.00585035078125
2 0.388670490234 0.353621205556 0.0249614972222 0.0152109117187
2 0.934508221875 0.327619646528 0.0145608736111 0.0163809828125
2 0.915787100391 0.347380827778 0.0291217444444 0.0585035101563
2 0.876589749219 0.346340770139 0.0395223680556 0.0620137171875
2 0.818671275781 0.34530070625 0.0416024958333 0.0444626671875
2 0.720385381641 0.353621207639 0.0332819986111 0.0421225257812
2 0.782399101172 0.349460959028 0.0416024958333 0.0865851914062
2 0.684113206641 0.347380827778 0.0291217444444 0.0210612632812
2 0.636140330078 0.34946095625 0.0457627402778 0.0374422460937
2 0.6191743125 0.35674139375 0.0395223708333 0.0292517546875
2 0.986576344141 0.338020269444 0.0270416222222 0.0222313335937
2 0.405636507031 0.338020270139 0.0145608736111 0.01638098125
3 0.0721665089844 0.381702892361 0.0228813708333 0.00936056171875
3 0.0633909835937 0.379622764583 0.0436826180556 0.012870771875
0 0.160506805859 0.324499460417 0.0166409958333 0.0128707710937
1 0.173962613281 0.32553951875 0.0145608736111 0.0117007
2 0.0130779660156 0.406664386806 0.0644838708333 0.0105306304687
2 0.0195133515625 0.395223700694 0.0748844902778 0.0117007015625
2 0.00605754414063 0.403544198611 0.0249614972222 0.0105306320313
6 0.00273625546875 0.4108246375 0.0270416222222 0.0054725109375
7 0.0021512203125 0.438906320139 0.0374422458333 0.004302440625
3 0.302670330859 0.360901643056 0.0270416222222 0.00702042109375
3 0.307350612109 0.357781454167 0.0332819944444 0.00702041953125
3 0.297405016406 0.359861579167 0.0291217444444 0.0058503515625
2 0.506847576563 0.44410663125 0.376502576389 0.235184103125
3 0.661881873047 0.360901643056 0.118567108333 0.0210612632812
