1 0.311938510547 0.400321088889 0.0207959 0.0155969257813
1 0.390897946094 0.408119550694 0.0294608569444 0.01169769375
1 0.479118055859 0.413318526389 0.015596925 0.0146221164063
1 0.481067672266 0.428048956944 0.0103979527778 0.0224205804688
1 0.548816817578 0.403787071528 0.0415918013889 0.0214457726563
1 0.600969037109 0.331867915278 0.0918485611111 0.0263198117188
1 0.618028174219 0.421983485417 0.0294608597222 0.01169769375
1 0.514698542578 0.454043831944 0.0242618833333 0.0116976945312
1 0.413805930469 0.431514939583 0.0207959013889 0.0126725015625
2 0.202272628125 0.620411038194 0.263414743056 0.275870620312
2 0.47911805625 0.5944161625 0.246084825 0.176440220313
2 0.366040346094 0.525962988194 0.112644459722 0.0828586671875
2 0.403570448047 0.501701104861 0.0294608597222 0.0214457726563
