0 0.369394390234 0.365243065278 0.01649485 0.0104381445312
0 0.343878923828 0.371428631944 0.01649485 0.0104381460938
1 0.318295005859 0.352778908333 0.0422845138889 0.0206932429688
1 0.408270567187 0.346069643056 0.0206185583333 0.0150773234375
2 0.501610907422 0.410309344444 0.0226804166667 0.0475515539063
2 0.596714014844 0.411340273611 0.0371134083333 0.0313144375
2 0.921605603125 0.405567077778 0.0268041277778 0.083252790625
2 0.867801369922 0.40762893125 0.0185567013889 0.0289948492188
2 0.779657025391 0.407628934028 0.0309278402778 0.0707474335938
2 0.454914704297 0.408659861111 0.0329896944444 0.0289948492188
2 0.686293608203 0.432989311806 0.215258673611 0.204123744531
1 0.321129818359 0.386061461806 0.0194244763889 0.0150236179688
