1 0.5215334875 0.546368413889 0.0254717222222 0.0171934125
1 0.520817094922 0.50943441875 0.0483962680556 0.0214917648437
1 0.550189173438 0.606226959028 0.0433019263889 0.051580234375
1 0.516621084766 0.611139360417 0.0229245486111 0.0200589804688
1 0.527366964453 0.637884664583 0.0356604097222 0.0186261960937
1 0.529516142969 0.697743209722 0.0280188944444 0.01432784375
1 0.51580235 0.638066609722 0.0356604083333 0.01432784375
0 0.739419042188 0.481233582639 0.0585849569444 0.0186261953125
0 0.773805865234 0.533450610417 0.0407547541667 0.0272229023438
0 0.745764230078 0.547642002083 0.0458490986111 0.0186261960937
1 0.480699135156 0.427924911806 0.0483962680556 0.0214917640625
2 0.901698915234 0.593491098611 0.0866038527778 0.0831014898438
6 0.837223621875 0.69665156875 0.247075693056 0.0945637640625
7 0.855133425 0.741227080556 0.198679422222 0.184829175
1 0.457535780469 0.687736467361 0.0407547541667 0.0171934125
