1 0.70283645625 0.580898822222 0.0381258194444 0.017546540625
1 0.616565962891 0.560969416667 0.015596925 0.00877327109375
1 0.300728220703 0.549704969444 0.03119385 0.0204709648437
0 0.574649225391 0.569634375 0.0190629083333 0.00682365546875
0 0.600481632812 0.580898821528 0.0173299180556 0.005848846875
0 0.58780913125 0.592163268056 0.0155969277778 0.005848846875
0 0.470832189844 0.5722338625 0.0207959 0.005848846875
0 0.520059986328 0.599095234722 0.0190629083333 0.00487403984375
2 0.523471813281 0.632888572222 0.0277278666667 0.01169769375
2 0.512748926953 0.63375506875 0.0363928263889 0.0214457726562
2 0.462058919141 0.639820540278 0.0450577861111 0.0311938507813
2 0.422091797266 0.642420027083 0.0467907763889 0.0214457726563
2 0.405032659375 0.642420027083 0.0502567597222 0.0321686578125
2 0.386998714844 0.647619002778 0.0537227444444 0.0253450046875
2 0.364090730469 0.650218490972 0.0658536875 0.0419167375
2 0.337770919141 0.651951482639 0.0623877041667 0.0399671226562
2 0.581472880078 0.646752507639 0.0519897541667 0.0360678898438
2 0.625339233203 0.646752507639 0.0589217208333 0.0243701960937
2 0.647272409766 0.646752505556 0.0658536861111 0.0370426976562
2 0.669205586719 0.651084986806 0.0675866791667 0.036067890625
2 0.701861648828 0.65455096875 0.0814506125 0.0682365492188
2 0.770098198437 0.672747382639 0.114377454167 0.0916319375
2 0.846133210156 0.685744820833 0.150770280556 0.136473098437
2 0.296341585156 0.662349431944 0.0901155694444 0.081883859375
2 0.546867201953 0.655417465278 0.0797176194444 0.0545892398438
2 0.121850980469 0.736001581944 0.525096494444 0.243701960938
2 0.9333785125 0.712606192361 0.214890973611 0.131599059375
