2 0.413870090234 0.330020933333 0.0149584555556 0.00946589921875
2 0.405981841016 0.340304871528 0.0168282625 0.0147247304688
2 0.399145359375 0.3477841 0.0168282638889 0.015776496875
2 0.388627696484 0.35619823125 0.0224376847222 0.0157764960938
2 0.405455957812 0.385180239583 0.0392659458333 0.015776496875
2 0.392834760937 0.389854757639 0.0448753680556 0.0305012265625
2 0.232966264453 0.430055604861 0.0953601569444 0.0473294898438
2 0.181429709375 0.44688386875 0.140235526389 0.125160204687
2 0.438060717578 0.330020933333 0.0149584555556 0.00946589765625
2 0.437534833984 0.345914293056 0.01308865 0.0168282632812
2 0.450156032031 0.324411511111 0.0186980722222 0.010517665625
2 0.463303112891 0.326281319444 0.0112188416667 0.0157764960938
2 0.479079608203 0.336565257639 0.0168282625 0.0199835617188
2 0.463303112891 0.3477841 0.0280471055556 0.0220870945312
2 0.48854550625 0.344979389583 0.0261772986111 0.024190628125
2 0.439638366797 0.378635915278 0.0523545944444 0.0336565257813
2 0.323418177734 0.421641475694 0.186980698611 0.150402599219
2 0.0757271832031 0.499238465972 0.196329734722 0.151454366406
2 0.581100951953 0.376766108333 0.0710526666667 0.0420706570312
2 0.598455098047 0.390789661111 0.0729224722222 0.0462777226563
2 0.648414003516 0.398268888194 0.0990997708333 0.0599506867187
2 0.722563536719 0.405748116667 0.132756297222 0.124108439063
2 0.529038513672 0.399203791667 0.100969577778 0.0788824820312
2 0.874017903125 0.429120701389 0.231856066667 0.24926864375
1 0.348025617578 0.30274065 0.0224252333333 0.0113527742187
