2 0.407472604297 0.533383668056 0.0543806611111 0.0237065695312
2 0.392560408203 0.544259798611 0.051661625 0.0428247710937
2 0.344382539844 0.539501490278 0.104682769444 0.0596487875
2 0.250830799219 0.534290019444 0.230211475 0.143768871875
2 0.516446350781 0.548111777083 0.0720543763889 0.024471296875
2 0.54932965625 0.550151049306 0.0897280902778 0.06423715625
2 0.617390452344 0.590256786806 0.145468259722 0.0978851875
2 0.949664816016 0.752292379861 0.3471829625 0.100179372656
2 0.109356110938 0.582099677778 0.352114802778 0.218712221875
2 0.465337018359 0.544712986111 0.0435045305556 0.0374716757813
2 0.745942842578 0.646993931944 0.273262822222 0.256792519531
2 0.795508354297 0.512877611806 0.0672960708333 0.0573546054687
2 0.893011182031 0.575075493056 0.0897280916667 0.068825525
