1 0.961726899609 0.193364797222 0.0981042027778 0.0239928757812
3 0.520257998828 0.349762800694 0.0597156013889 0.0143957257812
2 0.442880975781 0.333767551389 0.0234597 0.01799465625
2 0.414689346875 0.334833900694 0.0298578013889 0.00959715
2 0.337912146875 0.334833900694 0.0383885986111 0.0191943
5 0.379299857422 0.334833902083 0.127962001389 0.0659804070312
2 0.192155430859 0.381753301389 0.2004738 0.190743357031
2 0.805773210937 0.2964453 0.1236966 0.191943001562
2 0.966216219141 0.291113550694 0.0661136986111 0.0665615414063
1 0.501157488672 0.197343607639 0.0187499875 0.0237304523438
