2 0.51729595 0.432858572917 0.0449334152778 0.0303300546875
2 0.498760916016 0.43934895625 0.0499260180556 0.0224667070313
2 0.479945048047 0.443842297917 0.0589127013889 0.0387550710938
2 0.445964152344 0.444341557639 0.105843159722 0.0606601109375
2 0.415914930469 0.457821582639 0.128809126389 0.057851771875
2 0.323520594531 0.457821581944 0.220672997222 0.158951959375
2 0.641143677734 0.427566411806 0.0279585708333 0.00842501640625
2 0.651253696094 0.434056794444 0.0289570916667 0.0140416921875
2 0.804982185938 0.434556054167 0.0998520361111 0.0674001234375
2 0.558859359766 0.430362274306 0.0279585708333 0.0168500304687
2 0.5875044125 0.429863013194 0.0309541319444 0.0202200375
2 0.571496882031 0.414885205556 0.0109837222222 0.0050550078125
2 0.608566950781 0.409892604167 0.0129807638889 0.0106716875
2 0.624574480078 0.428365230556 0.0379437722222 0.0269600492187
2 0.675499030078 0.432858572222 0.042936375 0.0314533914062
2 0.745052201953 0.447337117361 0.0838757097222 0.0836884867187
2 0.915981207813 0.456214392361 0.110056056944 0.1387423625
2 0.716594394141 0.427033891667 0.0359467333333 0.0241517117187
2 0.152854792969 0.515755264583 0.396412579167 0.305547226562
5 0.250865805469 0.805825427778 0.0199704083333 0.001685003125
5 0.527395941406 0.410819795833 0.0678993833333 0.028645053125
2 0.531618476562 0.424870408333 0.0329511694444 0.01685003125
2 0.576271058594 0.413221016667 0.0149778055556 0.0056166765625
1 0.305459467188 0.1692492 0.0449334166667 0.025275046875
1 0.306863635937 0.213683355556 0.0419378555556 0.021343371875
1 0.308548639062 0.260613813194 0.0459319375 0.0224667078125
1 0.976489392578 0.278729835417 0.0319526513889 0.0196583695312
1 0.975646891016 0.313678047222 0.0359467333333 0.0179733664062
1 0.668571807422 0.365957708333 0.0249630083333 0.0112333554687
1 0.670256809375 0.343491001389 0.0139792861111 0.01685003125
