0 0.240107239063 0.232784377083 0.0469033208333 0.0126180125
0 0.25387234375 0.2354725125 0.0530211444444 0.024088934375
0 0.483290759375 0.208961939583 0.0448640458333 0.0126180125
0 0.460922463672 0.205903027778 0.0509818694444 0.0137651039062
0 0.472393383594 0.205903027083 0.0550604180556 0.0137651046875
0 0.221180219922 0.384339570833 0.0285498472222 0.0229418429687
0 0.0950000914063 0.334377340278 0.0387462222222 0.02982439375
1 0.113927109766 0.345593351389 0.0448640444444 0.0309714851562
1 0.629944730859 0.336480340972 0.0367069458333 0.0378540382813
0 0.672960682812 0.346676715972 0.0407854958333 0.032118578125
1 0.827690644922 0.177565601389 0.0836102666667 0.0435894976562
3 0.686577612891 0.458836831944 0.126435038889 0.0321185789062
3 0.533096707031 0.454758281944 0.0570996944444 0.0183534734375
2 0.289149138281 0.472966088194 0.0469033208333 0.028677303125
2 0.240397724609 0.461750077083 0.0978851902778 0.0780022617187
2 0.207132054297 0.481123188194 0.0672960680556 0.0412953148438
2 0.156660002734 0.520889046528 0.163141984722 0.139945232031
2 0.452036212109 0.441357329167 0.02039275 0.0103238289063
3 0.480139969141 0.453592979167 0.0570996944444 0.0160592882813
2 0.476387342188 0.454758281944 0.0489425944444 0.0378540375
2 0.498755638281 0.454758280556 0.0326283972222 0.0183534734375
2 0.51596201875 0.455777917361 0.0265105736111 0.022941840625
2 0.62975355 0.418051334028 0.0509818708333 0.04244240625
2 0.596186771484 0.506759789583 0.161102709722 0.146827785156
4 0.377092184766 0.432326259028 0.314048318056 0.149121969531
2 0.0709691542969 0.544486372222 0.301812672222 0.141938308594
