0 0.478630652344 0.461901323611 0.0397407555556 0.013647309375
0 0.671642605469 0.437580409028 0.0329268430556 0.009748078125
0 0.623389617187 0.54069341875 0.0138639347222 0.0068236546875
0 0.640936158594 0.551957865278 0.015596925 0.0068236546875
0 0.556127875781 0.5358437625 0.0235632444444 0.0087732703125
1 0.867578982813 0.304140048611 0.0433247944444 0.0428915453125
1 0.718920786719 0.445378872222 0.03119385 0.024370196875
1 0.811040126953 0.508633072917 0.0433247930556 0.0428915445312
2 0.115461511719 0.65593736875 0.164634215278 0.225287048437
2 0.388948329688 0.652471384028 0.2963415875 0.245651575
2 0.563926339063 0.61347906875 0.110911468056 0.0848082828125
2 0.747677617969 0.649871895833 0.197561052778 0.144271560937
2 0.9725303 0.694929682639 0.1698331875 0.0539333796875
2 0.493252770703 0.600481634028 0.0814506125 0.0311938507813
2 0.519572581641 0.603947616667 0.0606547111111 0.0175465414062
2 0.635003292187 0.604814110417 0.0450577847222 0.0303870828125
2 0.669692990625 0.601348128472 0.0346598347222 0.0136473109375
2 0.658482699219 0.597015648611 0.0225288916667 0.0068236546875
5 0.609742308203 0.579685732639 0.0398588097222 0.0185213492187
0 0.890732416016 0.48421841875 0.0421874736111 0.0329589617188
0 0.148496598047 0.519374645139 0.0328124763889 0.0145019429688
1 0.167612795703 0.438749691667 0.0281249805556 0.0369140367188
