2 0.443650716016 0.427842305556 0.046597625 0.0277089460937
2 0.418562885547 0.429839347917 0.0266272180556 0.0164755898437
2 0.521535322656 0.414528697917 0.0306212986111 0.0187222609375
2 0.35041385625 0.441821591667 0.0452662666667 0.0464312078125
2 0.401338405469 0.429839347917 0.0266272180556 0.0269600546875
2 0.478848566797 0.433833428472 0.0985206958333 0.0606601257812
2 0.546248707031 0.421851180556 0.0479289861111 0.0351978515625
2 0.897170750781 0.485281006944 0.230325416667 0.201451528125
0 0.253499416016 0.309541384028 0.0239644958333 0.0112333570313
0 0.550808922266 0.3701183 0.0173076916667 0.00674001328125
0 0.530963325 0.364127175694 0.0159763291667 0.0059911234375
0 0.517857741406 0.271597602083 0.0332840208333 0.0097355765625
0 0.587504552734 0.362795814583 0.0186390513889 0.00599112265625
0 0.418629757813 0.371449656944 0.0133136055556 0.005991125
0 0.661644706641 0.157766255556 0.0332840222222 0.0202200429688
