1 0.453677769531 0.349407340278 0.0405213 0.01319608125
2 0.366103775781 0.399525790278 0.0298578 0.01319608125
2 0.352307872656 0.403791190278 0.0298578 0.0119964390625
2 0.342710722656 0.399525790278 0.0469194 0.0287914515625
2 0.316918380859 0.417653740278 0.0575829 0.0275918054687
2 0.297724082812 0.424051840972 0.0661137013889 0.03718895625
2 0.247938865234 0.436848040972 0.125829301389 0.0815757742187
2 0.205951334375 0.461374090278 0.2004738 0.10556865
2 0.108973885937 0.555212890972 0.452132401389 0.217947771875
2 0.390696472656 0.398459440278 0.0191943 0.014395725
2 0.402692910156 0.400592140278 0.0277251 0.014395725
2 0.412889882422 0.405923890278 0.0341232 0.0227932320313
2 0.424286498047 0.408056590278 0.0554502 0.0311907382813
2 0.440481687891 0.418720090278 0.0597156 0.0323903804688
2 0.463874741406 0.429383590972 0.0810426013889 0.052784325
2 0.509461203906 0.435781690278 0.1364928 0.0791764875
2 0.570043213672 0.475236640278 0.2026065 0.149955469531
2 0.798517598828 0.506160790972 0.494786404167 0.402964802344
0 0.377500391406 0.343009240972 0.0234597013889 0.00959715
0 0.387097541406 0.377132440278 0.0191943 0.00959715
0 0.373301638281 0.373933390278 0.0170616 0.00839750625
