1 0.454337839062 0.406143989583 0.0274576208333 0.033463978125
1 0.5178335875 0.413771109028 0.0396610097222 0.050624990625
1 0.412293354688 0.416059242361 0.0228813541667 0.0231673703125
1 0.816649738672 0.297076217361 0.0777965986111 0.0454766851563
2 0.625947973828 0.493093127083 0.0183050819444 0.0180190632812
2 0.596345224219 0.493855838889 0.0259322 0.02402541875
2 0.565026374219 0.485466010417 0.0183050819444 0.014586859375
2 0.535423626953 0.486991434028 0.0305084680556 0.0188771148437
2 0.497669397266 0.496143972222 0.0427118555556 0.0394703304687
2 0.744935471484 0.562309215972 0.258177918056 0.205637210156
2 0.123130273047 0.512160920833 0.269999947222 0.246260546094
