1 0.305048920313 0.490263160417 0.0497368430556 0.0529564140625
1 0.655760270703 0.401447369444 0.259342105556 0.228811678906
2 0.314541107812 0.566644739583 0.0142105263889 0.01199013125
2 0.330527950391 0.579078950694 0.0142105263889 0.0119901320313
2 0.304549332031 0.583519739583 0.0195394736111 0.0099917765625
5 0.233607718359 0.59240131875 0.0444078958333 0.0299753289063
2 0.312043163672 0.587960529167 0.0284210527778 0.0169860195312
2 0.292059610547 0.590625003472 0.0266447375 0.0149876632813
2 0.27107688125 0.590625002778 0.0230921055556 0.018984375
2 0.24759620625 0.611052634722 0.0497368416667 0.0339720390625
2 0.17665459375 0.62881579375 0.0568421069444 0.0479605265625
2 0.11020928125 0.647467108333 0.108355263889 0.0869284546875
1 0.360003690234 0.548881581944 0.0284210527778 0.0169860195312
1 0.714046747266 0.557156839583 0.0294608597222 0.0146221179688
