2 0.01315990625 0.599615138194 0.1386393375 0.0263198125
2 0.230542055859 0.541559915972 0.150770281944 0.160843294531
2 0.896335815234 0.647272410417 0.275545681944 0.203734839844
2 0.326560628906 0.526829484722 0.145571305556 0.0818838578125
2 0.395284580469 0.535494443056 0.0623877027778 0.0594632796875
2 0.785695123047 0.593549665972 0.157702245833 0.116976941406
2 0.564413743359 0.532894957639 0.0745186458333 0.0448411617187
2 0.463033725781 0.517298029167 0.0502567611111 0.0526396234375
2 0.53809393125 0.51989751875 0.0346598375 0.0214457734375
2 0.487891326953 0.505167089583 0.0329268430556 0.0185213492187
2 0.521034793359 0.504300591667 0.0242618861111 0.0165717335937
2 0.502026040625 0.495635633333 0.0277278666667 0.013647309375
5 0.602431248828 0.51296555 0.0623877 0.0331434679687
1 0.607792692187 0.479172211806 0.0225288902778 0.012672503125
0 0.582447687891 0.413318526389 0.0225288916667 0.0146221179688
0 0.456210071094 0.38732365 0.0225288944444 0.0116976921875
0 0.516648157812 0.467907764583 0.0138639347222 0.0077984625
0 0.687239532031 0.466174773611 0.0173299166667 0.017546540625
0 0.659944912109 0.468774261806 0.0190629125 0.00974807890625
0 0.05361443125 0.459242807639 0.0173299180556 0.009748078125
1 0.413805930078 0.42284998125 0.0138639347222 0.0165717320312
1 0.690163955078 0.409852543056 0.0121309416667 0.0194961585937
1 0.836385132812 0.380391684722 0.0225288944444 0.0233953890625
1 0.651171640625 0.451444346528 0.00866495972222 0.0155969265625
0 0.41380593125 0.470507253472 0.0155969291667 0.0068236546875
1 0.382124676172 0.476572726389 0.0207959027778 0.0136473101562
0 0.558564895703 0.467907764583 0.0138639347222 0.00779846328125
