0 0.246714304297 0.305156034722 0.0281249805556 0.00791015078125
0 0.407554037109 0.311015405556 0.0398437222222 0.0105468679688
0 0.139268088672 0.288535425 0.0426162111111 0.0118652257812
1 0.243418407422 0.247734197917 0.0164062402778 0.0224120945312
1 0.0595074011719 0.0260156034722 0.0520312069444 0.0659179242188
2 0.0845562125 0.370780988194 0.0328124763889 0.0210937359375
2 0.100376513672 0.36257786875 0.0351562263889 0.0369140367188
2 0.122129428516 0.36257786875 0.0257812319444 0.0171386601563
2 0.134653833984 0.371952861806 0.0257812319444 0.0290038867188
2 0.182114738281 0.346171629861 0.0210937347222 0.0421874703125
2 0.172227051172 0.388359100694 0.0632812069444 0.0514159804687
2 0.353501339063 0.382499730556 0.037499975 0.0474609046875
2 0.410849933203 0.373124736806 0.0234374819444 0.0276855273438
2 0.376572613281 0.411796585417 0.0867186902778 0.072509715625
2 0.251328558594 0.419999703472 0.187499870833 0.127880771875
2 0.486655545313 0.480937163194 0.257812320833 0.18193346875
3 0.726596786719 0.388359101389 0.0867186916667 0.01845701875
2 0.0805105015625 0.560624608333 0.398437225 0.161021003125
