2 0.158940622656 0.660439605556 0.380662827778 0.317881245313
2 0.946208924219 0.645878732639 0.343220584722 0.105306314063
2 0.0136630003906 0.503390186806 0.0540832430556 0.0234014023438
2 0.908766678516 0.515870935417 0.0956857375 0.156789402344
2 0.4705754 0.513790811111 0.0457627444444 0.0269116140625
5 0.590507592969 0.548112870139 0.330739834722 0.21763305
1 0.162261912109 0.164329854861 0.0624037402778 0.0444626664063
1 0.160506807031 0.212172723611 0.0499229944444 0.0783947015625
1 0.156996596094 0.287057215278 0.116486986111 0.064353859375
1 0.0066425796875 0.36090164375 0.0936056125 0.0117007015625
1 0.386269396484 0.346786511806 0.0249614958333 0.0269116132813
1 0.403235413672 0.385268817361 0.0187211208333 0.0304218242188
1 0.231820133984 0.4047328375 0.0457627444444 0.0152109117187
