2 0.502764025391 0.518349519444 0.0280188972222 0.0128950601562
2 0.511360730859 0.519623105556 0.0305660694444 0.0186261960937
2 0.532136103125 0.54382124375 0.0942453680556 0.063042509375
2 0.572970455859 0.562925033333 0.112075572222 0.0702064320313
2 0.603488744922 0.583302409722 0.142641638889 0.0745047835938
2 0.716033955859 0.599222234028 0.2725474125 0.234976625781
2 0.472102430469 0.5175853625 0.0203773777778 0.007163921875
2 0.479266350391 0.520132534722 0.0254717222222 0.0128950601562
2 0.458490978125 0.523953291667 0.0331132361111 0.0200589796875
2 0.444163135938 0.529047638194 0.0280188930556 0.0171934109375
2 0.428402507422 0.530321222917 0.0356604097222 0.0200589789062
2 0.411925488672 0.531594809722 0.0382075833333 0.0272229023437
2 0.398314036328 0.534141982639 0.0331132375 0.0257901179687
2 0.383269801953 0.53414198125 0.0483962708333 0.0272229007812
2 0.288706037891 0.549425013889 0.0840566805556 0.0444163148438
2 0.247871684375 0.555792942361 0.0967925375 0.0716392140625
2 0.173366900781 0.585849584028 0.117169918056 0.123219448438
2 0.364213766406 0.537453311806 0.0458490986111 0.0343868234375
2 0.855945358203 0.731034541667 0.472747455556 0.283691291406
