2 0.0685546636719 0.562499803472 0.367499870833 0.137109327344
2 0.129199173438 0.41531235625 0.0918749708333 0.0896484078125
2 0.204609304687 0.398749854167 0.082499975 0.059062478125
5 0.233085855859 0.373437365972 0.0918749680556 0.0674999742187
2 0.277910059375 0.373124867361 0.0674999763889 0.02214843125
2 0.313242078125 0.372499866667 0.112499963889 0.05695310625
2 0.395507673437 0.390312358333 0.200624930556 0.111796834375
2 0.429257662891 0.360312368056 0.129374952778 0.0485156085938
0 0.447714686328 0.305937390278 0.0243749888889 0.0137109320312
0 0.489374828516 0.131249953472 0.0374999847222 0.0126562445312
0 0.478300613281 0.123749954861 0.0449999847222 0.0116015578125
0 0.235195230078 0.169062422222 0.0468749833333 0.0147656195312
1 0.122871049609 0.196249926389 0.0262499916667 0.0601171648438
1 0.584296669922 0.139062446528 0.0243749902778 0.0548437304687
2 0.463534993359 0.356562371528 0.0318749930556 0.0221484304687
2 0.48304670625 0.359999875694 0.0299999902778 0.0168749953125
2 0.494648265234 0.362499866667 0.0299999888889 0.0105468695313
2 0.505722478906 0.377499858333 0.074999975 0.01371093125
2 0.541581841016 0.381249859028 0.0974999680556 0.0664452882812
2 0.643886492969 0.418036957639 0.212324145833 0.186679621875
2 0.785344909375 0.289189351389 0.180878841667 0.20803404375
2 0.938743289844 0.23856436875 0.4771287375 0.1198564625
0 0.372187366797 0.30388660625 0.0318749875 0.0168749976563
1 0.472382644531 0.299199104861 0.0112499902778 0.018984371875
0 0.937315124609 0.167055568056 0.0542244027778 0.0210353289062
