2 0.527617940234 0.40236421875 0.0505102263889 0.0241071539063
2 0.57841515625 0.398537686111 0.116326583333 0.091262796875
2 0.607215749219 0.420183145833 0.0994898444444 0.0929847359375
2 0.774243885547 0.479877050694 0.234183781944 0.241071536719
0 0.407873671484 0.329081779861 0.0275510319444 0.0103316367188
0 0.488804830469 0.337500152778 0.0352040972222 0.0137755171875
0 0.515925377734 0.341326682639 0.0275510291667 0.0111926070312
0 0.448769735547 0.343622603472 0.0229591930556 0.00947066953125
8 0.334625577734 0.409026559028 0.0847723430556 0.0441081101563
2 0.505693519141 0.402668633333 0.0508634055556 0.0309948882812
