2 0.0739216144531 0.632357920833 0.224653472222 0.146258771094
5 0.933338151172 0.702042100694 0.334900081944 0.131047858594
8 0.722725521875 0.598035861806 0.176810601389 0.0936056125
2 0.586412347656 0.555393305556 0.137288233333 0.129877789062
2 0.347132998047 0.528351684028 0.0416024958333 0.0304218242187
2 0.390425594922 0.510670623611 0.0270416222222 0.0187211226562
2 0.193268771484 0.582434927083 0.124807484722 0.104136244531
2 0.264643051563 0.559553554861 0.0790447402778 0.06201371875
2 0.297990051563 0.542912559028 0.0624037430556 0.0351021046875
2 0.532004083984 0.537712245139 0.1019261125 0.0608436492187
2 0.49807205 0.523151372222 0.0811248638889 0.04680280625
2 0.474670646875 0.521071248611 0.0603236194444 0.0210612640625
2 0.467065191406 0.518991123611 0.0436826222222 0.0245714734375
2 0.455949523828 0.516910997917 0.0520031180556 0.0187211226562
2 0.446003928125 0.512750748611 0.0395223694444 0.017551053125
2 0.438398471484 0.518991123611 0.0312018722222 0.0163809820313
2 0.435473296094 0.511710686111 0.0332819972222 0.0222313328125
2 0.367024191406 0.523151373611 0.0228813722222 0.0117007015625
2 0.375799717187 0.514830872917 0.0312018708333 0.012870771875
