2 0.191366010937 0.602749261111 0.0659793916667 0.0556701125
2 0.577384128125 0.617869529167 0.0412371222222 0.0336340265625
2 0.473582564453 0.610653031944 0.0432989777778 0.0324742320313
2 0.152512912109 0.602061954167 0.0329896944444 0.0185567054687
2 0.715302952344 0.623195978472 0.0329896986111 0.0313144375
2 0.793009151172 0.634536186806 0.0432989763889 0.0336340273438
2 0.301546441406 0.59917536875 0.0412371208333 0.03015464375
2 0.518427920312 0.608453722222 0.0309278416667 0.0208762921875
2 0.646198584375 0.614776744444 0.0185567027778 0.0173969109375
2 0.550322273047 0.603436534722 0.0247422694444 0.0143041367187
2 0.501262984766 0.600206297222 0.0226804166667 0.0162371164062
2 0.536056803516 0.600206297222 0.0226804166667 0.0115979398438
2 0.621881560937 0.611546503472 0.0247422680556 0.016237115625
2 0.901101967188 0.615464020139 0.0371134069444 0.0404768390625
2 0.697036197266 0.591752675694 0.0226804152778 0.0266752617187
