2 0.425235858203 0.644181932639 0.0985674430556 0.0793062414063
2 0.537527877344 0.62297121875 0.0786044180556 0.045618634375
2 0.489944141016 0.6154850625 0.0187153361111 0.00631642578125
2 0.484329539844 0.618604286806 0.0174676486111 0.0077200765625
2 0.478013113281 0.621099664583 0.0174676458333 0.0119310265625
2 0.470994863281 0.625466576389 0.0187153388889 0.0077200765625
2 0.463976611719 0.625466577778 0.0212107138889 0.0077200765625
4 0.503840282031 0.610743840972 0.0586413902778 0.02484460625
3 0.699017848047 0.611118170833 0.0573937 0.00982555234375
3 0.642170012891 0.616732771528 0.0311922263889 0.00982555234375
2 0.633046285547 0.624218908333 0.0212107166667 0.0280730070312
3 0.345578703516 0.64630298125 0.0499075680556 0.00701825078125
3 0.323120299219 0.646926826389 0.0411737416667 0.0084219015625
0 0.483557528516 0.5508547625 0.0187153388889 0.00280729921875
0 0.543914491016 0.545864004861 0.0187153375 0.00280730078125
0 0.489101945703 0.552102451389 0.0137245805556 0.00491277578125
0 0.548616717969 0.545240159028 0.0149722680556 0.0035091265625
2 0.571075132422 0.606376930556 0.0349352972222 0.0259675320312
1 0.630005057422 0.538377872222 0.0137245833333 0.00701825234375
1 0.493149153125 0.567074721528 0.0112292013889 0.0238620546875
0 0.632812357813 0.582670836806 0.0099815125 0.0056146
3 0.612459427734 0.616774352083 0.0299445402778 0.00701825078125
