2 0.0419615164062 0.324489943056 0.0459183916667 0.080931159375
1 0.499362470313 0.238775617361 0.0168367430556 0.020663275
1 0.499792954297 0.259438894444 0.0244898055556 0.0249681242187
1 0.349984212891 0.295408296528 0.0137755180556 0.00947066796875
1 0.440816525 0.282398084722 0.009183675 0.017219396875
0 0.491183256641 0.293877684028 0.0168367430556 0.00602678984375
0 0.457605434766 0.281632779861 0.0168367402778 0.00602678828125
1 0.351706151953 0.315306264583 0.0168367430556 0.00774872578125
2 0.452439616016 0.318367492361 0.0198979680556 0.00947066640625
2 0.476977253906 0.313775652083 0.0352040986111 0.0275510328125
2 0.393463187109 0.316836877083 0.0137755125 0.0146364867187
2 0.429193432422 0.326785861111 0.0397959361111 0.0309949117188
2 0.467506587109 0.337500152778 0.0520408388889 0.0404655804688
2 0.315832411328 0.318112378472 0.0198979680556 0.0111926070313
1 0.376858722266 0.215470739583 0.0423529708333 0.0372242898438
