0 0.159381082031 0.336200395833 0.0554557333333 0.0126725015625
0 0.253450039063 0.422849980556 0.0415918 0.01169769375
0 0.502513444531 0.475706227083 0.0294608597222 0.0107228859375
0 0.173515795703 0.3379333875 0.0589217166667 0.0155969257813
0 0.263685521484 0.426315963889 0.0415918 0.0107228867188
1 0.109178477734 0.415918015972 0.0485237680556 0.0194961570312
1 0.509337099219 0.445378872222 0.0415918 0.01462211875
1 0.528833256641 0.468774261806 0.0294608597222 0.00877327109375
1 0.508849695703 0.50949956875 0.0138639375 0.0175465414063
1 0.107716266406 0.45924280625 0.0103979486111 0.0224205796875
1 0.111615498828 0.474839733333 0.0138639333333 0.00487403828125
0 0.79446839375 0.5025676 0.0415918 0.0233953875
0 0.119901365234 0.532894954861 0.0259948736111 0.0155969257813
0 0.493740174609 0.559756327778 0.0242618833333 0.0126725023437
1 0.696012801953 0.399454591667 0.025994875 0.0584884710938
1 0.704298668359 0.437580410417 0.0259948763889 0.0165717320312
2 0.417705162109 0.613479072222 0.0415918 0.0263198117187
2 0.483017287109 0.607413602083 0.0953145458333 0.125750213281
2 0.6336251 0.616945053472 0.0762516375 0.083833475
2 0.701861649609 0.590083681944 0.0294608611111 0.0545892398438
2 0.702836456641 0.634274970833 0.0693196666667 0.122825788281
2 0.794468394531 0.624743515278 0.0710526583333 0.0604380875
2 0.848082826172 0.623877020833 0.103979502778 0.101380016406
2 0.19008753125 0.603081121528 0.0762516375 0.07213578125
2 0.0901697246094 0.591816674306 0.0953145486111 0.112102902344
2 0.036067890625 0.64034044375 0.282477651389 0.07213578125
3 0.09553116875 0.594416161806 0.0866495847222 0.0155969265625
3 0.0848082824219 0.592683170139 0.0935815569444 0.0194961570312
3 0.886100332422 0.620411038194 0.0970475375 0.0253450039062
3 0.623389617969 0.627343004861 0.110911470833 0.0341182734375
3 0.587321726562 0.623010525694 0.0953145486111 0.0224205796875
3 0.505437868359 0.645539417361 0.157702245833 0.0536144320313
2 0.296828988281 0.710526609028 0.488703668056 0.289517929688
