1 0.831998496094 0.201893536111 0.164634213889 0.0380175046875
0 0.223230996484 0.30500654375 0.0485237680556 0.0155969257813
0 0.206659263281 0.303273552083 0.0554557347222 0.013647309375
0 0.192524549609 0.30240705625 0.0537227430556 0.0146221179687
1 0.129162039453 0.42544946875 0.0363928263889 0.0185213492187
0 0.178389835938 0.339666378472 0.0415918013889 0.013647309375
1 0.421604393359 0.402054079861 0.0346598347222 0.0126725023437
1 0.378712848047 0.44104639375 0.0259948736111 0.0146221179687
0 0.322173992969 0.431514939583 0.0346598347222 0.0107228859375
1 0.353367844141 0.337933386806 0.0242618847222 0.0263198117188
2 0.341182745703 0.452310839583 0.0277278652778 0.0233953882813
2 0.3090140875 0.466174774306 0.0381258180556 0.0467907765625
2 0.245651576953 0.452310840278 0.01039795 0.0155969257813
2 0.262223310547 0.473106740972 0.0207959013889 0.0604380867187
2 0.2251806125 0.513832046528 0.0571887263889 0.089682321875
2 0.532245083594 0.493902641667 0.0589217194444 0.0467907765625
2 0.773510026172 0.459242807639 0.0485237680556 0.0302190445313
2 0.849545037891 0.473973236806 0.0363928263889 0.0243701960937
2 0.203247435937 0.460109303472 0.0259948763889 0.036067890625
2 0.137935310156 0.480905203472 0.0398588097222 0.036067890625
2 0.108691074609 0.477439220139 0.0363928263889 0.0263198117188
2 0.0843208785156 0.471373749306 0.0207959013889 0.0321686585937
2 0.0804216476563 0.487837171528 0.0433247958333 0.0536144328125
2 0.043866353125 0.493036145833 0.0606547111111 0.08773270625
2 0.95043765 0.493036145833 0.175032163889 0.097480784375
3 0.6584827 0.477439220833 0.0641206944444 0.0126725015625
2 0.598044613281 0.503434096528 0.140372329167 0.102354823438
2 0.800317241406 0.472240245139 0.0571887263889 0.0331434671875
2 0.0126725019531 0.458376311806 0.0190629097222 0.0253450039063
2 0.0409419292969 0.451444344444 0.0225288916667 0.0194961570313
2 0.0628751058594 0.449711352778 0.0190629083333 0.0224205804687
2 0.0838334746094 0.448844856944 0.0138639333333 0.0155969257813
