0 0.233530719141 0.393046597917 0.0585937097222 0.0131835851562
0 0.531479733203 0.472734042361 0.0585937097222 0.0184570179687
0 0.547300034766 0.526640255556 0.0304687277778 0.00791015078125
0 0.06609919375 0.531327753472 0.0210937375 0.0105468671875
0 0.0186382890625 0.492655903472 0.0374999763889 0.01054686875
0 0.0318218734375 0.491484030556 0.0398437222222 0.013183584375
0 0.501157487891 0.450468433333 0.112499922222 0.0316406039063
0 0.451059867188 0.498515273611 0.0492187166667 0.0210937359375
1 0.533457270313 0.410624711111 0.0328124777778 0.017138659375
1 0.556528544141 0.547733990972 0.0257812319444 0.0105468679688
1 0.569712129297 0.541874620833 0.0281249805556 0.0158203023438
3 0.592783402344 0.605155827083 0.112499923611 0.0250488109375
3 0.783286200391 0.613358946528 0.0914061875 0.0237304523437
6 0.498520771484 0.61687456875 0.154687393056 0.0421874710937
6 0.264512143359 0.591093336111 0.0562499611111 0.0197753773437
8 0.26451214375 0.611015197917 0.0632812069444 0.0250488109375
7 0.495884054687 0.633280809028 0.112499923611 0.087011659375
2 0.232871539844 0.594608960417 0.0351562263889 0.017138659375
2 0.314609765625 0.5910933375 0.0281249805556 0.0118652265625
2 0.323179095312 0.595780834722 0.037499975 0.01845701875
2 0.345591189062 0.600468329861 0.0796874458333 0.0369140375
2 0.170908692578 0.632108933333 0.128906161111 0.0909667335937
2 0.77537605 0.575858972917 0.0679687013889 0.0527343390625
5 0.642221844531 0.602812078472 0.0796874458333 0.134472564062
7 0.722641710938 0.6262495625 0.0609374583333 0.0158203015625
7 0.684409316016 0.619218316667 0.0656249527778 0.0210937367187
7 0.661997221484 0.621562065278 0.0656249527778 0.0210937351563
7 0.640244306641 0.620390190972 0.0679687013889 0.0197753773437
2 0.069963634375 0.693046392361 0.288281054167 0.13992726875
0 0.967856386328 0.062578075 0.124218663889 0.0632812070313
2 0.263852963672 0.601405836111 0.0562499611111 0.0421874695312
3 0.923496557422 0.606880181944 0.0762711722222 0.0171610132812
3 0.961679812891 0.599253064583 0.0884745597222 0.0317478757813
3 0.824820728906 0.616032722222 0.0915254055556 0.0257415203125
3 0.849275173438 0.622897127083 0.0961016763889 0.0214512671875
