2 0.398277244141 0.487429275 0.0153119138889 0.00933069921875
2 0.384998943359 0.479135320833 0.0140359222222 0.0100484445313
2 0.434164544141 0.47977331875 0.0102079430556 0.0107661898438
2 0.436676655078 0.48423929375 0.0165879069444 0.00861295078125
2 0.443136367969 0.483601295833 0.00765595555556 0.0114839359375
2 0.443495240625 0.501465196528 0.0204158847222 0.01220168125
2 0.445289607813 0.490619256944 0.00893195 0.01004844375
2 0.722196022266 0.525709063194 0.0637996458333 0.0941682382813
2 0.423183060937 0.474031351389 0.0140359222222 0.007177459375
2 0.389018326172 0.500189204167 0.0280718444444 0.0172259054687
2 0.339493852734 0.523539897222 0.0650756361111 0.0488067273437
