2 0.370046119922 0.575423247222 0.01305925 0.00734582890625
2 0.354436234766 0.572158433333 0.0130592527778 0.00918228515625
2 0.363618519922 0.577055654167 0.0130592527778 0.00918228515625
2 0.340662804688 0.568893622917 0.0163240625 0.0202010296875
2 0.328266719531 0.570526028472 0.0163240625 0.022955715625
2 0.310361262109 0.565628808333 0.019588875 0.0165281148438
2 0.269500089453 0.555018165972 0.0179564708333 0.0413202851563
2 0.207978774219 0.537877900694 0.0195888763889 0.0449932
2 0.177218117578 0.525634854167 0.0342805333333 0.0238739429688
2 0.148293915625 0.521553836806 0.0359129402778 0.06886714375
2 0.0945775441406 0.491354317361 0.0799879125 0.143243658594
2 0.480233548828 0.596644530556 0.0130592527778 0.00918228515625
2 0.474265064453 0.5982769375 0.01305925 0.00826405703125
2 0.463705434766 0.594195921528 0.0179564708333 0.0110187429688
2 0.454982264844 0.592563513889 0.0114268444444 0.0137734296875
2 0.455900492969 0.60399035625 0.0179564680556 0.022955715625
2 0.454523149609 0.617865813194 0.0424425652778 0.0275468570313
2 0.442586178906 0.589298701389 0.00816203055556 0.0110187421875
2 0.402184120312 0.626844047917 0.135489729167 0.0844770296875
2 0.565846891016 0.65459495625 0.159975823611 0.122124402344
2 0.802198925781 0.675000035417 0.161608231944 0.16803583125
2 0.630031066016 0.645616720139 0.102841601389 0.0367291429687
2 0.662961039063 0.649697738889 0.0718258805556 0.0468296578125
1 0.506140722266 0.573324440972 0.0277509069444 0.0229557148438
1 0.505681607422 0.594545723611 0.0179564694444 0.00918228515625
1 0.599800038672 0.557816579167 0.0391777527778 0.0174463429688
1 0.848202178125 0.510290236806 0.0750906930556 0.080804115625
