2 0.842421159375 0.654340072917 0.436414504167 0.31288184375
2 0.664807048828 0.589021990278 0.222573347222 0.157959472656
2 0.578221857031 0.583821676389 0.116486983333 0.0643538609375
2 0.558330663672 0.544299308333 0.137288233333 0.0971158226562
2 0.510443110547 0.517951060417 0.1102466125 0.0491429476562
2 0.489966883203 0.521071247917 0.0832049902778 0.0269116148437
2 0.478266180859 0.524191435417 0.0603236180556 0.0175510523437
2 0.460715128516 0.529391745139 0.0249614930556 0.0128707726563
2 0.451354567578 0.526271559722 0.0187211222222 0.0128707726563
2 0.401041550391 0.528351683333 0.0644838638889 0.0479728789063
2 0.373544900781 0.529391745833 0.0416024944444 0.011700703125
2 0.345463216797 0.528351684028 0.0561633680556 0.0421225257812
2 0.325572023828 0.536672184028 0.0686441180556 0.0234014039063
2 0.302755655078 0.534592059028 0.0769646152778 0.0456327351562
2 0.261803199609 0.542912559028 0.0769646180556 0.0713742804688
2 0.144211148047 0.55227311875 0.166409979167 0.149768982031
