2 0.08965923125 0.620944321528 0.368685693056 0.177759171875
2 0.466617825781 0.538475151389 0.638962791667 0.375009479687
2 0.895812667187 0.46640125625 0.145533823611 0.20582640625
2 0.866186140625 0.453926929167 0.134445530556 0.194911371875
2 0.288079007422 0.52530780625 0.0304928013889 0.00857609921875
2 0.279113085547 0.523921770139 0.0360369458333 0.0124743289062
2 0.255333898828 0.522535730556 0.0471252361111 0.0366433382813
2 0.214792332422 0.527386859722 0.0346509083333 0.0148132679687
2 0.18906403125 0.534317042361 0.0457391986111 0.03820263125
2 0.234283469531 0.531544970139 0.0512833458333 0.0413212109375
2 0.168403425781 0.543326278472 0.0332648763889 0.0140336203125
3 0.647105757031 0.481647659028 0.101180659722 0.0171522015625
3 0.661529197656 0.483726714583 0.0942504791667 0.0148132640625
0 0.140336189062 0.360369470139 0.0471252375 0.0124743296875
1 0.00974556914062 0.420662054861 0.0180184763889 0.0179318476562
