2 0.201224260937 0.484536163889 0.0123711361111 0.0266752625
2 0.219201067578 0.498085497222 0.0229749583333 0.0185567039063
2 0.172229409766 0.487628945833 0.0350515527778 0.0823453742187
2 0.103221666797 0.503092868056 0.0494845444444 0.113659811719
2 0.0481314507812 0.488659875 0.0247422722222 0.0313144375
2 0.0243556742188 0.498085495833 0.04712815 0.0487113484375
2 0.171069615234 0.505154722222 0.0453608305556 0.0707474335937
2 0.308505204687 0.500000082639 0.0309278402778 0.041752584375
2 0.348518098437 0.513402145139 0.0494845430556 0.0452319671875
2 0.41462635625 0.505154722222 0.0329896972222 0.024355671875
2 0.443041311328 0.508247506944 0.0556701111111 0.0394329976563
2 0.558772190625 0.500294624306 0.0185567041667 0.0173969109375
2 0.552393323828 0.515758545833 0.0329896972222 0.0162371148437
2 0.516688230859 0.539764446528 0.121649504167 0.0800257867187
2 0.617010410547 0.511634834028 0.0371134069444 0.0603092882812
2 0.719735039453 0.502356479861 0.0268041263889 0.0371134085937
2 0.654786575391 0.516789473611 0.0350515527778 0.0255154695313
2 0.854271141406 0.539469888889 0.0721649611111 0.0463917609375
2 0.896603622656 0.52503689375 0.101030945833 0.0521907296875
1 0.589175354297 0.451104635417 0.0185567041667 0.0417525835938
1 0.554381535547 0.448748225694 0.0144329930556 0.0231958804687
