5 0.579921794922 0.512416582639 0.0381228958333 0.0201827101562
2 0.589382441016 0.528114247222 0.0426079444444 0.0214441289063
2 0.591905278516 0.5382056 0.0583056055556 0.0239669695313
2 0.607042311328 0.542690647222 0.0807308416667 0.0365811617188
2 0.625332892578 0.5382056 0.0807308416667 0.0403654210937
2 0.558477665234 0.526992984722 0.031395325 0.0176598710938
2 0.471439728906 0.530356769444 0.03363785 0.0151370328125
2 0.451887728125 0.533720553472 0.0493355125 0.031535484375
2 0.431074308984 0.537084340972 0.0515780375 0.0252283867187
2 0.415306565625 0.544933171528 0.0627906541667 0.034058321875
2 0.385032500781 0.553903263889 0.0762457944444 0.0668552265625
2 0.539556374219 0.534841817361 0.0560630847222 0.030274065625
2 0.501713794141 0.542690646528 0.0897009347222 0.0605481304688
2 0.749582700391 0.637997888889 0.365531305556 0.276250844531
3 0.97411535 0.548296955556 0.145764016667 0.0491953546875
3 0.337729273438 0.541569386111 0.0560630833333 0.0151370328125
1 0.277181144531 0.427200694444 0.0246677527778 0.0277512265625
1 0.375571855859 0.482142518056 0.0224252333333 0.0201827101562
1 0.469547599609 0.486627563194 0.0224252319444 0.0113527742188
1 0.981683866797 0.349833640278 0.0583056055556 0.0290126445313
0 0.564154051953 0.448504667361 0.0269102791667 0.00882993515625
0 0.532618568359 0.451868452778 0.0291528027778 0.0113527742188
0 0.566046182422 0.486627563889 0.0269102805556 0.0100913554687
0 0.554062696875 0.485506302778 0.0246677583333 0.011352775
