0 0.491636663672 0.586595177083 0.0166409986111 0.00585035078125
0 0.464140014453 0.592835551389 0.0166409972222 0.00702041953125
0 0.649011102344 0.461787692361 0.0499229930556 0.0093605609375
0 0.653106346875 0.528351684722 0.0249614972222 0.0152109125
0 0.0399895792969 0.521071247917 0.0353621208333 0.0175510523437
0 0.0528603511719 0.438906320139 0.0624037430556 0.0175510523438
1 0.665392083203 0.507550436806 0.0166409986111 0.0304218242187
1 0.0288739140625 0.364021829167 0.0457627444444 0.0351021046875
1 0.0329691582031 0.317219022917 0.0561633680556 0.0409524554687
3 0.107268613672 0.625077484722 0.0894453638889 0.0187211226563
3 0.0809420355469 0.625077484722 0.0852851138889 0.0175510539063
3 0.159336736328 0.634438045833 0.39938395 0.0947756835937
3 0.365854121094 0.60115605 0.416024947222 0.100626034375
2 0.450099173438 0.615716923611 0.0166409972222 0.011700703125
2 0.426112735547 0.617797047917 0.0291217458333 0.0152109117187
2 0.467065191406 0.610516611111 0.0187211222222 0.008190490625
2 0.477595821484 0.613636798611 0.0166409972222 0.00585035078125
2 0.486371349219 0.614676861111 0.0270416222222 0.0093605609375
2 0.498657084766 0.620917235417 0.0312018708333 0.0175510523437
2 0.510942821484 0.616756985417 0.0395223708333 0.0163809820313
2 0.527323803516 0.625077484722 0.0686441166667 0.0304218242187
2 0.570031365234 0.634438045833 0.0707242416667 0.0549932992188
3 0.608058645312 0.608436486806 0.0353621208333 0.0140408421875
3 0.819841345312 0.616756985417 0.118567109722 0.028081684375
2 0.982481098828 0.662173042361 0.0596302430556 0.0327619648438
0 0.638480469922 0.467334692361 0.0499229930556 0.0140408414062
