3 0.806281154688 0.519897518056 0.173299172222 0.047020909375
3 0.860535528906 0.519200867361 0.133780054167 0.037482296875
3 0.92061258125 0.531322688194 0.174973734722 0.0440101625
3 0.964622742578 0.485089790278 0.10526875 0.0472109007812
3 0.794983571094 0.4530824 0.0469441722222 0.0200046203125
3 0.772178305078 0.51354080625 0.173551184722 0.0256059117188
2 0.0428098851562 0.46588535625 0.209114954167 0.0856197703125
2 0.613341627344 0.5284711875 0.374143636111 0.266461528125
2 0.401692755859 0.469441733333 0.230453213889 0.148834367969
2 0.24205589375 0.445969647222 0.186354141667 0.08241903125
2 0.140432427734 0.468019181944 0.0796628388889 0.0584134882812
2 0.0956220800781 0.491491269444 0.0896206944444 0.0392090539062
2 0.167638709766 0.463751530556 0.0625922305556 0.0248057273437
2 0.180041574219 0.465174081944 0.0483667222222 0.0112025859375
2 0.182442128125 0.456638777083 0.0483667236111 0.0208048046875
2 0.199246008203 0.462328979861 0.0796628402778 0.0112025867187
2 0.322074369922 0.470153009028 0.0810853902778 0.0392090539062
2 0.283665502344 0.467307906944 0.0640147805556 0.01680388125
2 0.496914744531 0.49006871875 0.0810853902778 0.0464107171875
2 0.479710771094 0.465174081944 0.0369863194444 0.013603140625
2 0.302469844141 0.447392197222 0.0384088694444 0.0176040648438
5 0.310871783984 0.423920111806 0.0284510152778 0.0200046195312
3 0.0684157984375 0.430321588889 0.0184931583333 0.0072016625
3 0.0788182 0.436011791667 0.0270284638889 0.013603140625
3 0.0912210640625 0.442413269444 0.0284510138889 0.0096022171875
3 0.0968223566406 0.440990719444 0.0369863194444 0.00800184765625
0 0.302069751953 0.369863183333 0.0170706083333 0.00400092265625
0 0.178441203906 0.417518632639 0.0128029569444 0.006401478125
