0 0.538581335156 0.220956444444 0.0502567583333 0.0126725015625
0 0.52883325625 0.223555933333 0.0415918027778 0.0087732703125
0 0.518597773047 0.2226894375 0.0398588111111 0.0116976945312
0 0.378225444141 0.227021915278 0.0381258166667 0.0116976945313
0 0.367015153125 0.225288925 0.0415918027778 0.0107228859375
0 0.358729287891 0.223555933333 0.0415918027778 0.00584884765625
0 0.578061053125 0.356129800694 0.0294608597222 0.0175465421875
0 0.262710714453 0.295475089583 0.0398588097222 0.0263198117188
0 0.689189146484 0.3353339 0.0398588111111 0.0272946195313
1 0.264660329297 0.201893536111 0.015596925 0.0380175054688
1 0.27879504375 0.227888411806 0.0190629097222 0.0077984625
1 0.282694275391 0.186296610417 0.0190629097222 0.00974807890625
1 0.597557209766 0.220089948611 0.0242618833333 0.0721357804687
1 0.669205586719 0.289409617361 0.0242618847222 0.01462211875
1 0.674567029297 0.400321088889 0.0277278666667 0.0116976945312
1 0.511774119531 0.33360090625 0.0190629069444 0.0077984640625
1 0.0355804863281 0.0606547104167 0.0589217180556 0.0477655835937
0 0.0594632785156 0.28681013125 0.0467907791667 0.0292442351562
3 0.729156269141 0.404653569444 0.025994875 0.0136473101563
3 0.710147516016 0.415918013194 0.0519897513889 0.0185213492187
3 0.912420143359 0.377792196528 0.0311938513889 0.0116976929687
5 0.424528817969 0.371726725694 0.109178479167 0.0497152
2 0.447924204297 0.401187585417 0.0190629069444 0.0126725023438
2 0.464008534375 0.40205408125 0.0207958986111 0.01169769375
2 0.489353538672 0.405520063889 0.0207959 0.00779846328125
2 0.499589021094 0.406386561111 0.0294608583333 0.0087732703125
5 0.491303154297 0.388190146528 0.0485237680556 0.0194961570313
5 0.515673350391 0.402054080556 0.0623877027778 0.0350930820313
2 0.811040127734 0.499101615972 0.256482773611 0.257349271094
2 0.272458792969 0.426705823611 0.221043222222 0.15304483125
3 0.077482578125 0.320603469444 0.0277278666667 0.0184920578125
2 0.134523482812 0.5051670875 0.341399369444 0.269046965625
2 0.926554857812 0.563222310417 0.370860229167 0.14524636875
1 0.578324003906 0.303750002083 0.0142105263889 0.0159868421875
