1 0.283065364453 0.270995910417 0.0284510125 0.0104024007812
1 0.414295664844 0.3286092125 0.0128029583333 0.008802034375
1 0.535123566406 0.352081299306 0.0142255041667 0.0072016625
1 0.636346940234 0.315094984028 0.0170706097222 0.0112025867188
1 0.732369113672 0.270284636111 0.0270284638889 0.0192044367188
1 0.514318761719 0.374842109722 0.0142255083333 0.0080018484375
1 0.369885409766 0.347813647917 0.00853530416667 0.0104024007812
2 0.337077835156 0.39049016875 0.0142255069444 0.03840886875
2 0.292267487891 0.39049016875 0.0113804041667 0.0272062835938
2 0.207047810156 0.371285738194 0.0440990736111 0.0664153375
2 0.177841066406 0.385511241667 0.0241833611111 0.060814040625
3 0.260660189844 0.421786285417 0.0512118263889 0.015203509375
3 0.244256401953 0.408272050694 0.0867755902778 0.0192044367188
5 0.489513034375 0.382666140972 0.0270284625 0.02000461875
2 0.489112941016 0.396891648611 0.0213382611111 0.0176040648438
4 0.450704073047 0.38977889375 0.0469441736111 0.0528121945312
2 0.440701764453 0.403293127778 0.0341412194444 0.0184042507813
2 0.414695757813 0.400448023611 0.0768177388889 0.0464107171875
2 0.404293354687 0.408983327083 0.0739726347222 0.059213671875
3 0.384688830078 0.408983328472 0.0711275347222 0.0120027710938
3 0.397091692969 0.410405879861 0.0796628430556 0.019204434375
2 0.513518576562 0.394757820833 0.0227608111111 0.0104024015625
2 0.525921441406 0.396891646528 0.0355637680556 0.0200046203125
2 0.546326153516 0.398314199306 0.0440990736111 0.0264060976562
2 0.554728091406 0.405426950694 0.0440990708333 0.022405171875
2 0.563930218359 0.409694602083 0.0440990708333 0.0232053570312
2 0.579133728516 0.406849502778 0.0668598833333 0.0232053570312
2 0.601138809375 0.408272052083 0.0668598819444 0.0512118234375
2 0.624344167578 0.423920111111 0.0753951861111 0.0672155210937
2 0.896847801562 0.504842051389 0.272034083333 0.204765860938
