2 0.202135954297 0.464973396528 0.0509892486111 0.0600944726562
2 0.0109262679688 0.478327722222 0.0728417861111 0.0218525359375
2 0.00409735039062 0.421268325 0.0267086555556 0.00819470078125
2 0.0771667664063 0.4115560875 0.0169964166667 0.0204867515625
1 0.241060783594 0.410342059722 0.0194244777778 0.0122920515625
1 0.283400071094 0.405485938194 0.0291367152778 0.0068289171875
1 0.340080084766 0.394559669444 0.0267086527778 0.0136578351563
1 0.559288333203 0.274370725 0.0631295472222 0.0204867523437
1 0.559288333203 0.318075795139 0.0194244763889 0.0204867523437
1 0.413832392969 0.407913997222 0.0242805944444 0.0081947015625
1 0.0314130210938 0.39091758125 0.0194244763889 0.01092626875
2 0.0389248285156 0.398201759028 0.0485611875 0.0478024210938
