2 0.362924976172 0.529465916667 0.110882913889 0.0849813585938
2 0.114218064453 0.532237986806 0.0970225486111 0.100574267969
2 0.773018501953 0.559265699306 0.148305901389 0.119285760156
2 0.548090778906 0.525307805556 0.033264875 0.015592909375
2 0.535616451172 0.523228750694 0.0263346930556 0.0109150367188
2 0.523921769141 0.521149697222 0.0166324388889 0.0124743273437
2 0.410483349609 0.521842714583 0.0318788375 0.0163725554687
2 0.611242064453 0.523228752083 0.0568274930556 0.0343044023437
2 0.456482433984 0.517684603472 0.0346509097222 0.0101353914062
2 0.218690558984 0.560651735417 0.242556373611 0.209724636719
2 0.5732112 0.533624023611 0.0582135305556 0.0386387453125
2 0.441669169531 0.526000822917 0.0429671291667 0.0335247546875
4 0.471685522266 0.513526497222 0.0374229833333 0.0233893648438
2 0.488447899219 0.519763660417 0.0194045125 0.0085761
2 0.497803644141 0.519070640972 0.0180184736111 0.0116946820313
2 0.507549214844 0.523228750694 0.0180184736111 0.009355746875
2 0.630343378125 0.541940243056 0.0498973111111 0.035084046875
2 0.0183216691406 0.535010060417 0.1136549875 0.0366433382812
2 0.894249112109 0.585531018056 0.226062680556 0.210495755469
1 0.944930332813 0.340271943056 0.0235626194444 0.037422984375
0 0.264689644531 0.329876670139 0.0388090180556 0.0116946828125
0 0.580446067188 0.360369470833 0.0360369472222 0.0085761
0 0.589411991016 0.363834561111 0.0512833472222 0.0124743273437
0 0.695443776172 0.397792454167 0.0609856027778 0.0109150367187
0 0.241300279687 0.416503945833 0.0318788388889 0.010135390625
0 0.702850408984 0.476103513889 0.0207905472222 0.0116946820313
1 0.620987632031 0.375615872917 0.0304928013889 0.0132539734375
1 0.691545549609 0.46016409375 0.0443531652778 0.0155929101563
0 0.805763613672 0.429671290972 0.0277207291667 0.0210504289062
1 0.628394264844 0.488577840972 0.0207905486111 0.0077964546875
