1 0.475840716016 0.290177402778 0.0353621194444 0.0163809820312
1 0.894725835938 0.372342327778 0.0873652361111 0.0631837890625
5 0.304803278906 0.37130226875 0.0312018708333 0.0152109125
5 0.3445856625 0.368182079167 0.0332819972222 0.0152109125
5 0.432574935547 0.359861580556 0.0291217472222 0.0198911914063
2 0.319429153906 0.362981765278 0.010400625 0.0093605609375
2 0.325864540625 0.366101954861 0.0124807486111 0.012870771875
2 0.32527950625 0.372342327083 0.0124807486111 0.011700703125
2 0.322939366016 0.379622765278 0.0228813722222 0.0140408414062
2 0.414321853125 0.37130226875 0.0187211236111 0.017551053125
2 0.440063397266 0.380662828472 0.0166409986111 0.0105306320312
2 0.415491925 0.404584261806 0.0520031125 0.036272175
2 0.468613101172 0.394183643056 0.0478428722222 0.0269116148437
2 0.494354645703 0.402504140972 0.0644838680556 0.0432925976563
2 0.554613259375 0.434746069444 0.0956857388889 0.0748844921875
2 0.590534426172 0.372342327083 0.0166409986111 0.0198911914063
2 0.578833725781 0.372342327083 0.0166409986111 0.012870771875
2 0.958170452344 0.400424013194 0.0436826152778 0.0526531578125
1 0.0251565082031 0.264869220833 0.0499229944444 0.0175510539062
1 0.642294641406 0.348490598611 0.0224376833333 0.01156943125
