5 0.813237044141 0.319528540972 0.634576151389 0.368103744531
2 0.104058153906 0.416392930556 0.428643988889 0.207648265625
7 0.122506242578 0.236392963889 0.120508452778 0.0574893945312
0 0.48202948125 0.114359088194 0.0167796569444 0.0042902546875
2 0.322861078516 0.206647207639 0.115932181944 0.0463347367187
2 0.388501955469 0.218087883333 0.175423694444 0.10210803125
2 0.489322910547 0.1761387375 0.04881355 0.0291737242187
2 0.431404489844 0.164698061806 0.0503389736111 0.019735165625
2 0.606017804297 0.195206530556 0.0838982888889 0.0617796492187
2 0.577273107812 0.186053990972 0.0625423625 0.0317478765625
2 0.551531585547 0.182240430556 0.0457627027778 0.00772245546875
2 0.543380105078 0.181477719444 0.0442372805556 0.00514830546875
2 0.534799596875 0.174613313889 0.0457627027778 0.02402541875
2 0.469587744922 0.162409926389 0.0305084666667 0.0154449117187
2 0.515922482812 0.166986197222 0.024406775 0.0154449125
2 0.452855757812 0.144104845833 0.0183050805556 0.0145868625
