0 0.0272076191406 0.432890320139 0.0304687291667 0.0171386601562
0 0.369980820703 0.300468534722 0.0656249555556 0.00922850859375
0 0.782627021094 0.168046752083 0.0867186902778 0.0145019421875
0 0.839975614844 0.48796840625 0.0281249791667 0.01845701875
0 0.449741508203 0.479765288194 0.0257812319444 0.0131835851563
0 0.383164405859 0.306327907639 0.0585937097222 0.0118652273438
0 0.469516884766 0.476249665278 0.0234374833333 0.0158203007812
0 0.762851644531 0.178593620139 0.0843749430556 0.0197753765625
0 0.802402398438 0.172734247917 0.0867186902778 0.01450194375
0 0.0450054578125 0.436405943056 0.037499975 0.013183584375
1 0.221006314062 0.449296559722 0.0164062361111 0.0171386609375
3 0.151792494141 0.525468382639 0.0328124791667 0.00791015078125
3 0.142563984766 0.524296508333 0.0304687305556 0.00791015078125
3 0.163657720312 0.524296507639 0.0351562263889 0.0158203015625
3 0.497861592578 0.543046494444 0.0539062138889 0.00922850859375
3 0.485996366016 0.551249613889 0.0796874444444 0.0197753773437
3 0.368003282813 0.550077739583 0.0679687041667 0.0158203015625
2 0.437217102734 0.550077739583 0.0632812069444 0.0830565835937
2 0.625742363281 0.59929645625 0.142968651389 0.262353334375
2 0.0278667980469 0.52664025625 0.0726562013889 0.0553710554687
