0 0.285704315234 0.480508815278 0.0291217472222 0.0105306304687
0 0.417337208203 0.475308502778 0.0270416194444 0.00702042109375
0 0.907596608203 0.269376154861 0.1144068625 0.0280816835938
0 0.293309770703 0.479468752778 0.0228813722222 0.00702042109375
0 0.422602523437 0.474268440278 0.0249614944444 0.00585035
0 0.884780240625 0.404584260417 0.0603236180556 0.0292517546875
0 0.409731751953 0.476348564583 0.0208012458333 0.00819049140625
0 0.141200648828 0.462827754861 0.0353621208333 0.0210612632812
0 0.130084981641 0.531471870139 0.0270416208333 0.0198911929687
0 0.943283748437 0.396263763194 0.0728043652778 0.043292596875
0 0.511527858203 0.536672181944 0.0166409972222 0.0105306304687
0 0.541949680859 0.540832433333 0.016641 0.0105306320312
1 0.438983505469 0.470108191667 0.0208012472222 0.01053063125
1 0.501582259375 0.514830871528 0.0312018708333 0.0117007015625
1 0.660711802734 0.380662827778 0.0291217472222 0.0163809820313
1 0.578806890625 0.48778925 0.0270416222222 0.0117007015625
0 0.403881401172 0.527311620833 0.0187211222222 0.0105306320313
0 0.437228400781 0.527311620833 0.0187211222222 0.0046802796875
1 0.468820295703 0.544992682639 0.0208012458333 0.00702042109375
1 0.374629646484 0.528351685417 0.0166409986111 0.00819049140625
0 0.565351084375 0.517951059722 0.0249614944444 0.0175510515625
6 0.481691066797 0.554353244444 0.0312018694444 0.00936056015625
7 0.481106031641 0.582434927778 0.0249614972222 0.0128707710937
3 0.458289664453 0.557473429861 0.0332819958333 0.00936056015625
3 0.450099173047 0.560593617361 0.0395223708333 0.00936056015625
3 0.513867995703 0.577234615972 0.0353621208333 0.00819048984375
2 0.555990524219 0.577234615972 0.0395223708333 0.036272175
2 0.527908839453 0.582434926389 0.0332819944444 0.0245714726563
2 0.415582103125 0.561633679861 0.0166409986111 0.0245714734375
2 0.336602366406 0.534592057639 0.0124807486111 0.02574154375
4 0.300915226563 0.564753868056 0.0603236166667 0.033932034375
5 0.364684051563 0.56059361875 0.0520031180556 0.030421825
2 0.331922087109 0.569954179861 0.0707242402778 0.0374422460937
2 0.413826998438 0.586595178472 0.0499229930556 0.0351021046875
2 0.246506963672 0.592835552778 0.0873652388889 0.0725443507812
0 0.243581789844 0.528351683333 0.0249614972222 0.0128707703125
