1 0.303724495312 0.341918409028 0.0176737125 0.0145298328125
1 0.302959766406 0.361631397917 0.0108761319444 0.008412009375
1 0.341960896484 0.350755265278 0.0163141972222 0.00994146484375
1 0.349608176953 0.367069463194 0.0163141986111 0.0130003773438
2 0.537986182422 0.4113897125 0.0407854972222 0.0252360257812
2 0.571251854687 0.421586084028 0.0421450125 0.0489425953125
2 0.610252984375 0.432462219444 0.0584592111111 0.0443542265625
2 0.647571704297 0.434501492361 0.0652567930556 0.0627077007812
2 0.696514298047 0.452854964583 0.0829305097222 0.0703549804687
2 0.79117065625 0.458972791667 0.125075522222 0.154441040625
2 0.435512624609 0.381004508333 0.0163141972222 0.0122356492187
2 0.443924632812 0.378285474306 0.0135951652778 0.0091767359375
2 0.452719005859 0.378285475694 0.0108761319444 0.00688255234375
2 0.487896496094 0.395279432639 0.131873104167 0.0772375328125
2 0.365731189453 0.397318707639 0.0380664625 0.0474131382812
2 0.353495540625 0.407515080556 0.0421450111111 0.0520015078125
2 0.339348073047 0.414312663889 0.0530211444444 0.0604135164063
2 0.304457355078 0.421110246528 0.0693353430556 0.102664741406
2 0.259242808203 0.437764323611 0.0938066416667 0.122356488281
2 0.234771510547 0.449320213194 0.108761323611 0.117768119531
2 0.147974877734 0.454078521528 0.150906334722 0.224065317969
2 0.110885567578 0.484667644444 0.214803611111 0.221771135156
