2 0.2108486875 0.66646500625 0.123761909722 0.109625314062
2 0.449303749609 0.645126745833 0.0412539722222 0.0264060976562
2 0.826190777734 0.678781508333 0.366568436111 0.346480007031
2 0.07921829375 0.650105672917 0.247523823611 0.156836214063
2 0.282065131641 0.655795875694 0.105268751389 0.0440101617188
2 0.303670120703 0.630901236111 0.098156 0.0456105320312
2 0.336877790234 0.635168890972 0.0753951847222 0.0304070226562
2 0.359683054688 0.638725265972 0.0369863152778 0.0216049875
2 0.374886565625 0.637302714583 0.0312961152778 0.0152035109375
2 0.433700146875 0.638725265972 0.0312961152778 0.0160036953125
2 0.416096082812 0.647971846528 0.0156480569444 0.0080018484375
2 0.402492940625 0.650105672222 0.0113804055556 0.0080018484375
0 0.341678898437 0.532745238194 0.0355637680556 0.0080018484375
0 0.448103472266 0.545548196528 0.0241833625 0.00640147890625
0 0.455305135547 0.545548196528 0.0270284652778 0.00640147890625
1 0.204447209766 0.527055036806 0.0184931597222 0.0168038789062
2 0.562245529687 0.658648841667 0.0277251 0.0215935875
1 0.667814179688 0.467772190278 0.0298578 0.014395725
