1 0.450196357813 0.401670401389 0.0194244777778 0.0081947015625
1 0.46385419375 0.402884432639 0.0267086513889 0.0081947015625
1 0.567653736328 0.3688916 0.0121402944444 0.0218525367187
0 0.347079705859 0.3215444375 0.0242805944444 0.00956048359375
0 0.543598885937 0.364208929167 0.0242805972222 0.0098677640625
0 0.452927923047 0.367677570833 0.019424475 0.00546313359375
2 0.513261434375 0.443120861111 0.0169964166667 0.013657834375
2 0.524870592578 0.443120861111 0.0218525333333 0.00956048046875
2 0.532382402734 0.444334892361 0.0242805958333 0.0109262679687
2 0.543308669141 0.450405040972 0.0218525375 0.0109262664063
2 0.559698071484 0.460117274306 0.0267086486111 0.0327788023437
2 0.482394718359 0.451619066667 0.0437050666667 0.0245841007813
2 0.590974504688 0.474685635417 0.0461331319444 0.0232183171875
2 0.600534989453 0.473471603472 0.0485611902778 0.0259498851563
2 0.627850659375 0.473471604167 0.0582734277778 0.05326555625
2 0.653788697266 0.489972404167 0.0669944361111 0.0423155914062
2 0.755961153125 0.551169507639 0.247662070833 0.236280542188
2 0.265098575781 0.428552502083 0.0704137263889 0.05326555625
5 0.101067976953 0.353282659028 0.230665659722 0.202135953906
2 0.0286814523438 0.375135197222 0.182104463889 0.0546313375
2 0.407549792187 0.437050711806 0.0145683569444 0.01092626875
2 0.397306415234 0.435836684028 0.0218525402778 0.0177551851562
0 0.509202122656 0.394242159722 0.0153061305556 0.0103316375
0 0.474332846484 0.400364613889 0.0183673555556 0.00947066796875
0 0.477776725391 0.414140129861 0.0153061291667 0.00947066640625
