1 0.657382967188 0.369609113889 0.0210937361111 0.009228509375
1 0.659360504687 0.349687252778 0.0234374833333 0.013183584375
1 0.4853371875 0.319218523611 0.0468749666667 0.04746090625
1 0.176841304297 0.273515429167 0.0304687277778 0.0210937351563
1 0.387119480469 0.332109138889 0.0164062361111 0.017138659375
1 0.383823584766 0.349687252778 0.0234374833333 0.00791015078125
1 0.382505226172 0.371952861111 0.0304687277778 0.0105468679688
2 0.393052094141 0.401249716667 0.0328124777778 0.0237304523437
2 0.356797236328 0.400077843056 0.0398437222222 0.0197753773437
2 0.308677151953 0.409452834722 0.0351562222222 0.0369140367188
1 0.279014086328 0.284062298611 0.0234374888889 0.0197753773437
1 0.277036547656 0.318046649306 0.0398437236111 0.0210937328125
1 0.279673266016 0.357890371528 0.0304687291667 0.0158203023437
2 0.602156832422 0.415175754167 0.0705853611111 0.0458527039063
