1 0.308803086719 0.51525663125 0.0611367708333 0.02947665625
1 0.560056489844 0.457862929167 0.0386783638889 0.02807300625
1 0.314768601172 0.587622602778 0.0212107166667 0.0217565804687
1 0.973080569922 0.47345904375 0.0374306736111 0.0175456289063
1 0.96641323125 0.527109677083 0.0573937013889 0.0252657046875
1 0.975536957422 0.551439615278 0.0386783638889 0.0266693539062
2 0.728143614453 0.538338879167 0.0798521055556 0.0694806898438
2 0.6635757 0.545201170833 0.0686229055556 0.077902590625
2 0.521105195312 0.53890601875 0.0324399180556 0.02316023125
2 0.535843523828 0.535786796528 0.0311922291667 0.0287748304688
2 0.544265424219 0.532043729167 0.0162199583333 0.0259675296875
2 0.558652841016 0.532667573611 0.0174676472222 0.0140365023438
2 0.265640840625 0.551382909028 0.0598890763889 0.044214984375
2 0.191247373828 0.556373667361 0.0973197541667 0.0793062414063
5 0.0508823453125 0.562044974306 0.222088670833 0.100360995313
1 0.325997802734 0.512137406944 0.0274491611111 0.0119310273438
2 0.440044389453 0.5689072625 0.215850219444 0.133346778906
