1 0.513022715625 0.332109140278 0.0210937333333 0.013183584375
2 0.373276717578 0.470390294444 0.035156225 0.0158203023438
2 0.36272985 0.472734042361 0.0351562236111 0.0237304546875
2 0.346909547656 0.483280910417 0.0421874708333 0.0342773203125
2 0.331748425 0.493827778472 0.0585937097222 0.027685528125
2 0.302744539844 0.494999652083 0.0749999486111 0.0566894140625
2 0.277036548437 0.512577764583 0.0632812069444 0.031640603125
2 0.217710417578 0.484452784722 0.0398437222222 0.0870116585937
5 0.411509112891 0.439921565278 0.0445312194444 0.0210937351563
2 0.439853819531 0.4469528125 0.0398437222222 0.0250488109375
2 0.0383230304688 0.568827727083 0.138281154167 0.0766460609375
2 0.174863767969 0.636796431944 0.278906058333 0.243896317187
1 0.751645597656 0.261562322917 0.0749999513889 0.01054686875
