1 0.268870417578 0.335010691667 0.0440990722222 0.0208048039062
1 0.463715409766 0.346391096528 0.0469441736111 0.0408094226563
1 0.752582113672 0.219784084028 0.0526343763889 0.0216049898438
1 0.741779618359 0.160036954861 0.0526343763889 0.0224051726563
1 0.730176939063 0.212671330556 0.0327186666667 0.02000461875
1 0.588144141797 0.369151908333 0.0270284638889 0.00800184765625
0 0.512918439453 0.397602922222 0.0156480583333 0.00960221640625
0 0.460506335938 0.396180371528 0.0184931597222 0.0072016625
2 0.516839338672 0.436438560417 0.0170706069444 0.0136031414062
2 0.430019291797 0.445116118056 0.0742571416667 0.0528121945312
2 0.259980032813 0.416096081944 0.0440990722222 0.037608684375
2 0.237574858594 0.428899039583 0.0526343763889 0.050411640625
2 0.0153635476563 0.425342661111 0.0711275361111 0.0307270953125
