2 0.231446910156 0.794443111806 0.0663098569444 0.0153022765625
2 0.127678357422 0.79274285625 0.0085012625 0.0143458835938
5 0.264920636328 0.774040077083 0.0663098569444 0.0325173351562
2 0.298872558203 0.795293236111 0.0816121333333 0.0506887867187
2 0.414914821094 0.807620071528 0.0612091013889 0.0200842359375
2 0.244836400781 0.790617545139 0.0204030347222 0.01147670625
2 0.365820012891 0.832273736806 0.137720476389 0.111897885156
2 0.194147614062 0.799968932639 0.120717948611 0.070773021875
1 0.369326803516 0.744994126389 0.00850126388889 0.00860753046875
1 0.369804999609 0.756895897917 0.0119017680556 0.0114767070312
