0 0.467226399219 0.327187386111 0.0468749861111 0.0126562453125
0 0.209355395312 0.4558927 0.0187499944444 0.0052734359375
0 0.295839739453 0.467142697222 0.0187499944444 0.00527343515625
0 0.331171758984 0.51401768125 0.0149999958333 0.00843749609375
0 0.214628830859 0.454955200694 0.0168749958333 0.00527343515625
0 0.352937861719 0.514124822222 0.0149999972222 0.009492184375
0 0.455242513281 0.325687385417 0.0468749819444 0.0116015578125
0 0.817382526562 0.474374833333 0.0449999861111 0.0232031171875
1 0.415019385547 0.477187333333 0.0393749861111 0.0411327976562
1 0.572695111328 0.445312344444 0.0131249972222 0.0168749945313
1 0.561093554297 0.48093733125 0.0431249847222 0.0126562460938
1 0.962929350391 0.37593736875 0.0281249902778 0.0210937429687
1 0.979277001562 0.323437386806 0.0618749791667 0.034804675
1 0.990351216016 0.384374865972 0.0524999819444 0.0168749945312
2 0.577441203906 0.564374804167 0.0224999916667 0.0200390546875
2 0.142910105078 0.515624819444 0.0299999888889 0.0158203054687
2 0.0780468476563 0.524999816667 0.0487499833333 0.0400781109375
2 0.112851523828 0.527812314583 0.0656249791667 0.0485156101563
2 0.386542834375 0.558749802778 0.104999963889 0.0769921609375
2 0.539999810547 0.585937295139 0.1106249625 0.0653906007813
2 0.216210861328 0.614999785417 0.284999898611 0.208828050781
2 0.457206871094 0.605624789583 0.1799999375 0.138164014063
2 0.686601321875 0.644999775 0.176249938889 0.191953057813
2 0.02003905625 0.508124822222 0.0412499861111 0.01898436875
2 0.00791015390625 0.533437313194 0.0543749847222 0.01371093125
2 0.908085619141 0.612187285417 0.0243749902778 0.0232031164062
1 0.744609114453 0.5746873 0.0206249916667 0.0126562460937
1 0.482402950781 0.327730265278 0.03375 0.01199013125
