4 0.179227930078 0.335940146528 0.426425570833 0.333469997656
2 0.534344226563 0.504430248611 0.189291352778 0.269116139062
2 0.877174783984 0.495069688194 0.241294470833 0.243374594531
2 0.821011414844 0.438906320139 0.1040062375 0.12870771875
2 0.682943136328 0.443066569444 0.0873652388889 0.140408419531
2 0.77479364375 0.422265322222 0.0540832416667 0.0386123140625
2 0.35298335 0.413944825 0.0624037416667 0.023401403125
0 0.361173840234 0.367142015972 0.0228813708333 0.00702042265625
0 0.375214682812 0.354661267361 0.0228813708333 0.00468028125
1 0.420262383594 0.343220582639 0.0291217458333 0.008190490625
