2 0.587987876562 0.488905907639 0.0187499875 0.0105468671875
2 0.621606018359 0.481874664583 0.0140624902778 0.0118652257813
2 0.616332583984 0.505312147917 0.0328124763889 0.0171386601563
2 0.528002566797 0.488905907639 0.0187499875 0.0171386601563
2 0.5701900375 0.494765280556 0.0398437222222 0.0250488109375
2 0.305859165234 0.497109027083 0.0351562263889 0.0290038851562
2 0.407372767187 0.488905909722 0.0281249805556 0.015820303125
5 0.382699217969 0.493433215278 0.0359453555556 0.0399387390625
2 0.598716014844 0.491484029861 0.0304687291667 0.01845701875
2 0.545322497656 0.503202772222 0.0539062138889 0.0355956796875
2 0.465561809375 0.50789026875 0.0632812069444 0.0500976203125
2 0.0575298644531 0.510234018056 0.0632812083333 0.0909667351562
2 0.223643031641 0.5524214875 0.194531113889 0.217529147656
5 0.728260203906 0.403593465278 0.407812219444 0.227447775
1 0.465561809766 0.453984054861 0.0351562263889 0.0131835851563
1 0.451059866797 0.456327803472 0.0398437236111 0.0158203007813
