1 0.238776776563 0.441570975 0.0815709944444 0.049707321875
1 0.549074739453 0.529531690972 0.0135951652778 0.00688255078125
1 0.590370053516 0.519335315278 0.0149546833333 0.00688255078125
1 0.0504720511719 0.473791513194 0.0679758291667 0.0290596648437
1 0.508544153125 0.518655558333 0.0163141972222 0.008412009375
1 0.531868359375 0.537688790972 0.0135951652778 0.0061178234375
2 0.116037924609 0.605664615972 0.0774924430556 0.0780022617188
2 0.148156501953 0.600226551389 0.0666163138889 0.0871789976562
2 0.554300389844 0.558987907639 0.0122356486111 0.0084120078125
2 0.548947295703 0.565785491667 0.0176737138889 0.00688255390625
2 0.543976561719 0.566465249306 0.0217522625 0.0091767375
2 0.532888005859 0.573942592361 0.0448640458333 0.0221771148438
2 0.443414823437 0.565105734722 0.0271903305556 0.02370656875
2 0.454503378125 0.580060414583 0.0516616291667 0.027530209375
2 0.522946540234 0.58345920625 0.0584592125 0.0298243929688
2 0.562330035547 0.574622347222 0.0407854944444 0.0152945617188
2 0.571506771484 0.579380657639 0.0475830791667 0.0198829289063
2 0.586418967969 0.599093646528 0.0924471263889 0.03288330625
2 0.748668760156 0.623338334028 0.127794554167 0.05047205
2 0.405334547656 0.585135925694 0.0924471208333 0.0650018828125
2 0.252985949219 0.744354613889 0.403776408333 0.360951639062
2 0.486749404688 0.598187275694 0.0924471236111 0.0634724296875
2 0.661107398437 0.651888178472 0.254229593056 0.169004898437
2 0.913103215234 0.702923154167 0.266465241667 0.172063810156
