0 0.310827460156 0.344301188889 0.0612091 0.0133894921875
0 0.539883392187 0.380856620833 0.0493073305556 0.0105203140625
0 0.6689963375 0.565334052083 0.0272040430556 0.021997021875
0 0.0215188242187 0.487122422917 0.0476070763889 0.0277353734375
0 0.328520717188 0.350252072222 0.0629093527778 0.0143458828125
0 0.554229273437 0.379156371528 0.0493073291667 0.0124330984375
0 0.426072720313 0.584036829167 0.0136020222222 0.00382556875
0 0.431811072266 0.584886955556 0.015302275 0.00382556796875
0 0.489194603906 0.586587206944 0.0153022722222 0.00382556875
0 0.48584723125 0.587437334028 0.0170025263889 0.004781959375
1 0.0468632175781 0.341750807639 0.0357053097222 0.0153022757812
1 0.0310827476562 0.373205485417 0.0272040458333 0.0392120796875
1 0.663736177734 0.515176589583 0.0153022736111 0.0181714507812
1 0.653215865234 0.527928486111 0.0204030333333 0.0277353726562
1 0.899486854688 0.438665217361 0.0323048013889 0.0267789828125
1 0.856449205469 0.493923433333 0.0442065722222 0.0172150609375
1 0.893270303516 0.486272293056 0.0425063194444 0.0258225882812
1 0.0588181207031 0.414011552083 0.0272040458333 0.0506887851562
1 0.861709360938 0.436964965278 0.0289042972222 0.0468632171875
2 0.424638132422 0.647796309722 0.0238035416667 0.0114767085937
2 0.408379464063 0.650346690278 0.0357053111111 0.0210406265625
2 0.385426052734 0.652046943056 0.0527078361111 0.0306045492188
2 0.361038051953 0.647796307639 0.0612090986111 0.0219970210937
2 0.550403705469 0.649071497917 0.0527078347222 0.0296481578125
2 0.570487940625 0.650771754167 0.0697103638889 0.0200842359375
2 0.328998913672 0.65374719375 0.0782116263889 0.0573835304687
2 0.456199073047 0.644395803472 0.0867128902778 0.0535579632812
2 0.603005275781 0.651196814583 0.0731108680556 0.0526015703125
3 0.65751964375 0.646460397917 0.130919465278 0.0258225890625
3 0.681429448047 0.64500304375 0.134319968056 0.0258225882813
2 0.872229690234 0.684108857639 0.277141204167 0.254400321094
2 0.0864851796875 0.703904651389 0.268639936111 0.172150595312
2 0.977911026563 0.795718304167 0.244836402778 0.0430376484375
2 0.509757051953 0.646946183333 0.0629093555556 0.0420812570313
1 0.0625753726562 0.493923432639 0.0493073291667 0.0095639203125
0 0.257287124609 0.566018020833 0.0382075833333 0.0286556851562
