2 0.0719072285156 0.537702589583 0.2701031375 0.143814457031
2 0.131056722656 0.463475774306 0.0886598097222 0.044072171875
2 0.328801600781 0.482032479167 0.542268133333 0.404768107813
2 0.554381535547 0.474521422917 0.0453608319444 0.0371134085938
2 0.803820103906 0.493814513889 0.121649502778 0.124097959375
2 0.952273735547 0.509867534028 0.115463934722 0.0916237257812
0 0.583376384375 0.316053068056 0.0247422722222 0.0139175265625
0 0.651224333203 0.396465453472 0.0247422708333 0.0104381445312
0 0.666301655469 0.43667164375 0.0185567041667 0.0081185578125
0 0.803240206641 0.420176797917 0.0268041319444 0.00927835234375
1 0.560760402344 0.421944095833 0.0226804166667 0.0104381453125
1 0.0719072285156 0.401620093056 0.0268041277778 0.0208762929687
