0 0.807016653906 0.437577816667 0.0398437222222 0.02636716875
0 0.862387709375 0.326249768056 0.0937499333333 0.0210937359375
1 0.852500020703 0.10828116875 0.0562499625 0.0645995664063
1 0.797897623047 0.328649973611 0.0469878805556 0.0867927007812
3 0.790537173047 0.61687456875 0.131249909722 0.0276855273437
3 0.563120335937 0.618046442361 0.189843620833 0.0448241890625
3 0.262534605469 0.582890215972 0.367968495833 0.0791015078125
3 0.985654226172 0.674296403472 0.246093579167 0.0276855289063
3 0.926987274609 0.660233914583 0.260156070833 0.0606444898438
3 0.658042146875 0.640312052778 0.267187316667 0.050097621875
3 0.373935896094 0.629765185417 0.1992186125 0.0382323953125
3 0.410190753125 0.626249561806 0.192187365278 0.0474609046875
3 0.688364391016 0.642655801389 0.234374838889 0.0395507539062
3 0.83667971875 0.626249563889 0.121874916667 0.02241209375
3 0.892709953516 0.579374595139 0.0421874708333 0.0131835851562
3 0.88348144375 0.592265211111 0.0398437222222 0.0210937359375
3 0.894687491406 0.675468277778 0.234374836111 0.0303222453125
2 0.104240954688 0.588749588194 0.239062334722 0.208481909375
0 0.832485900391 0.4465919625 0.0433247944444 0.0155969257812
2 0.968958998828 0.602561217361 0.0363928263889 0.0233953882813
