0 0.47676785625 0.269999808333 0.0468749666667 0.011865225
0 0.339658575391 0.286406046528 0.0468749680556 0.0118652257812
0 0.633652514063 0.384843479167 0.0281249805556 0.0145019421875
1 0.627060723047 0.291093543056 0.0187499888889 0.0224120945312
1 0.576963100391 0.305156032639 0.0328124763889 0.0197753789062
1 0.2440775875 0.27117168125 0.0257812319444 0.0210937359375
3 0.621128108984 0.457499677778 0.107812425 0.0184570179688
3 0.59542011875 0.422343453472 0.0281249819444 0.009228509375
3 0.905893538281 0.533671500694 0.335156020833 0.0711913578125
2 0.385141942969 0.428202822917 0.0585937097222 0.02636716875
2 0.359433953125 0.441093438889 0.0609374555556 0.035595678125
2 0.330430065625 0.438749689583 0.107812426389 0.0408691125
2 0.289560954297 0.459843427083 0.178124876389 0.0962401679687
2 0.573667204297 0.442265314583 0.0679687041667 0.0421874710937
5 0.497861592578 0.376640359028 0.0539062125 0.0408691117187
2 0.494565696484 0.383671602778 0.035156225 0.0263671695313
2 0.890732415234 0.505546521528 0.2742185625 0.217529147656
2 0.145110066797 0.466874673611 0.440624697222 0.290220133594
2 0.959946236328 0.588749589583 0.1640623875 0.0791015085938
2 0.732529399609 0.525468380556 0.253124825 0.225439297656
2 0.462925093359 0.544218367361 0.295312295833 0.208300638281
2 0.541367421875 0.438749695139 0.0562499597222 0.02241209375
1 0.731870219922 0.333281019444 0.0234374833333 0.0316406023437
1 0.753623135156 0.289921670833 0.0164062361111 0.0197753765625
0 0.0787890960937 0.275829188889 0.0511848 0.00959715
