2 0.3054822875 0.393680707639 0.0332922375 0.021535915625
2 0.265687660547 0.426140639583 0.111528995833 0.0749075335937
2 0.385071542188 0.373705365972 0.0233045652778 0.073971190625
4 0.199675396094 0.39534531875 0.156473515278 0.137642595313
2 0.372899068359 0.520191209722 0.286313241667 0.201313997656
0 0.0765461371094 0.372873060417 0.0216399541667 0.0205995726563
0 0.443124881641 0.35123310625 0.0216399541667 0.0177905398437
0 0.0404968859375 0.208076483333 0.0549321916667 0.0140451625
0 0.308759492187 0.2297164375 0.0449445222222 0.0093634421875
0 0.056882909375 0.209741095139 0.0516029680556 0.01498150625
0 0.320931966406 0.23138105 0.0416152972222 0.0093634421875
0 0.480578649609 0.311282419444 0.03495685 0.0177905398437
1 0.468406174609 0.233877968056 0.0299630138889 0.0215359164062
1 0.602771563672 0.295468606944 0.0233045666667 0.0280903257812
2 0.608807641016 0.401884857639 0.0532675819444 0.0711621570312
2 0.653283990625 0.397723327083 0.0582614152778 0.09644345
2 0.943833253906 0.541355556944 0.308904411111 0.11085981875
