3 0.465674207031 0.183056743056 0.0874407 0.02279323125
3 0.496265122656 0.603198643056 0.0277251 0.00959715
3 0.427285607031 0.61066309375 0.0255924013889 0.01079679375
3 0.394295403906 0.569075441667 0.0234597027778 0.0071978625
3 0.376900569531 0.61066309375 0.0255924013889 0.00839750625
3 0.330114462891 0.615994842361 0.0191942986111 0.00599821953125
3 0.298323902734 0.602132293056 0.0170616 0.00719786171875
1 0.277929960547 0.478435690278 0.0597156 0.0335900257813
1 0.363104666406 0.307819689583 0.162085201389 0.146356539062
1 0.427285607422 0.576539891667 0.0341232027778 0.0299910945312
1 0.1333728875 0.434715340278 0.0277251 0.03478966875
0 0.589237513281 0.594667843056 0.0234597 0.00599821875
0 0.694206341797 0.572274490972 0.0255924013889 0.00719786171875
2 0.193954897266 0.688506639583 0.0575828986111 0.0527843257813
2 0.155566296875 0.685307590278 0.063981 0.043187175
2 0.0973835746094 0.697037441667 0.0831753 0.0779768445312
2 0.0351957949219 0.700236490972 0.0853080013889 0.0703915898438
2 0.381699144531 0.677843140972 0.0661137013889 0.03718895625
2 0.427885428906 0.670378690278 0.0383886 0.0311907375
2 0.481269576172 0.662914239583 0.0191942986111 0.0131960804688
