1 0.170489718359 0.253264643056 0.167010336111 0.0788659929688
1 0.204123744141 0.419244051389 0.0247422722222 0.0185567039062
1 0.307345410938 0.437800764583 0.0164948486111 0.018556703125
1 0.314304175781 0.39243993125 0.0577319680556 0.0347938203125
1 0.39548975625 0.406872923611 0.0329896944444 0.044072171875
1 0.435116057422 0.406872922917 0.0371134069444 0.0429123789062
1 0.353350579687 0.399656428472 0.0597938236111 0.039432996875
1 0.286082526563 0.433677053472 0.0247422708333 0.0208762921875
1 0.490592864844 0.460481179167 0.0247422722222 0.0139175265625
1 0.709600644141 0.427835121528 0.0515463986111 0.0336340257813
1 0.553608350391 0.435690432639 0.0273944513889 0.0208762914062
2 0.904059427344 0.651546513889 0.254295563889 0.189046423438
2 0.503350597266 0.498281879861 0.0453608319444 0.0371134070312
2 0.405927902344 0.553608335417 0.263033920833 0.169329925
1 0.552742229688 0.459489697222 0.0202040777778 0.0206632609375
