2 0.661528960156 0.48944636875 0.166367204167 0.193011953125
2 0.556249711328 0.431391143056 0.0571887277778 0.0565388554687
2 0.512870762891 0.433990632639 0.0415918013889 0.0282694273437
2 0.261370339063 0.456519525 0.124775402778 0.11795175
2 0.390532377734 0.432257639583 0.0346598347222 0.0409419304688
2 0.343254196484 0.454786533333 0.0589217194444 0.0419167367188
2 0.459743735938 0.434857128472 0.0121309430556 0.0116976953125
2 0.431474308594 0.4331241375 0.0259948777778 0.0272946203125
2 0.491424988672 0.427925161806 0.0155969263889 0.0146221164063
1 0.589393180078 0.189638798611 0.0415918 0.00974807890625
