2 0.489974555859 0.462571754167 0.0321692583333 0.0249589070313
2 0.457527975391 0.468118179167 0.02551355 0.0237109632813
2 0.386395088672 0.477547099306 0.0399342513889 0.0174712367188
2 0.364556044922 0.481984240278 0.0421528222222 0.0336945257812
2 0.550187921094 0.461462469444 0.0366064 0.028078771875
2 0.331485491797 0.490303875 0.056573525 0.0505417867188
2 0.6269365625 0.481984238889 0.108709908333 0.0823643953125
2 0.877149610547 0.513598855556 0.194124838889 0.237109622656
0 0.510097674609 0.39767859375 0.0099835625 0.00811164609375
0 0.452380201172 0.416536436111 0.00998356111111 0.00499178203125
0 0.695729550781 0.377045907639 0.0144207041667 0.007487671875
0 0.4691650625 0.437612848611 0.0144207027778 0.0043678078125
0 0.505667465234 0.439276775694 0.0110928486111 0.00499178203125
1 0.536200558203 0.405073831944 0.00998356111111 0.0149753445313
3 0.282971615625 0.471723353472 0.0587920930556 0.009359590625
3 0.301066823438 0.480597631944 0.0410435361111 0.0068637
