1 0.724769633203 0.372593221528 0.0415918013889 0.0263198117187
1 0.748652425781 0.445378872917 0.107445484722 0.085783090625
2 0.821763014063 0.473973236806 0.0155969263889 0.0370426984375
2 0.814451955469 0.4843711875 0.0121309416667 0.047765584375
2 0.816401571094 0.502567600694 0.0277278680556 0.051664815625
2 0.739879154687 0.509499566667 0.03119385 0.0487403921875
2 0.756938292578 0.55109136875 0.0970475375 0.110153286719
2 0.851494653516 0.558023336806 0.131707373611 0.192037146094
4 0.633137696094 0.478305716667 0.0693196694444 0.133548675
2 0.703811264844 0.493036145139 0.0259948736111 0.013647309375
2 0.500076425 0.526829484722 0.0727856527778 0.0545892390625
2 0.385536502734 0.547625385417 0.103979504167 0.106254053906
3 0.464983342578 0.512965552778 0.0762516388889 0.0136473101563
3 0.361653710937 0.488703667361 0.0277278680556 0.009748078125
2 0.609742307812 0.627343004167 0.322336461111 0.2251806125
1 0.230542055469 0.347464840278 0.0710526583333 0.0107228859375
