2 0.398398845312 0.378387944444 0.0693018222222 0.023389365625
2 0.389043098828 0.378387944444 0.06652975 0.0218300726563
2 0.3781280625 0.369378706944 0.0623716388889 0.0233893640625
2 0.360586039453 0.367299653472 0.0443531680556 0.0148132648438
2 0.351620115625 0.357597395833 0.0332648722222 0.015592909375
2 0.343433838672 0.349974196528 0.0263346930556 0.0179318460938
2 0.433093069141 0.390862272222 0.0859342583333 0.0600327023438
2 0.231810461719 0.383932092361 0.1469198625 0.236500726563
2 0.794458754297 0.474024458333 0.446303727778 0.410093527344
1 0.440499701172 0.302848957639 0.0429671291667 0.0202707835937
1 0.70869775 0.0741529486111 0.0512833472222 0.0327451109375
1 0.709477395703 0.118506113194 0.0429671291667 0.0576937664063
1 0.705579167969 0.188500953472 0.0970225486111 0.057693765625
1 0.766262757813 0.112961969444 0.048511275 0.0340468859375
1 0.785492830859 0.209984519444 0.08177615 0.0319654648437
