1 0.126743683203 0.340312259028 0.0609374569444 0.0263671695313
2 0.455014942187 0.486796534028 0.0210937375 0.013183584375
2 0.424692696875 0.490312155556 0.0234374833333 0.01054686875
2 0.416782546484 0.487968407639 0.0234374847222 0.0105468679688
2 0.408872395313 0.484452784722 0.0398437222222 0.0158203015625
2 0.398325527734 0.485624659028 0.0328124763889 0.0158203007813
2 0.519614506641 0.483280911111 0.0187499888889 0.0105468679688
2 0.526865478125 0.486796534028 0.0210937375 0.0145019421875
2 0.538071525781 0.485624659028 0.0328124763889 0.0158203015625
2 0.547300034766 0.486796532639 0.0398437208333 0.0210937351563
2 0.558506082031 0.48914028125 0.0398437208333 0.0171386609375
2 0.575644741406 0.491484030556 0.0539062138889 0.0303222453125
2 0.608603703516 0.484452784028 0.0773436958333 0.0487792632812
2 0.439853819531 0.492655904167 0.0187499861111 0.0197753765625
2 0.472153602734 0.49031215625 0.0187499875 0.0184570195312
2 0.497202413281 0.48914028125 0.0257812319444 0.0158203015625
2 0.385141942969 0.491484030556 0.0351562277778 0.031640603125
2 0.338340217578 0.484452785417 0.0679687041667 0.0540526976563
2 0.65474625 0.492655904167 0.0937499361111 0.07778315
2 0.217710418359 0.479765288194 0.105468676389 0.0975585273437
