2 0.0594069148437 0.567857398611 0.0857143222222 0.117952857813
2 0.154974558984 0.554847186806 0.0719388097222 0.0783482476562
2 0.224713110938 0.552551266667 0.0734694194444 0.0611288546875
2 0.375382821875 0.548724734028 0.0658163541667 0.0507972171875
2 0.508402652344 0.567092091667 0.133163325 0.0878189171875
2 0.686192910938 0.560969641667 0.044387775 0.0352997609375
2 0.644866360938 0.5456635125 0.04132655 0.0301339421875
2 0.662946726562 0.555612495833 0.0336734833333 0.0232461828125
2 0.420153250391 0.548724734028 0.0658163541667 0.0335778210937
2 0.560921807031 0.533418607639 0.0964286152778 0.0447704265625
0 0.347327225 0.423979784028 0.0336734847222 0.0136273578125
0 0.337930636328 0.4216838625 0.0382653222222 0.00860969765625
0 0.538967078906 0.443112444444 0.0260204222222 0.007748728125
1 0.579863142188 0.448469590972 0.0153061291667 0.0275510328125
0 0.229017959375 0.497449202778 0.0244898055556 0.012914546875
