2 0.0454833671875 0.542577752083 0.0867186902778 0.090966734375
2 0.0151611222656 0.493359036111 0.0210937361111 0.0303222445312
2 0.0619628480469 0.522655890972 0.0656249541667 0.0764647914062
2 0.145019431641 0.51796839375 0.0468749680556 0.0395507539062
2 0.277514457813 0.533202758333 0.0679687027778 0.0883300171875
2 0.300717574609 0.514452771528 0.0867186902778 0.109423752344
2 0.363998780859 0.526171513194 0.0632812069444 0.0303222445313
2 0.393661846875 0.5085934 0.0281249805556 0.0342773203125
2 0.406054418359 0.506249651389 0.0281249805556 0.0274218601563
2 0.572035731641 0.514452770833 0.0398437222222 0.0224120945313
2 0.5885152125 0.51796839375 0.0421874708333 0.0210937359375
2 0.607631410547 0.519140268056 0.0445312194444 0.0329589617187
2 0.534462515234 0.5085934 0.0234374833333 0.0105468679688
2 0.529189082031 0.508593400694 0.0187499875 0.0079101515625
2 0.816591227734 0.520312141667 0.0281249805556 0.0290038867187
2 0.912831395703 0.502734029861 0.0304687291667 0.0685546398438
3 0.918104829687 0.537890255556 0.100781180556 0.01845701875
3 0.895692735547 0.539062129861 0.103124929167 0.0237304523438
3 0.857460339844 0.526171513194 0.0867186902778 0.01845701875
3 0.747377407813 0.539062129167 0.0937499361111 0.02241209375
2 0.0164794808594 0.59062459375 0.1265624125 0.0329589617187
2 0.656147025391 0.532030884028 0.1265624125 0.0804198664062
2 0.546723272656 0.514452771528 0.0351562263889 0.0197753765625
2 0.5204879375 0.509765274306 0.0257812319444 0.0168749921875
2 0.441518263281 0.520312142361 0.0468749680556 0.0250488109375
2 0.503481110938 0.502734029861 0.0304687291667 0.009228509375
2 0.507436186719 0.503905903472 0.0234374847222 0.0065917921875
2 0.454701847656 0.5085934 0.0281249805556 0.009228509375
5 0.479091479297 0.512109022917 0.110156173611 0.0527343382813
1 0.183251827344 0.0503905902778 0.0656249555556 0.14501943125
1 0.272241023828 0.0714843263889 0.0890624388889 0.0118652257812
1 0.301904089453 0.350390384028 0.0703124513889 0.0263671695313
1 0.554237892578 0.466405929861 0.0140624902778 0.0105468679688
0 0.363866937109 0.127734286806 0.0984374319444 0.0263671695313
0 0.6908198375 0.296484170833 0.0515624638889 0.013183584375
0 0.48686980625 0.449999690972 0.0187499875 0.0065917921875
0 0.532484997266 0.452343438889 0.0187499861111 0.00764650234375
0 0.344091560156 0.133593658333 0.0796874444444 0.0158203015625
0 0.38627903125 0.131249909722 0.0937499361111 0.01845701875
0 0.703344242969 0.296484170833 0.0492187166667 0.0118652265625
0 0.680272969922 0.29999979375 0.0468749680556 0.0105468679688
0 0.528661745703 0.451171564583 0.0257812319444 0.00527343359375
0 0.810790458203 0.446484067361 0.0304687263889 0.0184570179687
1 0.787060005469 0.424218458333 0.0187499861111 0.0158203015625
