1 0.11487845625 0.493827779861 0.0539062125 0.0210937359375
1 0.166294437891 0.487968406944 0.0281249805556 0.0105468679687
1 0.110264202344 0.432890319444 0.0539062138889 0.0329589625
1 0.119492711719 0.389530975 0.0187499861111 0.0118652265625
1 0.0957622589844 0.371952863889 0.0210937361111 0.0276855289062
1 0.113560098437 0.314531026389 0.0562499611111 0.0369140375
1 0.822836954688 0.519609011111 0.0398437222222 0.02636716875
1 0.822177775781 0.477421540278 0.0445312194444 0.011865225
1 0.713413201953 0.520780885417 0.0749999486111 0.0395507539063
1 0.573667204297 0.555937110417 0.0328124763889 0.0184570179687
1 0.522251224609 0.565312104167 0.0234374833333 0.0105468679688
1 0.500498308594 0.566483977778 0.0210937333333 0.0065917921875
2 0.399643886328 0.578202720139 0.0304687291667 0.0105468679688
2 0.497202412109 0.587577713889 0.0210937361111 0.0131835851563
5 0.384482764844 0.574687097917 0.0515624652778 0.02241209375
2 0.377890971875 0.589921461806 0.0304687291667 0.02241209375
2 0.369321641016 0.594608959028 0.0304687291667 0.0158203023438
2 0.353501340234 0.599296457639 0.0351562263889 0.0263671695313
2 0.590805864063 0.614530820833 0.07499995 0.0580077734375
2 0.449082329688 0.622733940278 0.185156122222 0.106787035938
3 0.535434808594 0.595780833333 0.037499975 0.0105468671875
1 0.571030486719 0.487968406944 0.0281249805556 0.01845701875
1 0.159165228125 0.489099190278 0.0469194 0.0263921625
