5 0.190162367969 0.342779356944 0.07034665 0.102091195312
5 0.299509710547 0.360462278472 0.0433247930556 0.0526396242187
2 0.357351037109 0.375800110417 0.0163141986111 0.0108973742188
2 0.368535185547 0.377329566667 0.0132552861111 0.0114709210937
2 0.350181712109 0.378349204167 0.0152945611111 0.00917673671875
2 0.339571110547 0.377329566667 0.0152945611111 0.0166328351563
2 0.261432717187 0.366435086111 0.0163142 0.010323828125
2 0.249961797266 0.360317263889 0.01223565 0.0137651054687
2 0.249388251172 0.376631461806 0.0224320236111 0.0240889335937
2 0.125789079297 0.3613369 0.0183534722222 0.0338392164063
2 0.0738831636719 0.34757179375 0.0214123847222 0.0447365914063
2 0.0973985503906 0.367454725 0.0305891222222 0.0516191429688
2 0.0426249042969 0.359394350694 0.0246647486111 0.0476043210937
2 0.00718014101562 0.361328775 0.03119385 0.0134217414062
5 0.405731682031 0.37195039375 0.0132552875 0.0154857421875
2 0.409256954297 0.391491192361 0.0316087597222 0.0149121976562
2 0.482989484375 0.389451918056 0.0234516611111 0.0091767359375
2 0.495033951563 0.393530465972 0.0336480347222 0.019500565625
2 0.506504871875 0.402197386111 0.0367069472222 0.0263831171875
2 0.571028801563 0.400667929861 0.0254909375 0.017779928125
2 0.960124223047 0.493691496528 0.185852404167 0.0756706179687
2 0.3867550125 0.397006473611 0.060351975 0.043866353125
2 0.447238942578 0.404140016667 0.115404555556 0.0712526585937
2 0.589544836328 0.411694530556 0.0591389694444 0.0470307757812
2 0.537638919531 0.404047252083 0.0927870069444 0.0567810578125
2 0.706004582422 0.427182460417 0.114377454167 0.103329632031
