0 0.281924232422 0.491185406944 0.0196688722222 0.00704056328125
0 0.445868763672 0.476880771528 0.0160927152778 0.0110637414063
0 0.390047157812 0.408039714583 0.0214569541667 0.0080463578125
0 0.350821166797 0.413403952083 0.0214569513889 0.00804635703125
0 0.566061223828 0.423238389583 0.0196688736111 0.00603476953125
0 0.575616274219 0.429496668056 0.0214569527778 0.0070405625
0 0.626408905078 0.437543024306 0.0232450319444 0.0120695367188
2 0.680721816797 0.526946995139 0.0840397319444 0.0885099304688
2 0.607801703906 0.475092691667 0.0482781416667 0.0734230109375
2 0.840140271484 0.584165536111 0.237814561111 0.302744194531
1 0.663120410547 0.390158920833 0.0250331111111 0.0170985101562
1 0.253761981641 0.441119182639 0.0125165541667 0.00905215234375
