2 0.557732944922 0.400805009722 0.0167796583333 0.0154449117188
2 0.646970217187 0.386313486806 0.0122033875 0.0085805078125
2 0.640534836328 0.393177891667 0.0106779638889 0.00772245546875
2 0.631525303516 0.398516873611 0.0183050805556 0.0102966085938
2 0.669279533594 0.407669413194 0.0213559236111 0.0257415203125
2 0.487801813672 0.406143991667 0.0183050805556 0.0197351632813
2 0.459486142188 0.4206355125 0.0320338972222 0.0454766890625
2 0.5165465125 0.445042288889 0.0594915138889 0.0429025328125
2 0.484798636328 0.425211784028 0.0198305041667 0.0171610132812
2 0.293024309375 0.4236863625 0.0228813555556 0.0248834703125
2 0.259560332812 0.421016870833 0.0411864305556 0.0420444828125
2 0.538855830469 0.404237211111 0.0137288111111 0.0205932140625
2 0.567815040234 0.417966022222 0.0320338916667 0.0257415210938
2 0.724838315625 0.516355829167 0.216610125 0.190487251563
2 0.463561882422 0.520932105556 0.173898275 0.119269044531
2 0.141792875391 0.565932095139 0.294406720833 0.281440624219
0 0.414867505469 0.291355877778 0.0198305027778 0.011154659375
0 0.488230840234 0.285254185417 0.0259322013889 0.0137288117187
1 0.690301775781 0.356567728472 0.0167796569444 0.00772245625
1 0.587335694531 0.36724569375 0.0228813513889 0.011154659375
1 0.368961792187 0.353516879861 0.0289830430556 0.013728809375
1 0.371106921875 0.422160936111 0.0137288083333 0.0077224546875
0 0.216228770703 0.390889759028 0.0152542375 0.00514830390625
0 0.569316628906 0.364957560417 0.00915254305556 0.00772245625
0 0.567600527734 0.355805015972 0.0122033819444 0.00772245703125
2 0.592585696484 0.396508511111 0.0277278666667 0.0224205804688
0 0.551074026172 0.282187402778 0.0168749944444 0.00738280859375
