2 0.460629803906 0.519498207639 0.0509889486111 0.037442246875
2 0.0261376582031 0.555393305556 0.137288233333 0.0522753164063
3 0.00332128984375 0.552273116667 0.101926111111 0.0066425796875
3 0.103173367969 0.564753867361 0.0894453625 0.0128707703125
1 0.020683421875 0.25273515625 0.0936056125 0.02574154375
1 0.0218534910156 0.179930789583 0.0436826180556 0.0327619648438
1 0.332507122266 0.450347004861 0.0478428680556 0.0128707726562
1 0.401541261328 0.442026508333 0.018721125 0.0105306304687
2 0.228955911328 0.592835551389 0.187211227778 0.219973191406
5 0.734850264844 0.433564300694 0.867128601389 0.526288878125
