1 0.0194961570312 0.423716477083 0.0641206930556 0.0350930828125
1 0.499101617578 0.393389121528 0.0554557347222 0.0311938523438
1 0.577573648828 0.264281238194 0.0502567597222 0.0224205804688
1 0.631188080078 0.363061766667 0.0190629083333 0.0185213492187
0 0.618028174609 0.41765100625 0.0381258180556 0.0233953882813
0 0.517135562109 0.223555931944 0.0693196666667 0.0146221179688
0 0.501538636719 0.228754908333 0.0762516361111 0.0126725015625
0 0.483992095313 0.227888411806 0.0641206930556 0.0126725015625
2 0.967009383203 0.463575286806 0.0571887263889 0.0623877023437
2 0.951899861719 0.518164526389 0.100513519444 0.0945563609375
2 0.823712629687 0.525962988889 0.105712494444 0.183263875
2 0.407469679297 0.51989751875 0.0554557375 0.0272946195313
2 0.333871687109 0.511232559028 0.0207959013889 0.0224205804687
2 0.360191498828 0.511232559028 0.0346598347222 0.0243701960937
2 0.316325145703 0.513832046528 0.0155969263889 0.0146221164063
2 0.295854180859 0.510366063194 0.0225288930556 0.0204709632812
2 0.297316393359 0.53029546875 0.0485237708333 0.0253450054688
2 0.275383216797 0.530295468056 0.0693196694444 0.0302190445313
2 0.212508110547 0.538093930556 0.0675866777778 0.0253450039062
2 0.182776471094 0.545025897222 0.0745186416667 0.0497152
2 0.208608878516 0.541559914583 0.0467907763889 0.0155969242188
2 0.133548674609 0.562355815278 0.0918485611111 0.0721357804688
2 0.245651576953 0.543292905556 0.0849165944444 0.0623877023437
2 0.379200251953 0.536360938889 0.0745186444444 0.0565388554687
2 0.443050166016 0.533761451389 0.0901155694444 0.0633625101563
2 0.0331434667969 0.747785929861 0.299807568056 0.0662869335937
