2 0.112950729297 0.483675478472 0.0590066208333 0.0633650632812
2 0.264322825781 0.495297994444 0.0214569527778 0.0362086078125
5 0.359370421094 0.485463556944 0.0268211916667 0.033191225
2 0.488615035156 0.507814552083 0.0357615875 0.02816225
2 0.588188707813 0.512284748611 0.0983443694444 0.0683940375
2 0.457938298438 0.507814550694 0.0214569541667 0.0130753296875
1 0.452406428125 0.379966875 0.0733112555556 0.0824751625
1 0.515268594141 0.377284754861 0.0572185402778 0.0372144023437
1 0.574610480078 0.340629125694 0.0160927125 0.0412375820312
1 0.573101787891 0.379966872917 0.0661589375 0.0663824476563
1 0.514765696875 0.480993359722 0.0214569527778 0.0221274828125
1 0.536390282422 0.478311241667 0.019668875 0.0170985085937
2 0.546448229297 0.506026469444 0.0393377472222 0.0251448679688
2 0.532367103125 0.509602629861 0.0250331125 0.0150869203125
2 0.516777286328 0.510496669444 0.0160927166667 0.0140811257813
2 0.505691566406 0.509602628472 0.0143046347222 0.0120255796875
