1 0.597525777344 0.227720689583 0.0571342236111 0.0202010296875
1 0.597984890625 0.280120938194 0.0391777541667 0.0339744578125
0 0.478445609766 0.202849745139 0.0559585513889 0.0183613992188
1 0.102141455078 0.243676823611 0.0676645194444 0.0247921710937
0 0.612401077344 0.333827104861 0.0310157208333 0.0220374859375
2 0.316329748828 0.409733999306 0.0212212819444 0.0192828007812
2 0.3392854625 0.413815015972 0.0163240625 0.011936971875
2 0.352599776172 0.409734001389 0.0244860944444 0.0183645710937
2 0.299801633984 0.406469188889 0.0277509083333 0.0174463429688
2 0.228179803906 0.423609453472 0.0195888791667 0.0156098859375
2 0.209815231641 0.421977047222 0.032648125 0.0174463429688
2 0.155180631641 0.431227359028 0.0342805347222 0.0220374867187
2 0.137275173047 0.434492172222 0.0408101611111 0.0266286289063
2 0.115237687109 0.440205594444 0.0228536888889 0.0192828007812
2 0.06243954375 0.505637104861 0.199424090278 0.1248790875
2 0.501111776172 0.423609454861 0.0995767875 0.0697853726562
2 0.764467042969 0.484551077778 0.280773897222 0.309025657812
2 0.416175631641 0.453972223611 0.177932294444 0.120287944531
2 0.940851441406 0.396021790278 0.0652962555556 0.0927410875
0 0.0151507710937 0.0636638493056 0.120798073611 0.0293833140625
0 0.964846620313 0.208163696528 0.0571342236111 0.0339744578125
0 0.492216659375 0.204015547917 0.0582901569444 0.0091807
