0 0.662381930469 0.221822941667 0.0831836027778 0.0224205796875
0 0.865141963281 0.397721602083 0.0329268430556 0.0204709640625
0 0.884638121094 0.488703667361 0.0277278652778 0.0107228859375
0 0.869041194531 0.487837169444 0.0329268416667 0.0126725015625
0 0.645322794531 0.227021915972 0.0762516375 0.0136473109375
0 0.400646025391 0.523363502083 0.0138639347222 0.00779846484375
0 0.447436801953 0.545025898611 0.0121309444444 0.00779846484375
3 0.444999782031 0.582285220139 0.0346598347222 0.0107228859375
2 0.411368911328 0.616945053472 0.0762516375 0.0623877007812
2 0.367502558203 0.623877023611 0.0658536861111 0.0311938507813
3 0.349956017188 0.589217185417 0.0346598347222 0.009748078125
2 0.542480566797 0.63514146875 0.445378873611 0.229079842969
4 0.744671738281 0.582028824306 0.201226595833 0.163337410938
