1 0.276572357031 0.256677631944 0.0479605277778 0.0279769734375
1 0.291560021875 0.222927631944 0.0586184194444 0.017985196875
1 0.294557553906 0.327730265972 0.0763815819444 0.01199013125
1 0.557341273828 0.377467109028 0.0373026319444 0.0139884867187
1 0.758175978516 0.412105265972 0.0213157875 0.00799342109375
1 0.757676391016 0.449407897222 0.0355263166667 0.0129893117188
2 0.619290286328 0.462730265278 0.0408552638889 0.0239802632813
2 0.571329760547 0.458289477083 0.0426315791667 0.0139884867187
2 0.562836751562 0.454736845139 0.0284210541667 0.012989309375
2 0.590813724609 0.470723686806 0.0603947375 0.0349712148437
2 0.532361832031 0.47694079375 0.0763815819444 0.0479605265625
2 0.5008877375 0.489375002778 0.104802630556 0.04496299375
2 0.693229432812 0.486710528472 0.0852631541667 0.05395559375
1 0.150675975781 0.49115131875 0.0657236847222 0.0279769734375
2 0.705719152344 0.512467107639 0.0799342097222 0.0589514796875
2 0.421453114844 0.575526320139 0.305526320833 0.205830592187
2 0.988061311719 0.636610951389 0.1940757 0.0238773765625
