2 0.428659026953 0.591211408333 0.140850613889 0.0804473695312
5 0.342117160156 0.5532900875 0.151685275 0.0853229671875
2 0.303112375 0.591211411111 0.123515152778 0.0950741640625
2 0.15562553125 0.603129539583 0.264365765278 0.224277514063
2 0.0594846578125 0.618703505556 0.376235369444 0.118969315625
2 0.473758308594 0.572792479861 0.0346709208333 0.01706459375
2 0.487166204688 0.578209811806 0.0411717180556 0.024377990625
2 0.507887496875 0.584710609028 0.0541733125 0.0341291875
2 0.554205677734 0.593378339583 0.0975119652778 0.0755717710937
2 0.607837257422 0.602046070833 0.140850613889 0.0853229679687
2 0.707787020313 0.631299656944 0.255698033333 0.216964117187
2 0.861368362109 0.567375153472 0.418217973611 0.275471294531
1 0.364666801562 0.404855211111 0.0585071777778 0.01584569375
