1 0.807942726562 0.268689536806 0.0331758152778 0.043064759375
1 0.769184442969 0.254653615278 0.0357278 0.0172259046875
1 0.783898236719 0.185750000694 0.0510397152778 0.0322985703125
1 0.784615982031 0.109190427778 0.0918714861111 0.0696213609375
0 0.357437501953 0.425543621528 0.0165879069444 0.00789520546875
0 0.294275855469 0.417249668056 0.0153119138889 0.010766190625
2 0.439978290625 0.475945339583 0.0586956708333 0.035169553125
2 0.510317396875 0.565264840278 0.211814816667 0.1184280875
2 0.221783510547 0.532727021528 0.0880435069444 0.0595729179688
5 0.100843311328 0.556970886111 0.156947122222 0.178001005469
2 0.307195282813 0.685208169444 0.433837575 0.385429595312
2 0.905930014453 0.665217607639 0.290926373611 0.184460719531
