1 0.881718441406 0.298124895833 0.0787499722222 0.044296859375
1 0.970839504297 0.303749894444 0.0487499805556 0.0516796679688
1 0.854296576562 0.291562398611 0.0393749888889 0.0147656203125
1 0.309550672656 0.26718740625 0.140624951389 0.104414025
1 0.446132656641 0.329062386111 0.0431249833333 0.0189843679687
1 0.519433411719 0.302812394444 0.0318749888889 0.0221484296875
1 0.691347413281 0.306562393056 0.0356249888889 0.01792968125
1 0.943417639062 0.19687493125 0.161249943056 0.11074215
2 0.708222408203 0.364687372222 0.0881249694444 0.0643359148437
2 0.598534947656 0.421874852083 0.168749940278 0.121289020312
