0 0.362329026953 0.0983071479167 0.0876013986111 0.0131988710938
0 0.291055120703 0.365022121528 0.0328505263889 0.00791932265625
0 0.339011021484 0.374407986806 0.0172074180556 0.00879924765625
0 0.348690192187 0.399436957639 0.0172074180556 0.0070393984375
0 0.384327145703 0.106910858333 0.0797798444444 0.0184784195313
0 0.535674204688 0.318092802083 0.0328505263889 0.014958721875
0 0.553272701172 0.321221420139 0.0328505208333 0.0131988726563
0 0.00407965507813 0.338428840278 0.0265932833333 0.00815931015625
1 0.460880599609 0.146800778472 0.0312862097222 0.0712739054687
1 0.537874016797 0.183562083333 0.0203360388889 0.0193583460937
1 0.525115107813 0.258648995139 0.0265932819444 0.0307973671875
1 0.360569176953 0.367368588194 0.00625724305556 0.0131988726562
2 0.318772750781 0.436980415278 0.0578794972222 0.033437140625
2 0.280935985547 0.432287482639 0.0547508763889 0.0387166898437
2 0.252778395312 0.442455503472 0.0563151847222 0.0228780453125
2 0.217581403906 0.450277056944 0.0719582916667 0.0510356375
2 0.189423810547 0.448712745139 0.0625724291667 0.0281575929687
2 0.16390599375 0.453405678472 0.0563151847222 0.035196990625
5 0.103191184766 0.441673346528 0.1298377875 0.100311424219
2 0.363208951562 0.440109036111 0.0484936333333 0.032557215625
2 0.346050419531 0.42759455 0.0265932777778 0.012318946875
2 0.386526957813 0.436980413889 0.0391077666667 0.012318946875
2 0.398405941797 0.444019813889 0.0594438055556 0.0255178179688
2 0.431403121875 0.453405676389 0.0688296666667 0.0598348859375
3 0.477599171484 0.4221194625 0.0500579416667 0.0131988726562
3 0.464400298047 0.414297909028 0.0469293208333 0.0131988710937
3 0.564362870312 0.435244589583 0.1270521875 0.0262155203125
3 0.590229539062 0.458098608333 0.122016233333 0.027277665625
3 0.670302694141 0.433851793056 0.123580544444 0.0290375179687
0 0.940830037891 0.0154687402778 0.0281249805556 0.0329589617187
