4 0.486749404297 0.5179758 0.107401808333 0.0489425960937
2 0.458913306641 0.537009029861 0.0353474263889 0.00688255234375
2 0.452795484375 0.537688789583 0.0394259791667 0.0114709203125
4 0.423353454297 0.53293048125 0.103323256944 0.0489425960937
2 0.436124421875 0.545166129861 0.0543806597222 0.0282949375
2 0.415859128125 0.545845890278 0.0720543777778 0.0290596671875
2 0.383740548437 0.541087579861 0.100604223611 0.0672960671875
2 0.342827598438 0.566238635417 0.1264350375 0.0787669890625
2 0.254883861719 0.590709931944 0.208006027778 0.173593267188
2 0.101708830859 0.680438023611 0.262386691667 0.203417661719
2 0.515990691406 0.532114774306 0.0244712986111 0.010706190625
2 0.518284878125 0.530755256944 0.0271903333333 0.01223565
2 0.522490880859 0.535513564583 0.0258308125 0.0114709210937
2 0.548873999219 0.538912359722 0.0652567944444 0.045883684375
2 0.587110400781 0.54503018125 0.0910876069444 0.048942596875
2 0.607758058203 0.557265828472 0.104682770833 0.0581193320312
2 0.649818100391 0.567462203472 0.1305135875 0.0948262789063
2 0.786169116406 0.578338336111 0.231117811111 0.23324205625
1 0.897819413672 0.267009047917 0.0435045291667 0.0374716742188
2 0.919122461719 0.64171835625 0.339879131944 0.160592890625
