0 0.346109850391 0.438520607639 0.0352040986111 0.0146364867188
0 0.523039138281 0.455357349306 0.0290816458333 0.012053578125
0 0.405947249219 0.512755331944 0.0275510333333 0.0120535765625
0 0.387436398828 0.517347170833 0.0214285805556 0.0129145476562
1 0.543906895313 0.475561435417 0.0137755180556 0.02582909375
1 0.556821442187 0.510765532639 0.0260204208333 0.0103316375
1 0.523674105859 0.512296145139 0.0107142902778 0.0198023054687
1 0.592121203516 0.500051240972 0.0168367430556 0.0206632742187
1 0.435924658203 0.51759501875 0.0198979680556 0.0129145460938
2 0.339509076563 0.563520670833 0.0352040972222 0.0327168515625
2 0.319276286719 0.568112507639 0.0321428708333 0.0198023046875
2 0.242219492187 0.571939039583 0.0551020652778 0.04132655
2 0.196157609766 0.568112507639 0.0719388069444 0.0525191570313
2 0.145360391797 0.568877814583 0.0918367763889 0.0645727335938
2 0.0880928707031 0.579584843056 0.101020455556 0.0972895851563
2 0.0441834121094 0.574227697917 0.111734745833 0.0852360085937
2 0.293864646484 0.567339940278 0.0459183888889 0.0352997617188
2 0.372212895313 0.568105246528 0.0229591958333 0.0180803640625
2 0.500858407031 0.556990049306 0.0168367430556 0.0103316375
2 0.53185331875 0.577653323611 0.0367347111111 0.0275510328125
2 0.560695807422 0.576122708333 0.0581632916667 0.0352997617187
2 0.583081020312 0.58607169375 0.0903061625 0.04218751875
2 0.659933332422 0.59693904375 0.159183745833 0.136033224219
2 0.785866978125 0.671980929167 0.209693969444 0.212659534375
2 0.921257836719 0.755441188194 0.370408331944 0.154113589063
2 0.462388588672 0.564429459722 0.0413265472222 0.0232461835938
2 0.440433860156 0.570551911111 0.05357145 0.0275510328125
2 0.51103338125 0.559837620139 0.0198979680556 0.01549745625
2 0.4068560375 0.579735588889 0.0872449361111 0.0619898234375
1 0.746030309375 0.341326684722 0.0612245194444 0.0430484890625
1 0.749474189063 0.384383141667 0.021827175 0.0430484890625
