3 0.0903203492187 0.506026472222 0.107284763889 0.030173840625
3 0.181847663281 0.490827797917 0.0840397319444 0.0221274828125
3 0.321653120703 0.4818874 0.0625827777778 0.0140811242188
3 0.367919676953 0.486357597222 0.0429139055556 0.0100579460938
6 0.247224315625 0.51496686875 0.118013240278 0.0281622515625
7 0.242698240234 0.541788057639 0.0929801291667 0.0271564554688
3 0.342271911719 0.485463557639 0.0411258263889 0.0090521515625
3 0.354844345703 0.472947001389 0.0232450305556 0.00804635703125
3 0.380995006641 0.494403954861 0.0375496680556 0.00804635703125
1 0.187882430859 0.3701324375 0.0143046361111 0.0160927148437
1 0.313103867188 0.411258264583 0.0107284763889 0.0130753296875
1 0.308577791797 0.421986738889 0.0107284777778 0.00804635703125
1 0.200957761328 0.387119191667 0.0196688722222 0.0140811242188
0 0.206489632422 0.345099325 0.0464900638889 0.0191100992187
0 0.180841867578 0.421986739583 0.0250331125 0.0181043023437
0 0.314109661719 0.379072833333 0.0250331111111 0.0050289734375
0 0.39759061875 0.371920515972 0.0321854291667 0.0050289734375
0 0.392561644922 0.372814555556 0.0339735083333 0.00502897421875
0 0.404631181641 0.371026476389 0.03039735 0.00502897421875
0 0.303045920703 0.443443693056 0.0107284777778 0.00905215234375
2 0.527338130859 0.544470179861 0.134105954167 0.0854925476563
5 0.4695049375 0.461324486806 0.193112576389 0.140811253125
5 0.797139419141 0.406788065278 0.584701966667 0.366618416406
4 0.576701984766 0.4827814375 0.1215894 0.0792979476562
2 0.397087721875 0.497086075 0.050066225 0.0261506625
