3 0.181711739844 0.490375965972 0.0915254069444 0.0197351625
3 0.139667257031 0.524697995139 0.215084704167 0.0420444828125
3 0.167553905078 0.509443759722 0.138813533333 0.0257415195312
3 0.0838939636719 0.498765795833 0.102203369444 0.0265995710938
3 0.0534331636719 0.485799695139 0.0671186291667 0.0188771148437
3 0.0397043542969 0.482748847917 0.0732203236111 0.0205932179688
3 0.0315528703125 0.488850543056 0.0884745611111 0.0145868609375
3 0.769047433594 0.453003090972 0.0777965930556 0.0205932171875
3 0.714561215234 0.45071495625 0.0701694763889 0.0163029632813
3 0.794788955859 0.443850551389 0.0838982916667 0.0188771148438
3 0.838120515625 0.454528515972 0.0961016791667 0.02316736875
3 0.850562251172 0.462155633333 0.0961016777778 0.0205932179688
3 0.928644862109 0.477409867361 0.117457604167 0.0257415210938
2 0.243491390234 0.498003082639 0.115932179167 0.0986758289062
2 0.30956129375 0.478172578472 0.0671186319444 0.0626377
3 0.9616798125 0.478935290278 0.135762686111 0.0300317734375
0 0.960821762109 0.330969218056 0.0381355861111 0.0231673695312
0 0.991711587891 0.33020650625 0.0366101625 0.0128707601562
0 0.626181996094 0.10902010625 0.0671186319444 0.0145868609375
2 0.666939403125 0.458342073611 0.0976271 0.082372865625
2 0.623607841797 0.456053940278 0.0381355861111 0.0163029632813
2 0.5845665375 0.464443767361 0.0701694763889 0.0600635484375
2 0.542951078906 0.461392920833 0.0518643972222 0.0403283828125
2 0.517209558984 0.457579363194 0.0442372819444 0.0248834695313
2 0.459291138281 0.436986149306 0.0335593236111 0.0137288109375
2 0.446420377344 0.438511569444 0.0213559277778 0.010296609375
2 0.430975464844 0.440036990972 0.0152542347222 0.0137288109375
2 0.415101527344 0.449189534722 0.024406775 0.0197351671875
2 0.395795385156 0.449952245139 0.0198305041667 0.018877115625
2 0.375202170703 0.459104785417 0.0320338902778 0.0223093195312
2 0.350318700391 0.470545460417 0.0396610097222 0.0326059257813
5 0.487177784375 0.431647163194 0.0777965902778 0.03861228125
1 0.977982776563 0.0830879076389 0.0915254069444 0.03689618125
0 0.401801741016 0.382833613889 0.0228813527778 0.00514830234375
0 0.495329266406 0.375206495833 0.0259321972222 0.00686440625
