2 0.3248118875 0.385574386111 0.019588875 0.0183645703125
2 0.303692630078 0.381493372222 0.0375453472222 0.0220374867188
2 0.287164514844 0.391287809722 0.0375453444444 0.0238739421875
2 0.272931971094 0.400266044444 0.0359129416667 0.0211192578125
2 0.258699428125 0.404347060417 0.0342805347222 0.0128552
2 0.237580171875 0.407611872917 0.0571342236111 0.0367291421875
2 0.212788 0.421487327778 0.0522370027778 0.0238739421875
2 0.159530742187 0.424752138194 0.0946795680556 0.080804115625
2 0.421685003125 0.3790447625 0.0326481277778 0.0211192578125
2 0.428112603516 0.382309575 0.0293833138889 0.0192828007812
2 0.446018060547 0.389655402778 0.0408101583333 0.0293833148437
2 0.451986547266 0.398633636806 0.0424425652778 0.0229557148437
2 0.460709718359 0.406795669444 0.0489721916667 0.0165281148437
2 0.475401375 0.412509092361 0.0636638486111 0.0348926859375
2 0.502030004688 0.426384545139 0.0946795680556 0.0642760015625
2 0.527281289844 0.451686845139 0.0865175375 0.076212971875
2 0.0681669980469 0.469643316667 0.102841602778 0.105596286719
2 0.967013839844 0.440600721528 0.114248706944 0.061641840625
