0 0.534680867578 0.383239071528 0.0180184736111 0.0124743289062
2 0.524059830078 0.431057331944 0.0249486638889 0.0163725554688
2 0.504958515625 0.4352154375 0.0249486555556 0.012474328125
2 0.499500996875 0.436601475 0.0249486555556 0.0109150359375
2 0.490924896875 0.436601474306 0.0304928013889 0.012474328125
2 0.482348798437 0.435215440972 0.0332648819444 0.014033621875
2 0.404384247656 0.465708238889 0.06652975 0.0358636921875
2 0.455970790234 0.467094275694 0.0914784041667 0.0740663179688
2 0.5865614125 0.465015220833 0.192659063889 0.124743282813
2 0.370599610547 0.465015222222 0.0984085861111 0.0670495117187
2 0.324600526953 0.479568603472 0.1108829125 0.0779645492187
2 0.232992181641 0.494583999306 0.153850043056 0.144234416406
2 0.662966669922 0.422510102083 0.0706878513889 0.0311858195312
2 0.697271071875 0.46062610625 0.141375715278 0.084201715625
2 0.807980729297 0.482802688889 0.1940451 0.194911369531
2 0.104736435937 0.541709240278 0.253644672222 0.209472871875
2 0.917520921484 0.57428109375 0.410266781944 0.162945907031
1 0.675548898047 0.320075406944 0.0207905527778 0.0124743289062
