2 0.848508064844 0.5938756125 0.0270416222222 0.0245714734375
2 0.832127082422 0.604276236806 0.0312018708333 0.00819049140625
2 0.901746257422 0.6136368 0.0624037416667 0.0585035085938
2 0.750807205859 0.593875613889 0.0478428666667 0.0561633695313
2 0.699324117969 0.587635240972 0.0312018736111 0.0421225265625
2 0.653691382812 0.594915677083 0.0499229930556 0.074884490625
2 0.418507278516 0.574114428472 0.133127984722 0.131047858594
2 0.338357472266 0.630277795139 0.104006234722 0.157959472656
1 0.96844025625 0.495069686806 0.0582434930556 0.0210612625
2 0.944453818359 0.605316298611 0.0291217472222 0.0315918945313
3 0.568276260547 0.581394863889 0.0478428694444 0.0187211226562
