1 0.401921951953 0.28790113125 0.0443531958333 0.0202707960937
1 0.467412215625 0.332254325694 0.0129363486111 0.0213103234375
1 0.741414476953 0.353506898611 0.0480492944444 0.0207905601563
1 0.558977312109 0.379841607639 0.0138603736111 0.00415811171875
1 0.454244864844 0.348424761111 0.008316225 0.007796459375
0 0.488260530078 0.321166027778 0.0221765972222 0.00779646015625
0 0.597930734766 0.362285134028 0.0120123236111 0.00571740390625
0 0.601309201172 0.38538575625 0.0101642736111 0.00519763984375
0 0.511390027734 0.366905259028 0.0101642736111 0.00519763984375
2 0.492418625781 0.405098290972 0.0249486708333 0.0129941
2 0.483842520313 0.406022315972 0.0286447708333 0.0114348078125
2 0.472927475781 0.414338541667 0.0452772222222 0.024948671875
2 0.462792077344 0.421268726389 0.0498973444444 0.0254684375
2 0.432126001563 0.422654765278 0.0840862666667 0.052496165625
2 0.553519788672 0.402326216667 0.0267967222222 0.0202707960938
2 0.576909169141 0.409718415278 0.0397330694444 0.0337846617188
2 0.661630702734 0.421730738889 0.0933265138889 0.0847215335937
2 0.766643562109 0.450837524306 0.1201232375 0.139857577344
2 0.406426576172 0.440211238194 0.1155031125 0.0441799414062
2 0.324563745312 0.437901172917 0.194045229167 0.163205896875
1 0.415435815625 0.328096213194 0.0341889208333 0.01091504375
1 0.497558529297 0.374297457639 0.0101642736111 0.00363834765625
1 0.473129619922 0.372449408333 0.0138603722222 0.00571740390625
