2 0.412587420703 0.519897518056 0.0190629083333 0.0155969257813
2 0.403814150391 0.527695980556 0.0242618833333 0.0175465414062
2 0.390166840234 0.532894954861 0.0277278652778 0.0214457726563
2 0.362872220703 0.532894956944 0.0346598361111 0.0331434664062
2 0.191793443359 0.538960426389 0.0641206944444 0.0555640460938
2 0.249794510156 0.528562476389 0.0745186444444 0.093581553125
2 0.494471280078 0.52769598125 0.0485237708333 0.0292442351563
2 0.568556676172 0.54329290625 0.0589217180556 0.0448411617187
5 0.824931139062 0.53809393125 0.180231140278 0.242727153125
2 0.453041946094 0.525962988889 0.0658536861111 0.0409419296875
