1 0.189544836719 0.0738779729167 0.0276378013889 0.0442470609375
2 0.0591953902344 0.321555208333 0.059527575 0.0346801273437
2 0.114803181641 0.355570965972 0.0510236347222 0.0167421304687
5 0.144699842578 0.354507972222 0.0744094694444 0.0406594601562
5 0.252925758203 0.354507970833 0.172204772222 0.190142767969
2 0.312121149609 0.416161534028 0.0446456819444 0.0358759945312
0 0.255915425781 0.0940748298611 0.0510236347222 0.0143503984375
0 0.239771227344 0.0930118381944 0.0488976513889 0.01315453125
0 0.208080765625 0.211003995833 0.0382677277778 0.0143503984375
0 0.176988238281 0.209941002778 0.0361417416667 0.0143503984375
0 0.403007001953 0.297106381944 0.0233858333333 0.0119586648438
1 0.29179141875 0.190807139583 0.0148818930556 0.0239173296875
1 0.417955332422 0.157854374306 0.0382677263889 0.0298966617187
1 0.698983953516 0.270531571528 0.0170078791667 0.0203297304688
1 0.610489833984 0.314114259722 0.0233858305556 0.0155462632812
0 0.443068528125 0.150413427083 0.0403937125 0.008371065625
0 0.55308824375 0.200374070139 0.0340157541667 0.0107627984375
3 0.811395401953 0.435295397222 0.0829134083333 0.0251131960938
3 0.552490310938 0.386397744444 0.0233858305556 0.0095669328125
1 0.386264871484 0.303484336111 0.010629925 0.0167421304688
1 0.367131007422 0.33218513125 0.0127559097222 0.00956693203125
0 0.365935141406 0.351318995139 0.0127559097222 0.00956693125
4 0.6906128875 0.394901685417 0.0318897708333 0.0562057234375
2 0.574015907422 0.389586723611 0.0212598472222 0.0215255976563
5 0.465789991406 0.342815056944 0.178582727778 0.0896899859375
5 0.409584266016 0.365137895833 0.0659055277778 0.0298966617187
0 0.452037526562 0.154665397222 0.0403937111111 0.00956693125
2 0.492696986328 0.449114297917 0.174330756944 0.141112242969
2 0.369522739844 0.424133975694 0.129685076389 0.102844515625
5 0.896466348828 0.454322963889 0.906945133333 0.204493164844
