0 0.303047946094 0.458667161111 0.0187211083333 0.0076054515625
0 0.325864297656 0.504429872222 0.0124807388889 0.00643538125
0 0.344877923828 0.508070086806 0.00936055416667 0.00468027578125
0 0.334347299609 0.506509995833 0.0145608638889 0.00468027734375
2 0.309775845313 0.520550827778 0.0384822805556 0.0187211078125
2 0.296320047656 0.524711071528 0.0364021569444 0.0187211078125
2 0.279061525 0.524191042361 0.0624036958333 0.03451704375
2 0.250394829688 0.533031565278 0.0967257277778 0.0462177390625
2 0.216462818359 0.54343218125 0.105046220833 0.0766395398438
2 0.146551178125 0.564233414583 0.173690284722 0.120517135937
2 0.0737143648438 0.614156371528 0.271456076389 0.145673626562
0 0.349850719141 0.505469933333 0.0124807388889 0.00409524296875
2 0.351898340234 0.5283512875 0.0124807388889 0.00819048515625
2 0.358626236719 0.525751134722 0.0176810444444 0.0087755203125
2 0.367109239844 0.529911380556 0.0280816611111 0.0093605546875
2 0.376469794531 0.528351288889 0.0374422166667 0.0128707609375
2 0.387292934766 0.536671780556 0.0520030777778 0.0157959351562
2 0.401918801172 0.536671781944 0.056163325 0.0228163523438
2 0.417714736719 0.543432183333 0.0655238833333 0.026326559375
2 0.434973258594 0.553312765278 0.0769645583333 0.0386122859375
2 0.470075336719 0.562153288889 0.113366713889 0.0631837421875
2 0.541157047266 0.583994585417 0.177850531944 0.126952517969
2 0.693851089453 0.648478403472 0.313058540278 0.280231596094
2 0.865558758203 0.740003821528 0.5148304875 0.264435660156
1 0.483544846875 0.420745543056 0.0176810472222 0.012285728125
1 0.227147021484 0.481897032639 0.0267967208333 0.00935575234375
