2 0.412731846484 0.525820921528 0.0395498902778 0.0437926929687
2 0.450697192187 0.525634852083 0.0587666291667 0.03030154375
2 0.531042194141 0.524002447222 0.0326481277778 0.0165281148437
2 0.573739824609 0.512575601389 0.019588875 0.0192828007813
2 0.558589052344 0.523186242361 0.0440749708333 0.0257104
2 0.493380922656 0.560773321528 0.122430476389 0.085395259375
2 0.2762198625 0.576281183333 0.1534462 0.165281145313
1 0.343250549219 0.386105840972 0.0440749708333 0.0257104
1 0.346005235547 0.435449038889 0.0359129416667 0.0202010289063
1 0.367357021875 0.484708094444 0.0277509083333 0.0101005140625
1 0.377457536328 0.478994672222 0.0163240638889 0.00642760078125
1 0.632965567969 0.429867015972 0.0424425652778 0.018364571875
1 0.642147853125 0.3841596375 0.0228536888889 0.0110187421875
1 0.649034566797 0.408645732639 0.0195888763889 0.0119369710937
1 0.597154652344 0.413542951389 0.0228536888889 0.0128552
1 0.606796052344 0.469044769444 0.00979443888889 0.013773428125
3 0.593481737891 0.517200755556 0.0375453472222 0.0110187429687
3 0.6529261125 0.51817245 0.0555018166667 0.010100515625
3 0.623083683203 0.518988654861 0.0408101597222 0.00918228515625
3 0.633643311328 0.518988654167 0.0473397833333 0.0101005132813
3 0.608851140234 0.525518280556 0.0734582861111 0.0174463429688
1 0.345304949219 0.316295734722 0.0473397833333 0.0284650859375
2 0.379687507812 0.533937835417 0.0233160625 0.022295984375
