1 0.6036959625 0.260758872917 0.0459183569444 0.0154974453125
1 0.94773925625 0.194636438194 0.0422448902778 0.03409438125
0 0.320009340234 0.314999934722 0.0312244833333 0.0103316304688
1 0.281782309375 0.304897894444 0.0183673416667 0.0103316296875
1 0.189830798047 0.244285660417 0.0146938763889 0.0165306085937
1 0.183631820703 0.268163209028 0.0146938763889 0.0206632617188
5 0.337155535156 0.336122377083 0.0477550902778 0.03512754375
2 0.349553491406 0.367652979861 0.0385714208333 0.0247959125
2 0.372799660156 0.374081549306 0.0477550902778 0.0464923375
2 0.398628736328 0.382346853472 0.0459183597222 0.0258290773437
2 0.165551467187 0.338142781944 0.0312244805556 0.0154974453125
2 0.0426050640625 0.373959102083 0.0991836513889 0.0836862078125
2 0.423325646094 0.379285632639 0.0679591708333 0.0495918265625
2 0.236839716797 0.323265236806 0.0183673430556 0.0113647929688
2 0.250270836719 0.34806115 0.0202040777778 0.017563771875
2 0.533874092969 0.441734599306 0.2002040375 0.126045890625
2 0.296246591406 0.365510125 0.02938775 0.0309948921875
2 0.935069940234 0.453501166667 0.312244830556 0.127079053906
2 0.61524859375 0.409591748611 0.0440816222222 0.028928565625
2 0.122429820703 0.337040743056 0.0202040777778 0.0289285648438
0 0.0676721804687 0.3131632 0.0348979527778 0.01239795625
0 0.0960841625 0.303979527778 0.0348979527778 0.01136479375
0 0.302200189844 0.307652996528 0.0312244847222 0.0103316296875
