2 0.444468073828 0.461015301389 0.0117187416667 0.0131835835938
2 0.42996613125 0.463359049306 0.0257812319444 0.0210937359375
2 0.514341073047 0.464530924306 0.0140624930556 0.0105468679688
2 0.275718190625 0.466874670139 0.0703124513889 0.0711913578125
5 0.379868508984 0.449296559028 0.0632812069444 0.0369140367187
5 0.827594634375 0.51194506875 0.151078251389 0.212542564062
2 0.404917319531 0.455155929861 0.0187499875 0.013183584375
2 0.532138911328 0.469218421528 0.0281249819444 0.0171386601562
2 0.501816667578 0.462187174306 0.0234374819444 0.0145019429688
2 0.609262883203 0.476249664583 0.0328124763889 0.0237304539063
2 0.863706066797 0.517265261806 0.147656148611 0.145019430469
2 0.969833923828 0.50671839375 0.0515624625 0.0593261304688
2 0.925668915625 0.496171527083 0.0492187152778 0.0237304515625
1 0.722641711328 0.149296763889 0.0257812333333 0.0105468679688
