4 0.882163085938 0.475546548611 0.2179686 0.232031090625
2 0.324497453516 0.476952797222 0.0304687277778 0.0158203007813
2 0.31131386875 0.473437173611 0.0187499861111 0.00791015
2 0.298789463281 0.4722653 0.0164062388889 0.0118652265625
2 0.287583416406 0.474609048611 0.0164062388889 0.0105468671875
2 0.265830501953 0.481640293056 0.035156225 0.0276855289062
2 0.361411490625 0.493359035417 0.0773436986111 0.0527343390625
2 0.221665492969 0.491015288194 0.0351562263889 0.01845701875
2 0.200571757031 0.498046531944 0.035156225 0.0158203015625
2 0.186728993359 0.493359035417 0.0539062125 0.0224120945312
2 0.149814957031 0.491015286806 0.0726562013889 0.054052696875
2 0.134653833203 0.505077777083 0.0585937097222 0.0395507539062
2 0.103672409375 0.515624645833 0.0796874472222 0.0566894140625
2 0.0496197128906 0.51679651875 0.105468676389 0.0725097164062
2 0.0173199308594 0.539062129861 0.112499923611 0.0290038867188
0 0.351523802344 0.453515313194 0.0210937347222 0.009228509375
0 0.219687955078 0.455859060417 0.0210937347222 0.00922851015625
0 0.326474991016 0.404296596528 0.0304687291667 0.00395507421875
0 0.277695728125 0.412499717361 0.0281249791667 0.009228509375
0 0.403598961328 0.0187499868056 0.0374999736111 0.0158203007813
0 0.512363535547 0.360937252083 0.0374999736111 0.0171386601563
0 0.532798090625 0.358593502778 0.0421874722222 0.0158203015625
1 0.500498308984 0.278906058333 0.0328124777778 0.0382323945313
1 0.147178240234 0.441796570833 0.0164062388889 0.0145019429688
