1 0.312072623437 0.169113479167 0.0238775444444 0.0299617296875
1 0.456198869141 0.170950214583 0.0348979513889 0.0702550867187
1 0.896842907812 0.23982775 0.0440816222222 0.0320280546875
0 0.305873646094 0.294929777083 0.0477550902778 0.0361607078125
0 0.260414472266 0.3146077125 0.0341135083333 0.0340943804687
3 0.215659875 0.35908155625 0.0165306097222 0.0144642828125
3 0.146954532422 0.389387673611 0.0918367166667 0.0113647929687
3 0.89165845 0.418775420833 0.0514285583333 0.0444260109375
2 0.482215940234 0.420795826389 0.078979575 0.0681887617187
2 0.509594762109 0.420795826389 0.0716326388889 0.0526913164063
2 0.833284739453 0.451101940972 0.0955101847222 0.103316303906
2 0.913354875 0.573244772917 0.266326473611 0.170471903125
2 0.684509260547 0.567550897917 0.396734609722 0.417397869531
0 0.601546272266 0.243367295139 0.0459183569444 0.0113647929687
0 0.528708277734 0.1873469 0.0587754972222 0.0165306085937
0 0.516826902344 0.186428530556 0.0532652944444 0.01136479375
0 0.540589652734 0.189183631944 0.0514285611111 0.0134311195312
3 0.0391245945313 0.404081545139 0.312244831944 0.0782491890625
0 0.591008004297 0.238775461111 0.0514285611111 0.00929846796875
0 0.610328158203 0.239693825694 0.0495918263889 0.0103316304687
