2 0.0820510835937 0.359128254167 0.0427118583333 0.094385575
2 0.155843441797 0.375145198611 0.0411864333333 0.0549152429687
2 0.509789348828 0.446840100694 0.138813531944 0.100391927344
2 0.567217471875 0.410992649306 0.0335593152778 0.02230931875
2 0.61097805625 0.40489095625 0.0305084680556 0.0154449125
2 0.621274664453 0.40489095625 0.0183050819444 0.00858050703125
2 0.632000298047 0.401840109722 0.024406775 0.0128707601563
2 0.558877021094 0.387203320139 0.0137288097222 0.012012709375
2 0.543861133984 0.388728744444 0.0167796583333 0.0145868617188
2 0.597346301563 0.414660954167 0.0381355861111 0.0283156703125
2 0.7066047375 0.484067720139 0.228813515278 0.177616489062
2 0.939708525781 0.451271114583 0.0594915097222 0.0643538015625
2 0.307718413672 0.510254140278 0.361525355556 0.351800780469
2 0.205181356641 0.379394590972 0.0335593152778 0.0265995710938
0 0.276399563672 0.293535045139 0.0335593152778 0.0163029632813
1 0.414116697656 0.283619794444 0.0381355888889 0.0205932140625
1 0.414974749219 0.304213007639 0.0122033847222 0.0223093171875
1 0.253232194531 0.211924890972 0.0381355847222 0.0231673671875
1 0.258380499609 0.220314721528 0.0579660930556 0.0420444835937
1 0.259667574609 0.181416422222 0.0198305055556 0.0343220257813
1 0.254519271094 0.09904355625 0.0533898208333 0.030889825
1 0.914973154687 0.106670673611 0.0228813527778 0.0411864328125
1 0.626239100391 0.348450286806 0.0122033847222 0.0128707617188
1 0.57175288125 0.3614163875 0.0137288111111 0.00858050625
1 0.6107941875 0.345399442361 0.0152542347222 0.0094385578125
1 0.918405357812 0.0331234763889 0.0662469527778 0.042902534375
0 0.277686639844 0.133365584722 0.0610169388889 0.0154449125
0 0.414116699219 0.244394616667 0.0411864333333 0.0085805078125
0 0.5106474 0.20549631875 0.0427118569444 0.00943855625
0 0.521802059766 0.207021742361 0.0457627041667 0.00772245703125
0 0.916260230859 0.158208192361 0.0549152430556 0.0128707601562
1 0.723198826953 0.357602829167 0.00610169444444 0.0111546585938
1 0.702176584766 0.350738424306 0.0137288125 0.00686440390625
1 0.600586871875 0.319408423611 0.0137245805556 0.0070182515625
1 0.625150751953 0.321903802083 0.0162199597222 0.00842190234375
