2 0.182826867188 0.667376538889 0.0512833472222 0.0506769546875
2 0.223368432031 0.659753339583 0.0637576763889 0.0288468828125
2 0.255333897656 0.647279011111 0.0526693833333 0.047558375
2 0.293146703906 0.634804684722 0.0471252388889 0.0311858203125
2 0.320044473047 0.632725628472 0.0374229819444 0.0226097179687
2 0.330179864844 0.6292605375 0.0443531666667 0.0132539734375
2 0.342264369922 0.621637336806 0.0374229819444 0.0109150367188
2 0.352009939062 0.62233035625 0.0360369486111 0.0148132640625
2 0.360975861719 0.619789290972 0.0309548180556 0.0109150375
2 0.366697321094 0.616324199306 0.0240246347222 0.0145615
2 0.37631700625 0.613090117361 0.0249486569444 0.0062371625
2 0.382554171094 0.61170408125 0.0277207291667 0.0077964546875
2 0.421846644141 0.605466914583 0.0263346902778 0.0227689664062
2 0.44336651875 0.604080878472 0.0346509097222 0.0202707828125
2 0.460908946094 0.598536733333 0.0124743277778 0.007017615625
0 0.0171120785156 0.583521334722 0.0415810888889 0.0113383210938
0 0.0285267027344 0.579396169444 0.0277866138889 0.00949257421875
2 0.5201616 0.613321120139 0.0540554208333 0.0397619203125
0 0.67881945625 0.494815003472 0.0304928013889 0.0077964546875
0 0.666345128516 0.496201040278 0.0277207277778 0.00779645390625
1 0.658158851563 0.465708238889 0.0249486555556 0.021050428125
1 0.665507454297 0.424358147222 0.0180184694444 0.0154768507813
3 0.688233544141 0.593289476389 0.113684211111 0.0199835523438
2 0.396973262891 0.612828950694 0.0248684208333 0.0169860195313
0 0.0507582121094 0.514243423611 0.0301973694444 0.0199835523437
2 0.930034532422 0.566644739583 0.159868420833 0.139884869531
