0 0.179324817969 0.271325484028 0.0827003902778 0.018987334375
0 0.491666464063 0.0822960243056 0.113080123611 0.02088606875
0 0.430906995313 0.538835923611 0.0270042083333 0.009493665625
0 0.398628526562 0.550650264583 0.0202531569444 0.0094936671875
0 0.409546244922 0.575122828472 0.0185653930556 0.00854430078125
0 0.206381769531 0.272169364583 0.0843881513889 0.021835434375
0 0.525843664844 0.0848276694444 0.0978902583333 0.0189873328125
1 0.5676158 0.394532184722 0.0185653972222 0.030379734375
0 0.05922993125 0.548962502083 0.0405063125 0.0237341671875
0 0.591824651953 0.473857047222 0.0320674972222 0.0180379695312
1 0.478850013672 0.527865463194 0.0253164430556 0.0104430351563
2 0.292774140234 0.632506770833 0.0827003861111 0.0503164367187
2 0.393407010547 0.604658681944 0.0438818388889 0.0294303664062
2 0.437077880078 0.619004667361 0.0860759152778 0.0674050382813
2 0.343565258594 0.623224075 0.081012625 0.0740506015625
