1 0.672993251953 0.468508718056 0.0659382638889 0.0263536148437
1 0.631510709375 0.545725895833 0.0399100027778 0.060515709375
1 0.631510709375 0.476317196528 0.0989073958333 0.06637206875
1 0.519751859375 0.481522849306 0.0399100013889 0.0126887765625
1 0.521215949219 0.52316806875 0.0433804375 0.01561695625
1 0.412873308203 0.483258067361 0.0711439180556 0.0370902742187
1 0.764742875781 0.530976547917 0.0242930430556 0.0146408984375
2 0.849172051563 0.557004809722 0.0312339166667 0.0234254359375
2 0.960930901562 0.526638504167 0.022557825 0.0439226921875
2 0.965323171875 0.543990678472 0.0260282625 0.03904239375
2 0.956050601953 0.552666765972 0.0399100041667 0.0458748117188
2 0.932137135938 0.561342853472 0.0399100041667 0.0644199484375
2 0.410433157813 0.550063939583 0.0138817402778 0.0087845390625
2 0.419217696484 0.559607636111 0.0156169583333 0.0126887773437
2 0.411897248437 0.566548504167 0.0156169583333 0.01561695625
2 0.413361337109 0.591709157639 0.0416452180556 0.0263536148438
2 0.393840141016 0.563945680556 0.017352175 0.0126887773437
2 0.383591513672 0.571754156944 0.0260282638889 0.0195211960937
2 0.335506123828 0.583033072917 0.0347043513889 0.0307169976563
2 0.292817948828 0.576959811111 0.0329691305556 0.0273296757813
2 0.277200991406 0.557004809722 0.017352175 0.01171271875
2 0.234742388672 0.587371115972 0.0468508708333 0.0380663335938
2 0.196188025 0.598650027778 0.0798200055556 0.0683241875
5 0.337681038281 0.554765236806 0.0679687041667 0.0474609046875
