3 0.211668366406 0.451771777778 0.144566966667 0.0334842609375
0 0.458016859375 0.111614204167 0.080787425 0.017937996875
0 0.477748655469 0.111614204167 0.0722834833333 0.0215255953125
0 0.804220202734 0.0403937131944 0.0744094708333 0.0287007945312
0 0.829333399219 0.0382677270833 0.0659055291667 0.0239173296875
1 0.943538647266 0.03507875 0.0382677277778 0.108823849219
3 0.6924066875 0.428385945833 0.059527575 0.0155462640625
5 0.504057718359 0.383740263889 0.0552756055556 0.0621850570312
3 0.779107007422 0.430511929861 0.0680315152778 0.0167421304688
3 0.869394926172 0.446456815972 0.0659055291667 0.0203297304687
2 0.729478548828 0.441141854861 0.0637795458333 0.0609891898437
1 0.39702766875 0.164763825694 0.0255118180556 0.0777313203125
1 0.306141816797 0.265748105556 0.0148818944444 0.0310925289062
1 0.325275680078 0.290196929861 0.0170078791667 0.0287007945313
3 0.954301445313 0.446456818056 0.0786614388889 0.0155462640625
3 0.986589840625 0.464527686806 0.0892913625 0.0107627984375
3 0.994362972656 0.470905642361 0.0935433319444 0.0071751984375
3 0.972239442188 0.466653671528 0.114803179167 0.0227214640625
2 0.525583314844 0.567637952778 0.333779619444 0.353976476563
