2 0.547146291406 0.547194124306 0.0321428708333 0.0198023046875
2 0.536814655469 0.546428816667 0.0336734805556 0.0146364875
2 0.527774471875 0.5487247375 0.0352040972222 0.0172193953125
2 0.513998955469 0.544898204861 0.0489796125 0.0189413359375
2 0.492044226172 0.547194125 0.0535714527778 0.0335778210937
2 0.484725982813 0.55255126875 0.0551020652778 0.0275510328125
2 0.459327374609 0.553316575 0.0719388083333 0.0456313976562
2 0.433498281641 0.562500252778 0.0780612583333 0.0490752773438
2 0.391741246875 0.573214543056 0.0903061638889 0.06715564375
2 0.330181909375 0.589285978472 0.110204129167 0.086957946875
2 0.224282626172 0.614541091667 0.160714355556 0.152391650781
2 0.641852965234 0.540459436806 0.0413265486111 0.0129145445313
2 0.647449269531 0.539694130556 0.0428571611111 0.0103316375
2 0.655628483203 0.539694130556 0.0428571611111 0.0232461835937
2 0.671125940234 0.545051275694 0.0505102263889 0.0232461851563
2 0.690497759375 0.544285968056 0.0734694222222 0.0344387921875
2 0.712452489063 0.549643114583 0.0811224847222 0.05251915625
2 0.720631700781 0.557296179167 0.0933673888889 0.0430484875
2 0.773150857422 0.556530870139 0.1377551625 0.103316372656
2 0.837723589844 0.587143129861 0.162244970833 0.142920982812
2 0.624059600391 0.525510456944 0.0183673555556 0.0111926070313
2 0.629655903906 0.533163519444 0.0153061305556 0.0103316375
2 0.595647598047 0.531632906944 0.0122449055556 0.00602678984375
2 0.603970296484 0.535459439583 0.0290816458333 0.0163584257813
2 0.0749043699219 0.645153352778 0.231122552778 0.149808739844
2 0.925686019141 0.630357441667 0.275000152778 0.145503891406
5 0.620472234375 0.520918618056 0.0244898083333 0.012053578125
1 0.498214527344 0.493112472917 0.0137755152778 0.0103316359375
1 0.641709479688 0.483928797917 0.0107142902778 0.01549745625
1 0.833131769531 0.38596956875 0.0229591930556 0.020663275
1 0.523469623047 0.455357347917 0.0198979680556 0.00860969765625
0 0.62305514375 0.469132863194 0.0198979680556 0.0051658171875
0 0.595504111719 0.472194092361 0.0168367458333 0.00516581875
