1 0.328042521094 0.544931016667 0.015302275 0.021040628125
1 0.356734287109 0.568734554861 0.0357053097222 0.0210406273438
1 0.596884371094 0.541530510417 0.0153022763889 0.0219970203125
1 0.595927979297 0.561933544444 0.0391058138889 0.0200842367187
1 0.482595504297 0.605289988889 0.0204030333333 0.0114767054687
1 0.483551896875 0.629943654861 0.0187027791667 0.0076511375
2 0.377774914063 0.644395802778 0.0884131444444 0.0612091
2 0.310349266016 0.646946183333 0.144521486111 0.0927700429687
2 0.237663458203 0.669899595833 0.176826288889 0.155891927344
2 0.677890800781 0.665648963889 0.0493073305556 0.04973239375
2 0.603292209375 0.683501617361 0.122418201389 0.107115925
2 0.108246211328 0.711270809722 0.341750808333 0.216144633594
2 0.827061889062 0.740175107639 0.365554348611 0.343344796875
