1 0.261483135156 0.304884955556 0.0453627416667 0.084534275
1 0.256611666797 0.240962486111 0.0407547527778 0.0243573335938
1 0.338996764844 0.248604003472 0.0407547513889 0.02292455
1 0.345444294531 0.304641788889 0.0509434416667 0.0816687046875
1 0.511647283984 0.3161040625 0.0483962722222 0.0788031367188
1 0.511647284375 0.260066277083 0.0382075819444 0.0214917640625
1 0.425680226172 0.253698346528 0.0407547541667 0.0214917648437
1 0.429978578125 0.311009719444 0.0483962694444 0.0788031375
1 0.629851989844 0.460019297222 0.0356604111111 0.0315212546875
1 0.629851989063 0.490585361806 0.0203773763889 0.0143278421875
1 0.649910969141 0.461292881944 0.0178302027778 0.0114622742187
1 0.648478185156 0.442189092361 0.0203773763889 0.0143278421875
2 0.331689566797 0.533632554167 0.0178302027778 0.0128950585937
2 0.396594699609 0.533632554167 0.0178302027778 0.0143278429687
2 0.347880033594 0.528538211111 0.0127358583333 0.0143278421875
2 0.281971955859 0.532358969444 0.0101886888889 0.0114622742187
2 0.382266857031 0.532613700694 0.0127358625 0.011462275
2 0.418802857031 0.538981631944 0.0611321305556 0.0415507453125
2 0.318507955859 0.535160873611 0.02292455 0.0186261945312
