2 0.486745366406 0.47984095 0.0214854166667 0.0191354484375
2 0.472141998047 0.479840952083 0.0179045152778 0.0120855476563
2 0.515952103906 0.475364822917 0.0483421875 0.0412922828125
2 0.622707763672 0.475364822917 0.0590848930556 0.0292067367188
2 0.576883399609 0.491478883333 0.0984748194444 0.0805703085937
2 0.4333675375 0.477155273611 0.102055725 0.0694918921875
2 0.222877605859 0.458355534028 0.0179045152778 0.0312209945313
2 0.0572049070313 0.45387940625 0.0447612847222 0.0886273390625
5 0.0145932847656 0.3947945125 0.123541141667 0.0288240289063
5 0.494298832031 0.454774632639 0.0250663180556 0.020142575
