3 0.916806778906 0.528562477083 0.145571304167 0.036067890625
3 0.895361006641 0.524229996528 0.1230424125 0.0321686585938
2 0.453773051953 0.54069341875 0.0485237680556 0.0204709648438
2 0.394309773828 0.541559914583 0.0363928263889 0.0185213492187
2 0.379687655859 0.546758889583 0.0467907763889 0.0224205804688
2 0.355317459766 0.538093930556 0.0398588083333 0.0185213492188
2 0.134523482812 0.584884708333 0.129974380556 0.077984628125
2 0.0721357804687 0.625610013194 0.176765156944 0.144271560937
2 0.425016221094 0.554557352778 0.0658536833333 0.0506900078125
2 0.497639405469 0.586617699306 0.136906345833 0.0887075140625
2 0.267097349609 0.604814111806 0.294608593056 0.212508110156
1 0.542522053516 0.501053929861 0.0152542347222 0.00686440546875
