2 0.435109679297 0.454536350694 0.0353830736111 0.0199029757813
2 0.511123751953 0.44705146875 0.0204133097222 0.00995148828125
2 0.542126465625 0.451814575 0.0489919416667 0.0275579671875
2 0.567005186719 0.454536350694 0.0734879125 0.04822644375
2 0.575808425391 0.467464777778 0.072127025 0.0244959710938
2 0.593797653906 0.463382114583 0.0993447708333 0.0405714515625
2 0.296503316406 0.471547438889 0.0775705722222 0.0597089296875
2 0.476523183203 0.4663307125 0.130645177778 0.0757844085938
2 0.407628266016 0.460887163194 0.0680443625 0.0451644460938
2 0.349960671875 0.479259140278 0.102066544444 0.07935673125
2 0.639064188672 0.464969825 0.130645177778 0.0834394007812
3 0.695328373047 0.461567606944 0.107510094444 0.0214339773437
4 0.0267924683594 0.458619008333 0.317086730556 0.0535849367187
1 0.808979430469 0.251083701389 0.0911794472222 0.0290889671875
1 0.611404133203 0.358593796528 0.0313004097222 0.00842048984375
1 0.692929786719 0.3089214125 0.0326612972222 0.0137789828125
1 0.253227113281 0.405544405556 0.0190524222222 0.0091859890625
