2 0.257706224609 0.442268113194 0.0350515513889 0.0510309351563
2 0.307577367578 0.442268113194 0.0309278402778 0.0347938195313
2 0.334252628516 0.438144402778 0.0309278416667 0.0231958773437
2 0.348750054688 0.436082545833 0.0268041277778 0.0220360875
2 0.889446050781 0.453608319444 0.107216508333 0.154252601563
2 0.0342139230469 0.456701104861 0.0597938236111 0.0545103148438
2 0.00927835234375 0.460824817361 0.0597938263889 0.0185567046875
1 0.659052944922 0.385051609722 0.0391752666667 0.0173969101563
2 0.0835051695313 0.459278427083 0.0556701152778 0.044072175
2 0.120038678516 0.457216572222 0.0432989805556 0.0289948492187
2 0.163530954297 0.451031002083 0.0474226847222 0.0301546429688
2 0.194265495703 0.445876361111 0.0453608277778 0.0220360851562
2 0.377472517578 0.440624845833 0.0374999861111 0.0284765523438
