2 0.509981785547 0.319516045139 0.0371669708333 0.0215808210937
2 0.565282640234 0.316518707639 0.0215808208333 0.0121392117187
2 0.414318048047 0.3132216375 0.162455625 0.0766793632812
2 0.289662108203 0.407437911111 0.303330427778 0.309549902344
2 0.476126864062 0.327908586111 0.0839254138889 0.04923125
2 0.539183326563 0.333303790972 0.0803286097222 0.0499056484375
2 0.634273819141 0.339897932639 0.0623445930556 0.0519288507813
5 0.722222904297 0.305985211111 0.130683858333 0.0890208867187
0 0.665633448437 0.238587967361 0.0203818875 0.0101160109375
0 0.623146207031 0.243983170833 0.0143872138889 0.00741840625
0 0.574252160156 0.2176066125 0.01558615 0.008767209375
0 0.535474122266 0.224800219444 0.01558615 0.00674400703125
0 0.545252931641 0.270959197222 0.0119893444444 0.00606960390625
0 0.562450147266 0.270959197222 0.0119893444444 0.00539520390625
0 0.445429592187 0.191144409722 0.0239786888889 0.0148368140625
