2 0.296574885156 0.563173404167 0.0148818972222 0.00956693125
2 0.2858120875 0.561259997222 0.0170078777778 0.0143503984375
2 0.395831801953 0.560197004167 0.0276378027778 0.0191338617188
1 0.512428784375 0.400748141667 0.0574015888889 0.025113196875
0 0.380883472266 0.501732422222 0.0170078777778 0.00597933203125
0 0.358162009766 0.497480452778 0.0170078777778 0.00597933359375
0 0.309729417969 0.509173366667 0.0191338611111 0.0071751984375
0 0.272059623438 0.482598559722 0.0170078777778 0.0083710640625
2 0.380285538281 0.563385982639 0.0170078791667 0.011958665625
9 0.312121148828 0.548504088194 0.0510236347222 0.0310925289062
2 0.353976477344 0.567637951389 0.0637795444444 0.045442925
