2 0.856516940234 0.577704717361 0.468615484722 0.285448747656
2 0.0711914433594 0.6056274 0.131115213889 0.140675699219
2 0.439952980859 0.563136361806 0.109262681944 0.0723865226562
2 0.27879053125 0.57770471875 0.0607014875 0.0641918234375
2 0.159967369141 0.577704717361 0.114118795833 0.0887759257812
2 0.494584321875 0.533999645833 0.05098925 0.0259498875
5 0.577214220313 0.524287409028 0.1626799875 0.090141709375
2 0.528046016016 0.557066211111 0.0534173083333 0.0136578351563
3 0.342299463672 0.558280240972 0.0558453680556 0.0136578351562
4 0.400345261328 0.536427704167 0.0801259611111 0.0396077226563
4 0.332738977734 0.541283823611 0.0898382 0.0874101429688
3 0.250109077734 0.554638152083 0.0339928319444 0.00956048359375
1 0.831249946875 0.178288928472 0.0485611902778 0.0409735046875
1 0.836030188281 0.258414891667 0.0534173083333 0.0505339875
