1 0.558699924609 0.369411961111 0.010164275 0.0114348085937
1 0.647319688281 0.381886295139 0.00924024583333 0.0067569328125
1 0.0968161976563 0.234485757639 0.0110883013889 0.0005197640625
0 0.201651930469 0.289060342361 0.0407713291667 0.01564623125
0 0.470656458594 0.252504240972 0.0415811208333 0.01091504375
0 0.214672686328 0.2894652375 0.0434291694444 0.0103952804687
0 0.481571501953 0.252504240972 0.0415811208333 0.0119545710938
2 0.465847784766 0.461220438194 0.0184804986111 0.00571740390625
2 0.470265779297 0.463068486806 0.0184804986111 0.00831622421875
2 0.479881412891 0.460296414583 0.0277207486111 0.0181917398438
2 0.482740114844 0.466302574306 0.0212525708333 0.0083162234375
2 0.4863784625 0.4667645875 0.0295687972222 0.0072766953125
2 0.492875514063 0.4672266 0.0341889222222 0.011954571875
2 0.49911268125 0.468150625 0.0378850222222 0.014033628125
2 0.514965483594 0.4676886125 0.0480492944444 0.03222536875
2 0.521202650781 0.476466848611 0.0415811194444 0.0374230078125
2 0.405258146094 0.460626418056 0.0175564722222 0.0140336296875
2 0.389145461719 0.462012454861 0.0129363486111 0.0171522125
5 0.345225401953 0.45600629375 0.0637577180556 0.0374230070313
2 0.321056377344 0.46848063125 0.0221765986111 0.0129941015625
2 0.308582040625 0.474486793056 0.0341889222222 0.0223498515625
2 0.261543397656 0.467094594444 0.021252575 0.016632446875
2 0.281034548437 0.47772088125 0.0425051486111 0.037942771875
2 0.225234166797 0.472770748611 0.0323408694444 0.0259881992188
2 0.236409093359 0.484783072222 0.0526694166667 0.0389823007812
2 0.172478120703 0.475542824306 0.0452772208333 0.0649705007812
2 0.127704159375 0.477852886111 0.0517453944444 0.03274513125
2 0.0671516523438 0.470922698611 0.0415811194444 0.079004128125
2 0.0600124507813 0.488549679167 0.0583545805556 0.0865558109375
1 0.643651942578 0.360453588194 0.0170025263889 0.0105203132813
2 0.207537105078 0.469269766667 0.03060455 0.0200842367187
2 0.876055244531 0.552582153472 0.392758393056 0.245792792188
0 0.677603865625 0.375755863889 0.0425063194444 0.0239098046875
