1 0.489554650391 0.304620639583 0.0661137013889 0.0638059835937
1 0.423686675781 0.310781038889 0.0562499611111 0.06358111875
2 0.481869396875 0.385663239583 0.0191943013889 0.00959715
2 0.497464766406 0.380331490278 0.0170616 0.0119964375
2 0.502863163281 0.397393090972 0.0255924013889 0.0131960828125
2 0.433883647266 0.410189291667 0.0341232 0.0215935867188
2 0.467473673438 0.417653740278 0.0447867 0.033590025
2 0.517258888281 0.410189291667 0.0341232 0.0227932328125
2 0.402093087891 0.424051840278 0.0362559 0.0275918054687
2 0.276730316406 0.444312491667 0.1023696 0.071978625
5 0.132966761719 0.494430938194 0.270852898611 0.265933523437
