2 0.0978638089844 0.511390710417 0.0572185402778 0.0714114226563
2 0.194420096094 0.516754947917 0.0715231763889 0.0854925453125
2 0.297514049219 0.505132431944 0.101920525 0.0704056265625
2 0.369931264844 0.492615875694 0.0411258263889 0.02816225
2 0.426758664062 0.490827796528 0.0268211902778 0.0191100984375
2 0.0048278015625 0.497980113194 0.0160927125 0.0080463578125
2 0.0304755660156 0.496192034028 0.0125165541667 0.0432491710937
2 0.0621580980469 0.496192034028 0.0125165541667 0.0221274820312
2 0.142621671094 0.490827797917 0.0160927152778 0.03419701875
2 0.353335654297 0.49440395625 0.0232450319444 0.0110637414062
2 0.244709830078 0.487251638194 0.00894039583333 0.0130753320312
2 0.259293851953 0.488145678472 0.0107284763889 0.0100579460937
2 0.273374977734 0.48456951875 0.0143046347222 0.0160927148438
2 0.323664710938 0.490827797222 0.0232450333333 0.014081125
2 0.399099310547 0.48993375625 0.0178807930556 0.0100579460938
1 0.377977622266 0.379072833333 0.0500662222222 0.0663824476562
1 0.431787637109 0.375496675 0.0429139055556 0.0392259914063
1 0.453412222656 0.41394038125 0.0160927125 0.0120695359375
