2 0.464915837109 0.316635825694 0.0408101597222 0.0192827992188
2 0.448401635937 0.333282977083 0.0408101569444 0.018364571875
2 0.430037063672 0.338180197222 0.0440749722222 0.0275468570313
2 0.404785777344 0.347974634028 0.0473397847222 0.0284650859375
2 0.378616264063 0.354504260417 0.0701934736111 0.0330562296875
2 0.343264463281 0.361033886111 0.083252725 0.037647371875
2 0.301944176563 0.374909338194 0.101209193056 0.0707036015625
2 0.183645717188 0.396674750694 0.1697702625 0.172626973437
2 0.051879915625 0.456257581944 0.164873044444 0.10375983125
2 0.508086494141 0.296553832639 0.0163240652778 0.0165281148437
2 0.518187007422 0.319407523611 0.0457073777778 0.0146916585938
2 0.536551580078 0.330018164583 0.0538694125 0.0220374867187
2 0.564557552344 0.347974634028 0.0734582875 0.037647371875
2 0.587513266016 0.359401478472 0.0963119763889 0.0523390289063
2 0.610928094531 0.378990353472 0.122430479167 0.0679489140625
2 0.730582038672 0.401921771528 0.2334341125 0.219456632031
