2 0.332616830078 0.489721913194 0.0261185041667 0.0192828007812
2 0.312415801172 0.48808950625 0.0359129402778 0.0211192570312
2 0.133820341406 0.487273302778 0.0930471638889 0.091822859375
2 0.275686657031 0.492986727083 0.0522370041667 0.0449932
2 0.20176925625 0.503597367361 0.0506045986111 0.066112459375
2 0.0406201398437 0.472581645139 0.106106415278 0.0798858875
1 0.529117747266 0.419528438194 0.0261185013889 0.00826405703125
2 0.482747203906 0.549304746528 0.220374859722 0.13589783125
2 0.406993345312 0.489721911111 0.0293833138889 0.0229557140625
2 0.952912591406 0.595480515972 0.223639673611 0.0909046296875
2 0.767889532031 0.495903727083 0.0734582875 0.134061373437
2 0.877158733203 0.495320941667 0.0746238583333 0.0789676585938
