2 0.463654432422 0.527704575 0.0506596388889 0.0320580539063
2 0.496899819531 0.516095074306 0.0443271847222 0.0201846984375
2 0.507585838672 0.530870802778 0.04010555 0.0273087117187
2 0.394696224219 0.530870802083 0.0569920930556 0.04174225625
2 0.239964849219 0.600527806944 0.251187380556 0.203604385937
2 0.925342341406 0.660686128472 0.265963106944 0.143667571875
1 0.434802182422 0.472401125 0.0253298194444 0.0284960460938
1 0.461517226953 0.477678173611 0.0232190027778 0.0273087117187
1 0.665738896875 0.408021165972 0.0485488208333 0.0368073953125
1 0.648522535547 0.497730944444 0.0295514555556 0.0189973648438
1 0.366956840625 0.465234055556 0.035156225 0.0355956796875
