1 0.765166698437 0.455338896528 0.0183050819444 0.0317478765625
1 0.766024747656 0.398898229861 0.0945762513889 0.0609215984375
1 0.61886905625 0.425593138194 0.0137288069444 0.0171610140625
1 0.606856347266 0.437796526389 0.0137288083333 0.00686440546875
2 0.410362739844 0.517118545833 0.0198305055556 0.0102966078125
2 0.400066131641 0.522457527083 0.0244067736111 0.0154449117187
2 0.385050244922 0.527033797222 0.0335593138889 0.0214512679688
2 0.324986696875 0.527796511111 0.0442372833333 0.0300317734375
2 0.433101082813 0.521694816667 0.0137288111111 0.00772245625
2 0.439965487891 0.523982951389 0.0183050805556 0.00600635390625
2 0.445113791797 0.527796509722 0.0198305055556 0.00772245390625
2 0.449833071484 0.530084645139 0.0244067763889 0.00514830390625
2 0.455839426562 0.532372779861 0.0289830458333 0.010296609375
2 0.502174163281 0.533135491667 0.0213559277778 0.030889825
2 0.525341530859 0.536186338194 0.0274576208333 0.0205932164062
2 0.545934748047 0.549152438889 0.0350847388889 0.0274576226563
2 0.577682623828 0.561355825694 0.0259321986111 0.0205932179688
2 0.3549559 0.533135491667 0.0564406666667 0.0411864328125
2 0.290173073437 0.531610068056 0.0594915138889 0.0471927875
2 0.465787451172 0.536186338194 0.0381355847222 0.0265995710938
2 0.752376380078 0.668135466667 0.268474525 0.273718167969
