1 0.480904183984 0.286875000694 0.0266447375 0.0109909539062
1 0.442935434375 0.282434211806 0.0319736847222 0.01698601875
0 0.474409529688 0.325065792361 0.0177631597222 0.0079934203125
0 0.558340451172 0.330394738194 0.0177631597222 0.00999177578125
1 0.405965862109 0.337500001389 0.0213157888889 0.0109909539063
1 0.577824415625 0.33661184375 0.0195394736111 0.0109909546875
1 0.641771784766 0.376578949306 0.0213157902778 0.0109909539063
0 0.426449003125 0.349046054861 0.0195394736111 0.005995065625
0 0.520371701172 0.365032895833 0.0124342083333 0.00799342109375
2 0.461919808594 0.405888159722 0.03375 0.018984375
2 0.433942835937 0.39700658125 0.0444078958333 0.0229810859375
2 0.488897605469 0.419210529167 0.0675 0.04496299375
2 0.519372523828 0.410328950694 0.0568421041667 0.0339720382813
2 0.694728198828 0.467171054167 0.127894738889 0.0989185867187
2 0.583319892188 0.468947370833 0.159868422222 0.133889803125
2 0.969502048437 0.567532895833 0.232697369444 0.060949834375
1 0.510385997656 0.302577919444 0.035156225 0.013183584375
1 0.643540203125 0.347109136111 0.0164062388889 0.013183584375
