2 0.988799103125 0.441346246528 0.0268567680556 0.022156834375
2 0.983763458594 0.470888695139 0.0680371513889 0.0322281234375
2 0.815572940625 0.464622115278 0.0805703111111 0.0986986296875
1 0.795933926172 0.421651282639 0.0590848930556 0.0231639632812
2 0.759677288281 0.481631402083 0.0680371513889 0.093662984375
5 0.662992916016 0.4780505 0.103846177778 0.184304582031
2 0.559258644141 0.496850238889 0.0483421833333 0.0211497054688
2 0.532066165625 0.493269335417 0.0411803763889 0.0312209953125
2 0.467609918359 0.501326364583 0.0214854152778 0.0151069320312
2 0.445956647266 0.501326366667 0.032228125 0.0302138679688
2 0.332654648828 0.512069074306 0.0250663180556 0.0110784179688
2 0.283305334766 0.510278622917 0.0286472208333 0.0191354492188
2 0.273234048047 0.505802495139 0.0161140625 0.00704990234375
2 0.245034439453 0.513859526389 0.0143236083333 0.0130926742187
2 0.229927506641 0.518007347917 0.0226192513889 0.0151069335937
2 0.311001379688 0.515649976389 0.0572944416667 0.040285153125
2 0.15489640625 0.531764039583 0.0465517319444 0.0443136703125
2 0.0441122316406 0.542506746528 0.111007981944 0.0866130820312
5 0.385025351172 0.517440427083 0.128912495833 0.0936629851562
1 0.507391507422 0.418965605556 0.07161805 0.0221568335937
0 0.243020180859 0.454774631944 0.0143236111111 0.00704990234375
0 0.232445328906 0.460145985417 0.0179045125 0.0060427734375
0 0.298412269141 0.447612826389 0.0143236083333 0.00906416015625
