0 0.493218536719 0.104233113194 0.0267086541667 0.0122920515625
0 0.554678792969 0.139439975694 0.0194244763889 0.0068289171875
0 0.466585758984 0.2062116125 0.0218525361111 0.00819470078125
0 0.476829135156 0.220779969444 0.0169964166667 0.0122920515625
0 0.425612255078 0.202569522917 0.0145683569444 0.0109262679687
0 0.447464790234 0.219565939583 0.0194244763889 0.0109262679688
0 0.271961614062 0.202569522917 0.0194244763889 0.009560484375
0 0.316349575391 0.0787384881944 0.0485611902778 0.0109262679688
0 0.43995298125 0.107875202083 0.0485611902778 0.009560484375
0 0.275376072656 0.139439975694 0.0388489513889 0.0109262671875
0 0.284936556641 0.203783552778 0.0218525361111 0.0109262679688
1 0.246011727734 0.0665981909722 0.0194244763889 0.0505339882812
1 0.583360246094 0.0580999819444 0.0169964166667 0.01502361875
1 0.583360246094 0.0350334166667 0.0242805944444 0.0204867515625
1 0.629796883984 0.0568859520833 0.0534173097222 0.0341445867187
1 0.628431100781 0.113945351389 0.05098925 0.0423392875
1 0.593603621875 0.128513708333 0.0121402972222 0.01912096875
1 0.543069632031 0.180716988194 0.0145683597222 0.0163894015625
1 0.497998778906 0.183145047222 0.0242805944444 0.0109262671875
1 0.497998778906 0.202569522917 0.0194244763889 0.013657834375
1 0.4993645625 0.22685011875 0.0145683569444 0.0163894015625
1 0.282204990234 0.184359076389 0.0121402972222 0.0245841023437
1 0.279473423047 0.0835946069444 0.0582734277778 0.0163894023437
2 0.523948664844 0.253558772917 0.0291367152778 0.0218525359375
2 0.5014132375 0.249916683333 0.0218525361111 0.01502361875
2 0.484340944141 0.253558772917 0.0242805958333 0.0191209679688
2 0.459756841797 0.251130713194 0.0242805958333 0.0245841023437
2 0.412637311719 0.27176921875 0.123831034722 0.066923390625
2 0.261718237891 0.263271011111 0.0534173083333 0.0163894023437
2 0.186600146484 0.268127129861 0.203956998611 0.150236182031
2 0.662575687891 0.247488624306 0.0315647736111 0.0177551851562
2 0.641406042187 0.246274594444 0.019424475 0.0163894015625
2 0.599066755859 0.264485040972 0.0267086541667 0.0245841023437
2 0.629113992578 0.254772802083 0.0315647736111 0.0300472367188
2 0.327958736328 0.314260260417 0.208813118056 0.165259800781
2 0.0322666140625 0.243846534722 0.0291367138889 0.0409735046875
