2 0.253522923047 0.438890185417 0.0624856986111 0.0341581226562
2 0.344306075 0.443382655556 0.0502941527778 0.0372242890625
2 0.385252794531 0.442059125 0.0264706055556 0.011911771875
2 0.366640650391 0.435441473611 0.0344117888889 0.0223345742188
2 0.630312748438 0.453970895833 0.087353 0.0935569640625
2 0.203878228125 0.455721577778 0.0908543638889 0.0779864625
2 0.294751376563 0.448905476389 0.114281002778 0.07254005625
0 0.335612548047 0.23588271875 0.0473397847222 0.0110187429688
2 0.498386497656 0.500209394444 0.158653505556 0.116615029688
2 0.0973322152344 0.534706247917 0.5505886125 0.194664430469
0 0.0500145929687 0.188542936111 0.0734582861111 0.0183068421875
1 0.667327264062 0.109038381944 0.0254528138889 0.022505878125
1 0.676275354297 0.1430100375 0.0371963805556 0.0477478867188
1 0.678641512109 0.1928014625 0.0679556527778 0.0393426539062
1 0.678580202734 0.259031976389 0.0310048055556 0.0238235460938
1 0.502271037109 0.253022988889 0.0424425666667 0.0229557132812
1 0.502507880469 0.34306470625 0.0190701402778 0.021592946875
0 0.513810776953 0.376473134028 0.0275510125 0.0113647929688
0 0.695647473437 0.311269068056 0.0440816222222 0.02376275
0 0.664136000781 0.310350698611 0.0532652972222 0.0144642828125
1 0.178048427344 0.380204001389 0.0257142805556 0.0144642828125
0 0.375389487891 0.379953170139 0.0229245486111 0.00859670546875
0 0.317361723828 0.369339954861 0.0254717208333 0.00716392109375
0 0.324525645312 0.364670136806 0.0229245486111 0.007163921875
