0 0.20570241875 0.251609597222 0.0594438055556 0.011439021875
0 0.607388074219 0.0857926625 0.103244505556 0.02463789375
0 0.665023145703 0.4221194625 0.0500579416667 0.00967917109375
0 0.368488499609 0.484691892361 0.0250289736111 0.00615947421875
0 0.1832643375 0.246916666667 0.0563151861111 0.015838646875
0 0.571178466406 0.0845824409722 0.110209926389 0.026663128125
0 0.314373127344 0.482345422917 0.0234646597222 0.0052795484375
1 0.118149905859 0.318092802778 0.0297219027778 0.0686341320313
3 0.0583150199219 0.575421909722 0.115758988889 0.0175984960937
3 0.0451161503906 0.57307544375 0.101680193056 0.0193583460937
3 0.0151987082031 0.564471734722 0.103244502778 0.0158386460938
2 0.397549996875 0.563464705556 0.0312862138889 0.0175984953125
2 0.393150373438 0.584582900694 0.0547508763889 0.0175984953125
2 0.328035941797 0.573632723611 0.0484936277778 0.0246378929687
2 0.293718874219 0.579889967361 0.0735226013889 0.0527954859375
2 0.358393344141 0.580672121528 0.128273476389 0.0730337539062
2 0.499621270703 0.572850570833 0.0563151861111 0.0299174414062
5 0.438466498438 0.530614181944 0.0719582916667 0.0431163140625
2 0.453865182422 0.596315230556 0.134530719444 0.0879924773437
0 0.680861792187 0.523799657639 0.0250289708333 0.013198871875
1 0.667222957031 0.456534298611 0.0187717305556 0.02111819375
3 0.675142280859 0.582461309028 0.0453650125 0.0140787960937
3 0.695380548828 0.587936396528 0.0406720791667 0.00879924765625
3 0.709459345312 0.578550532639 0.0312862152778 0.007039396875
3 0.740696676172 0.573075445139 0.0203360402778 0.00791932265625
3 0.793052198437 0.573857600694 0.0219003513889 0.010559096875
3 0.841375602734 0.623915541667 0.103244505556 0.0159835601563
3 0.865645990625 0.640340803472 0.1298377875 0.032557215625
3 0.877524975391 0.635647871528 0.1079374375 0.0334371414062
3 0.905242605859 0.620054477778 0.0892651361111 0.0237579679688
3 0.947918957422 0.610618900694 0.0735225986111 0.0140787960937
3 0.962877677344 0.652855288889 0.145480894444 0.0316772921875
3 0.973436774219 0.627826318056 0.0735226027778 0.0105590984375
3 0.201742757422 0.573857600694 0.0719582930556 0.0140787960937
3 0.214501665234 0.568382511806 0.0735226013889 0.0131988695313
8 0.980747371484 0.747496085417 0.131402095833 0.0374992367187
2 0.772373966406 0.668498397222 0.192410216667 0.148707284375
2 0.59946875 0.677884259722 0.258111261111 0.25517818125
