0 0.65186675 0.140292009028 0.0845303847222 0.0181802484375
0 0.749760390234 0.448579286111 0.034806625 0.0181802492187
0 0.456079464453 0.500789231944 0.0298342527778 0.00699240390625
0 0.467966548828 0.548026798611 0.0248618777778 0.00559392265625
0 0.483349835937 0.543054422917 0.0198895013889 0.01118784375
0 0.457477944531 0.541811329167 0.0223756888889 0.0097893640625
0 0.733677863281 0.450887902083 0.0422651930556 0.0195787265625
0 0.678476702344 0.142976295139 0.0862652263889 0.0197753765625
0 0.114150957812 0.476992874306 0.0348066291667 0.0223756890625
0 0.133030445703 0.47823596875 0.0323204402778 0.0125863257812
2 0.450485542187 0.571645579167 0.0223756888889 0.0153832875
2 0.436500737109 0.575374861111 0.0298342527778 0.0181802476562
2 0.359584303906 0.581590330556 0.0770718194444 0.048946821875
2 0.336509373828 0.597750553472 0.0646408819444 0.0279696132812
2 0.280570148828 0.597750552778 0.124309386111 0.103487564844
2 0.483349835937 0.571645579167 0.0223756888889 0.016781765625
2 0.465868828516 0.572888674306 0.0248618791667 0.0153832851563
2 0.502229324609 0.574131770139 0.0223756902778 0.0181802476562
2 0.520409572656 0.569159394444 0.0422651916667 0.0097893640625
2 0.530198936328 0.572888672917 0.0447513791667 0.0181802476562
2 0.545792879297 0.579104142361 0.0472375652778 0.0233528585938
2 0.56166475 0.587805800694 0.0546961319444 0.0223756890625
2 0.586837400781 0.594021270139 0.0770718208333 0.03915745625
2 0.630889540234 0.603966022222 0.101933697222 0.0853073179688
1 0.718993817578 0.405071002778 0.0223756888889 0.0349620164063
1 0.735076344141 0.355347247917 0.0223756902778 0.0279696132813
1 0.714099135156 0.249684269444 0.0944751333333 0.0391574578125
