2 0.449472892578 0.438573185417 0.0163240625 0.0137734289063
2 0.426058063281 0.444286611111 0.0244860944444 0.0110187421875
2 0.398052091797 0.445102811806 0.0163240625 0.00826405703125
2 0.524767636328 0.419800514583 0.0473397847222 0.0137734289063
5 0.549100694141 0.427962545833 0.083252725 0.0385656007813
2 0.409070834766 0.448911751389 0.0326481277778 0.0247921710938
2 0.441208835547 0.446055041667 0.0228536888889 0.0165281148437
2 0.587207180078 0.450136058333 0.0799879111111 0.0532572570313
2 0.493088750781 0.476254560417 0.132224915278 0.09090463125
2 0.707127868359 0.469969811111 0.197521172222 0.160690002344
2 0.0596848578125 0.455604628472 0.0244860958333 0.0275468578125
2 0.0252512863281 0.459685645139 0.0195888763889 0.0192828007812
5 0.1313066875 0.441729173611 0.0359129416667 0.0146916578125
5 0.108810087109 0.446626395833 0.0326481277778 0.0266286289062
5 0.085854371875 0.440912970139 0.0342805347222 0.0284650859375
2 0.00714906523437 0.462437416667 0.0228536888889 0.0142981304687
2 0.00944463710937 0.513042013194 0.0816203180556 0.0188892742187
5 0.220833974609 0.3746372625 0.429322877778 0.334235205469
