1 0.200289192578 0.422958689583 0.0208012486111 0.0362721757813
1 0.202044296484 0.469761495139 0.0644838680556 0.0351021054687
1 0.687038381641 0.511363986111 0.018721125 0.0128707726563
1 0.634385225781 0.558166793056 0.0332819944444 0.0175510515625
1 0.399201120703 0.567527355556 0.0187211222222 0.0128707726563
3 0.0335541917969 0.640331720833 0.164329852778 0.0397823851563
3 0.839147504297 0.651772406944 0.3952237 0.0737144210938
3 0.708684679297 0.626810909722 0.0624037416667 0.0140408414062
2 0.488711487891 0.638251595833 0.0145608722222 0.00936056171875
2 0.482276102734 0.634091348611 0.0228813666667 0.0128707726563
2 0.472915541797 0.637211532639 0.0249614958333 0.0128707726563
2 0.459459735547 0.636171475 0.031201875 0.0187211226562
2 0.44775903125 0.640331722222 0.031201875 0.01638098125
2 0.436643365625 0.641371782639 0.0332819958333 0.0175510515625
2 0.422602523828 0.633051283333 0.0582434916667 0.0269116132813
2 0.400371190625 0.633051288194 0.0665639902778 0.04095245625
2 0.548385066797 0.635131411111 0.0166409972222 0.0117007023438
2 0.555405487891 0.638251597222 0.0187211222222 0.0117007007813
2 0.563010944922 0.632011222222 0.0353621222222 0.0128707710938
2 0.575881716016 0.632011222917 0.0395223708333 0.0269116148437
2 0.5887524875 0.636171471528 0.0436826208333 0.01989119375
2 0.599283120312 0.633051283333 0.0582434916667 0.0222313328125
2 0.614494031641 0.633051284722 0.0707242416667 0.0245714742187
1 0.413826998047 0.580008104861 0.0228813736111 0.0140408414063
2 0.359418733594 0.642411848611 0.0686441166667 0.0783947
2 0.654861451953 0.626810910417 0.112326734722 0.0795647710937
