0 0.522910403125 0.0989061756944 0.0984374347222 0.027685528125
0 0.418100905078 0.404765339583 0.0398437236111 0.0105468679688
0 0.284287521094 0.387187227778 0.0468749694444 0.0118652265625
0 0.310654689844 0.486796531944 0.030468725 0.009228509375
0 0.349546264063 0.446952809028 0.0304687291667 0.00791015
0 0.00668242773438 0.0977343013889 0.0773436972222 0.0133648554688
0 0.118833532813 0.457499678472 0.0234374847222 0.01054686875
0 0.408213216016 0.405937213889 0.037499975 0.00922851015625
0 0.489951441406 0.104765545833 0.0914061861111 0.027685528125
0 0.774057691797 0.455155930556 0.0281249805556 0.0184570179688
1 0.157725107422 0.396562219444 0.0140624888889 0.0197753773437
1 0.211777803516 0.414140334028 0.0445312180556 0.0171386601562
1 0.561801978125 0.427030949306 0.0374999736111 0.0210937359375
1 0.876230472656 0.0496874590278 0.0984374319444 0.0566894140625
2 0.110923381641 0.528984004167 0.035156225 0.0474609054688
2 0.188047351563 0.525468381944 0.0281249805556 0.03032224375
2 0.222324672266 0.520780884028 0.0374999763889 0.0224120945313
2 0.295493567969 0.512577765278 0.0585937111111 0.0342773203125
2 0.384482764062 0.5172652625 0.0398437222222 0.0197753765625
2 0.735166116406 0.520780886111 0.0468749694444 0.027685528125
2 0.702866334766 0.547357033333 0.090652275 0.0659179242187
2 0.456333300781 0.512577765972 0.0351562263889 0.0210937359375
2 0.422055979687 0.523124632639 0.103124926389 0.060644490625
2 0.346250368359 0.54421836875 0.1265624125 0.0856933007812
2 0.257920351172 0.527812129861 0.0796874458333 0.0619628492187
2 0.0567800492187 0.678983900694 0.325781026389 0.113560098437
3 0.787900455078 0.506484026389 0.0632812055556 0.0197753773437
