1 0.494561839453 0.307858460417 0.0208012458333 0.00702042109375
1 0.493976803516 0.327619646528 0.0187211236111 0.0105306304687
0 0.474085611328 0.374422453472 0.0166409986111 0.00351021015625
0 0.499827155078 0.374422453472 0.0166409986111 0.00585035078125
1 0.493391769141 0.35154108125 0.0124807486111 0.00936056171875
2 0.438398471094 0.396263763194 0.0270416208333 0.0210612625
2 0.451854278125 0.3952237 0.0249614944444 0.012870771875
2 0.467650225391 0.392103513194 0.0312018708333 0.0234014039063
1 0.193853806641 0.0748844902778 0.0416024944444 0.0468028070312
2 0.493976804687 0.386903201389 0.0374422444444 0.0269116140625
