2 0.303222447266 0.390820044444 0.0304687305556 0.0210937351562
2 0.288720504687 0.38144505 0.0257812333333 0.01845701875
2 0.2511472875 0.397851288889 0.0585937111111 0.0593261296875
2 0.22478011875 0.382616924306 0.0281249819444 0.0250488109375
2 0.190502798047 0.399023164583 0.0281249819444 0.0355956789063
2 0.149633685937 0.40839815625 0.0562499597222 0.0461425453125
2 0.0342773207031 0.413085654861 0.0937499347222 0.0685546414063
2 0.581725675 0.3638669375 0.0234374833333 0.0171386609375
2 0.569860446875 0.362695063194 0.0210937347222 0.0092285078125
2 0.597545976953 0.363866936111 0.037499975 0.0171386601562
2 0.609411202734 0.3638669375 0.0421874722222 0.0118652257813
2 0.619958071484 0.370898182639 0.0562499625 0.0197753773438
2 0.645006882031 0.370898180556 0.0609374583333 0.05141598125
2 0.668737332813 0.376757552083 0.0726562013889 0.061962846875
2 0.564092630078 0.368554436111 0.0234374861111 0.0135131742188
2 0.549425891406 0.376757555556 0.0445312166667 0.0290038859375
0 0.567223730469 0.300585731944 0.0187499888889 0.003955075
2 0.837998077734 0.501562154861 0.412499718056 0.320361107031
1 0.822435971484 0.155078017361 0.0304687291667 0.0435058289062
1 0.840892989062 0.130468659028 0.0187499875 0.027685528125
0 0.852758216406 0.247656080556 0.042187475 0.0250488109375
0 0.533605590625 0.302929477778 0.0187499833333 0.005273434375
0 0.453696585156 0.0445312173611 0.0656249541667 0.0158203015625
5 0.476191074219 0.357890381944 0.0445312194444 0.0158203015625
5 0.416205763672 0.348515390278 0.0632812083333 0.112060467969
