2 0.207016817578 0.470716045139 0.0893159625 0.0663310882813
2 0.128617589453 0.490071727778 0.106106413889 0.112942116406
2 0.0310230089844 0.515374025694 0.120798073611 0.0620460179687
2 0.349604059375 0.445810184028 0.0603990347222 0.07529474375
2 0.841743372266 0.588099901389 0.295465552778 0.315073639844
2 0.649187610937 0.485640897222 0.177932297222 0.134061373438
2 0.578943123437 0.458706189583 0.101209195833 0.063357771875
2 0.550478037109 0.453808972222 0.0652962555556 0.0376473726562
2 0.532572580469 0.445646940972 0.0489721930556 0.0293833140625
2 0.505353664062 0.443081734722 0.0522370055556 0.037647371875
2 0.485611750391 0.435735904167 0.0375453444444 0.0202010289062
2 0.469083635547 0.436552109722 0.0195888805556 0.0128552007813
2 0.459442235937 0.432471093056 0.0146916583333 0.0082640578125
2 0.277370619531 0.447978952083 0.0620314402778 0.0707036015625
0 0.379905602344 0.339540524306 0.0261185013889 0.01101874375
0 0.447395403125 0.350967372222 0.0261185027778 0.0137734296875
