2 0.365872811719 0.487372790278 0.0289830444444 0.0102966078125
2 0.325544434375 0.493474482639 0.0350847402778 0.0188771234375
2 0.309670492969 0.496525329167 0.0411864333333 0.0231673703125
2 0.296799731641 0.501101601389 0.0411864361111 0.0163029632813
2 0.285216047656 0.510254140278 0.047288125 0.0171610140625
2 0.267196983594 0.514830411111 0.0655932083333 0.027457621875
2 0.209707590625 0.508728717361 0.126610145833 0.092669465625
2 0.440523228906 0.481271095139 0.0289830458333 0.00858050625
2 0.448674710938 0.484321940972 0.0350847375 0.011154659375
2 0.457684242969 0.484321943056 0.0381355861111 0.0102966078125
2 0.475703307812 0.483559229861 0.0579660902778 0.030889825
2 0.483854789062 0.496525330556 0.0625423611111 0.019735165625
2 0.496296523437 0.503389736806 0.0610169375 0.02402541875
2 0.514744614453 0.508728716667 0.0899999833333 0.0300317742187
2 0.14844276875 0.556271088194 0.103728793056 0.1081143875
2 0.556588894531 0.518898213889 0.111355911111 0.0926694734375
2 0.348368578125 0.491949059028 0.0411864319444 0.0291737234375
0 0.169035984375 0.425593140278 0.0213559305556 0.0102966078125
0 0.369390819922 0.419491445833 0.0274576222222 0.00943855703125
0 0.419157759375 0.416440598611 0.0213559277778 0.00772245625
0 0.4225899625 0.443898221528 0.0183050819444 0.0060063546875
0 0.388696960547 0.443135509028 0.0167796569444 0.00686440546875
0 0.395561366406 0.460677878472 0.0122033875 0.00686440625
0 0.423018987891 0.475169402083 0.0137288125 0.00686440546875
0 0.664345743359 0.383262638194 0.0427118569444 0.0308898242187
0 0.509119010938 0.118983027778 0.0549152416667 0.018877115625
0 0.487115384375 0.07932201875 0.0518643958333 0.0145868625
1 0.536281678125 0.424449071528 0.0335593152778 0.0188771140625
