0 0.42996613125 0.292265417361 0.0304687291667 0.01054686875
0 0.4932473375 0.298124786806 0.0328124763889 0.0105468671875
0 0.791855530469 0.159843633333 0.0843749416667 0.02241209375
2 0.459629196875 0.328593517361 0.0374999736111 0.02241209375
2 0.509067639453 0.337968510417 0.0187499875 0.00791015078125
2 0.178159663672 0.397734095139 0.0914061847222 0.0764647914062
2 0.226279748047 0.383671604167 0.0492187166667 0.0382323960937
2 0.391074556641 0.353202876389 0.0257812333333 0.0171386601562
2 0.366025745703 0.362577869444 0.0445312194444 0.0329589617188
2 0.476108676953 0.343827881944 0.0351562277778 0.0263671695312
2 0.575644741016 0.373124736111 0.0328124777778 0.0171386601562
2 0.589487505469 0.378984106944 0.0398437222222 0.0237304515625
2 0.614536317578 0.384843478472 0.0515624652778 0.0421874710937
2 0.548618392969 0.383671604167 0.0679687027778 0.04746090625
2 0.309720519141 0.403593467361 0.103124929167 0.104369007031
2 0.0758962472656 0.403593465278 0.149999897222 0.151792494531
