1 0.825855563672 0.44611598125 0.00998767083333 0.0224722601563
1 0.676040496094 0.470252853472 0.00832305972222 0.01498150625
1 0.757502439063 0.501880478472 0.0116522819444 0.0168541953125
2 0.602069305469 0.538501939583 0.00832305972222 0.01310881875
2 0.612837263672 0.534340410417 0.00665844583333 0.00842709765625
2 0.617987156641 0.546824999306 0.0183107319444 0.0131088179687
2 0.561806505859 0.555980364583 0.0233045652778 0.00936344140625
2 0.554315752734 0.557644977778 0.0233045666667 0.00561806484375
2 0.548697687891 0.560141895139 0.0249691763889 0.00749075390625
2 0.542143278906 0.560141895139 0.0316276263889 0.01310881875
2 0.533248008203 0.561806506944 0.038286075 0.0159178507812
2 0.51545746875 0.563471118056 0.0382860722222 0.0308993578125
2 0.639523073047 0.549321917361 0.0366214597222 0.0262176367188
2 0.604410166797 0.554315752778 0.0266337888889 0.0215359164062
2 0.575383496484 0.555148056944 0.0382860722222 0.0215359164062
2 0.432591009766 0.586775683333 0.101541325 0.0730348460937
2 0.713494261719 0.569297259722 0.116522830556 0.0917617296875
2 0.233149700391 0.65835399375 0.218064154167 0.204123032031
2 0.674167807422 0.555980363194 0.0998767125 0.0374537679688
2 0.334743043359 0.594266436806 0.0399506875 0.0271539820312
2 0.887186106641 0.685820090972 0.406165298611 0.223786258594
2 0.0566488226563 0.742416893056 0.292971688889 0.113297645313
