2 0.143937025 0.656014214583 0.0289042986111 0.0258225890625
2 0.875736467969 0.615208148611 0.0663098583333 0.10329035625
0 0.340475620313 0.570930722917 0.0188444847222 0.013389490625
0 0.63121884375 0.551306965278 0.0272040444444 0.01147670625
0 0.820823596875 0.487547485417 0.0867128902778 0.01912784375
0 0.838660334375 0.480321409028 0.0697103625 0.0124330984375
0 0.264920635156 0.411177813889 0.0289042972222 0.01912784375
0 0.168803221094 0.563208731944 0.0170025277778 0.0086075296875
1 0.409335857031 0.613366190278 0.0221032861111 0.015302275
1 0.532232252344 0.601464419444 0.0595088472222 0.0239098046875
1 0.467436681641 0.550456838194 0.0629093541667 0.0296481570313
1 0.547773625391 0.507950518056 0.0663098583333 0.0296481570312
