2 0.113647983203 0.651674395139 0.4362246875 0.225574078906
2 0.431776315234 0.562133539583 0.1346939375 0.100733463281
2 0.569961964453 0.562133538194 0.125510259722 0.0964286148438
2 0.752057071484 0.554480474306 0.153061293056 0.131728375781
2 0.631521303516 0.607286620833 0.044387775 0.0318558820313
2 0.490322259766 0.587388654167 0.04132655 0.0215242429687
2 0.512276989453 0.604225395139 0.0382653236111 0.0258290914063
2 0.519164747656 0.570551909722 0.0168367416667 0.0120535765625
2 0.506680686328 0.567490684722 0.0137755194444 0.00947066796875
2 0.657780880469 0.588153959028 0.0459183875 0.0223852140625
2 0.643144395313 0.57514375 0.0168367416667 0.0103316375
0 0.303061360938 0.508928800694 0.0413265513889 0.012053578125
0 0.23171925 0.437296109722 0.0229591944444 0.0120535765625
0 0.185226882812 0.40132670625 0.0551020680556 0.0154974578125
0 0.201585307422 0.453367545833 0.0306122583333 0.0206632742188
1 0.294139557813 0.425051205556 0.0229591944444 0.0146364859375
1 0.29241761875 0.459336938889 0.0431632833333 0.0094706671875
1 0.495003809766 0.438826722222 0.0168367416667 0.0344387914063
0 0.521693872656 0.433469579167 0.0275510333333 0.0103316375
0 0.837774956641 0.507431665972 0.0530261736111 0.0135651617188
0 0.624149275781 0.541377788889 0.0107142888889 0.0068877578125
1 0.858333054297 0.435765495833 0.0290816472222 0.0189413367188
0 0.526209077734 0.544659045833 0.0122449027778 0.00860969765625
0 0.389588823047 0.496683897222 0.0290816472222 0.0111926070313
