2 0.384546002344 0.538885079167 0.200947613889 0.131728375
3 0.206571245703 0.471428783333 0.084402375 0.0163584257812
3 0.495488119141 0.476676596528 0.0336734847222 0.00430485078125
3 0.500284944141 0.481377768056 0.0369533722222 0.0102086507813
3 0.484725996875 0.477441902778 0.0382653222222 0.00516581875
3 0.288363373828 0.466180968056 0.0306122583333 0.00430484765625
3 0.462709755078 0.486406922222 0.0352040972222 0.0103316367187
3 0.513506971094 0.482799048611 0.0428571638889 0.0086096984375
3 0.54062751875 0.489686806944 0.0474490027778 0.01119260625
3 0.550959157031 0.487390886111 0.0459183861111 0.0094706671875
3 0.666513603516 0.50597690625 0.0918367763889 0.0206632742187
3 0.703535304688 0.511334050694 0.108673518056 0.0241071546875
3 0.685024453906 0.521283035417 0.0642857430556 0.012914546875
3 0.603539815625 0.502806347222 0.0828717611111 0.01229956875
3 0.616761852344 0.505758242361 0.0795918736111 0.0094706671875
3 0.610304578125 0.503462322917 0.0780612597222 0.013775515625
3 0.476054786719 0.478207209028 0.0275510319444 0.0043048484375
3 0.111065101563 0.456224704167 0.0344898222222 0.0086096984375
1 0.179081712891 0.290051151389 0.0153061305556 0.0344387914063
1 0.196301109375 0.329847086806 0.0336734847222 0.020663275
1 0.198023048438 0.379592005556 0.0229591944444 0.0223852140625
1 0.22342165625 0.423214476389 0.0183673555556 0.012914546875
1 0.280245660938 0.425510397222 0.00765306944444 0.007748728125
1 0.458681647656 0.394898136806 0.0321428708333 0.0129145484375
1 0.426395279687 0.396428750694 0.0137755152778 0.0103316375
1 0.425964794922 0.428571618056 0.00765306111111 0.0111926070312
1 0.642283450781 0.348214443056 0.0397959361111 0.0198023046875
1 0.642283451172 0.396428749306 0.0535714513889 0.0266900632813
1 0.800486647656 0.373469554167 0.0688775833333 0.039604609375
1 0.472026678516 0.44387775 0.00459183888889 0.00688775859375
1 0.426395281641 0.407908346528 0.00612245138889 0.0154974570313
1 0.475470557422 0.435459377083 0.00612245138889 0.00688775859375
1 0.236120960937 0.428571620833 0.0168367388889 0.007748728125
1 0.0787787339844 0.394898138194 0.0107142902778 0.00774872734375
1 0.021093759375 0.278571551389 0.0780612583333 0.04218751875
1 0.282398085156 0.439285911806 0.00765306527778 0.00688775625
1 0.633888996875 0.420153248611 0.0244898055556 0.016358425
0 0.363974972266 0.357780773611 0.0229591944444 0.00516581953125
0 0.417355097266 0.390688950694 0.0214285819444 0.00516581796875
0 0.474179102344 0.283546045833 0.0336734861111 0.008609696875
0 0.315330180078 0.392984870139 0.0168367430556 0.00344387890625
0 0.244300173047 0.419770595833 0.0153061277778 0.00516581953125
0 0.274434116406 0.437372643056 0.0107142888889 0.0068877578125
0 0.319419785547 0.392984870139 0.0168367430556 0.00516581953125
0 0.464277950781 0.434311420139 0.0107142902778 0.0068877578125
0 0.469013285547 0.284311349306 0.0321428680556 0.00430484921875
0 0.616239116406 0.348597095139 0.0596939041667 0.01119260625
0 0.604185539062 0.346301176389 0.0581632916667 0.01119260625
0 0.182095107812 0.370025677083 0.0290816430556 0.0086096984375
0 0.0990115230469 0.389158338194 0.0336734847222 0.00430484765625
2 0.166597651172 0.465051244444 0.0198979666667 0.0163584257812
2 0.312819019922 0.472704308333 0.038265325 0.0275510320312
2 0.338648113672 0.471173695833 0.0352041 0.0223852148438
2 0.451435159766 0.478061454167 0.0183673555556 0.0154974554687
2 0.465641161719 0.471173698611 0.0229591972222 0.012914546875
2 0.479416678125 0.471939003472 0.0244898069444 0.012914546875
2 0.57154044375 0.488010438194 0.0290816458333 0.0335778203125
2 0.625781540234 0.491071663194 0.0321428708333 0.0146364851562
2 0.651610632812 0.484949211806 0.0198979680556 0.0215242453125
