1 0.524155480078 0.370556246528 0.0337364041667 0.0247921710938
2 0.515432308984 0.43149941875 0.0163240625 0.00734582890625
2 0.570066908594 0.43149941875 0.0293833152778 0.0156098859375
2 0.678723960547 0.429867013194 0.0522370041667 0.0621334726563
2 0.712086267578 0.422521184028 0.0473397847222 0.0192828007813
2 0.762129726172 0.422521184028 0.0669286625 0.110187430469
2 0.892351755859 0.415937145833 0.0783555055556 0.100419772656
2 0.138652516406 0.503597367361 0.0244860958333 0.0266286296875
2 0.0798858871094 0.522370040278 0.0293833138889 0.0229557148437
2 0.491558365625 0.435580434722 0.0277509083333 0.0220374859375
2 0.542979166797 0.442926264583 0.0848851319444 0.0514208007812
