2 0.267363186719 0.495937326389 0.0881249694444 0.0706640375
2 0.353847530859 0.490937326389 0.0406249833333 0.0348046757812
1 0.371249870313 0.44343734375 0.0318749902778 0.01687499375
2 0.460672278125 0.471160550694 0.0262499902778 0.0369140484375
0 0.456192495312 0.422204252778 0.0220873583333 0.009712925
2 0.393398299609 0.4649998375 0.0262499916667 0.0126562445312
2 0.419238136328 0.470249831944 0.0187499916667 0.0116015585937
2 0.407109232031 0.461812334722 0.0206249888889 0.012656246875
2 0.434003755078 0.461812334722 0.0206249888889 0.0116015585937
2 0.0152929640625 0.499968113194 0.0363928263889 0.030585928125
2 0.16230550625 0.486104179167 0.0294608583333 0.03021904375
2 0.0493171164063 0.503434096528 0.0329268430556 0.03113425625
1 0.0230317277344 0.459508766667 0.01901785 0.00949218359375
1 0.633339622656 0.456428405556 0.0224999916667 0.01792968125
2 0.0775404890625 0.499101617361 0.0311938513889 0.0358593625
2 0.218844361328 0.481121827778 0.0255616277778 0.0360678898437
2 0.311451106641 0.475879538194 0.0242618847222 0.0243701960937
3 0.529418146875 0.476746021528 0.0259948763889 0.0087732703125
3 0.520157472656 0.481944996528 0.0329268430556 0.0077984625
