0 0.425612253516 0.484224425694 0.0194244736111 0.00546313359375
0 0.459073949609 0.484224425694 0.0194244736111 0.00682891796875
0 0.483658051953 0.501220843056 0.0194244777778 0.00682891640625
0 0.434489846484 0.498792783333 0.019424475 0.00682891640625
2 0.469317325391 0.524287409722 0.0267086555556 0.0163894023437
2 0.479560701563 0.526715466667 0.0218525361111 0.0122920515625
2 0.487072510156 0.526715468056 0.0315647722222 0.0081947015625
2 0.495950104297 0.525501438889 0.0437050722222 0.0177551851562
2 0.510973720703 0.525501438889 0.0485611888889 0.0314130195312
2 0.424246469922 0.523073380556 0.0242805972222 0.00819470078125
2 0.406491286719 0.519431289583 0.0315647736111 0.0163894015625
2 0.394882126562 0.533999646528 0.0315647736111 0.009560484375
2 0.390101883984 0.536427705556 0.0315647722222 0.0109262679687
2 0.379858508203 0.533999645833 0.0412770111111 0.0204867523438
2 0.375761157422 0.542497853472 0.0388489513889 0.0177551851562
2 0.366883564844 0.544925913889 0.0437050722222 0.0163894015625
2 0.357323080859 0.547353972222 0.0485611888889 0.0163894023437
2 0.334787653516 0.541283823611 0.070413725 0.0450708554688
2 0.327275844531 0.554638152083 0.0631295486111 0.024584103125
2 0.531460473828 0.530357557639 0.0534173097222 0.0396077210937
2 0.441318765234 0.535213675 0.0534173083333 0.0341445867187
2 0.411954419141 0.530357557639 0.0388489513889 0.0218525351563
5 0.286302339844 0.559494272222 0.0971223805556 0.076483875
2 0.20435533125 0.550996063194 0.0315647736111 0.0300472359375
2 0.172942310937 0.544925913194 0.0145683569444 0.024584103125
2 0.189331713281 0.559494270833 0.0291367138889 0.0409735046875
4 0.778667282422 0.416238759722 0.582734283333 0.441148061719
