2 0.175465412891 0.386457152083 0.0589217180556 0.0409419289062
2 0.0541018347656 0.394255617361 0.0571887263889 0.0302190429687
2 0.428915451953 0.382124677083 0.0225288958333 0.0272946195312
2 0.408931892187 0.381258180556 0.0242618888889 0.01852135
2 0.384074289844 0.377792193056 0.0415918 0.0233953875
2 0.357267075781 0.376059204861 0.0519897513889 0.034118275
2 0.33777091875 0.402054080556 0.103979502778 0.0926067453125
2 0.452798244922 0.378658694444 0.0294608611111 0.0185213492188
2 0.471806997266 0.381258180556 0.0207959027778 0.0194961570312
4 0.516160754688 0.358729288889 0.0797176222222 0.01852135
2 0.543455374219 0.373459717361 0.126508395833 0.0575136625
2 0.687496778516 0.368990032639 0.301266148611 0.246166071094
2 0.0302190429687 0.422849981944 0.214890975 0.0584884703125
2 0.276358024609 0.372593220139 0.0346598347222 0.0282694273437
2 0.269046965234 0.385590658333 0.0329268444444 0.0272946195313
2 0.497639404688 0.377792193056 0.0415918 0.0263198125
0 0.470544957031 0.332399418056 0.0187027805556 0.005738353125
