2 0.400153679297 0.346096852778 0.0665570861111 0.0817404226563
2 0.387674225781 0.351643277083 0.0665570875 0.0655171328125
2 0.371762921875 0.358853627778 0.0721035111111 0.059901378125
2 0.330580723438 0.3544164875 0.0942892055556 0.10607535625
2 0.283158799609 0.358853628472 0.112037765278 0.170968517969
2 0.272239277344 0.382703250694 0.1175841875 0.174088379687
2 0.140269053125 0.398787880556 0.174157711111 0.279539765625
2 0.455999244531 0.343878283333 0.0443713916667 0.0561575421875
2 0.559578711719 0.350533991667 0.0399342527778 0.026206853125
2 0.588593441797 0.354416488194 0.0499178152778 0.0293267164063
2 0.615424267187 0.354416488889 0.0587920944444 0.0368143890625
2 0.636951325 0.357744343056 0.0676663722222 0.0249589078125
2 0.68593318125 0.370501118056 0.115365616667 0.0979637125
2 0.777969153516 0.376602184028 0.136442029167 0.147257555469
2 0.852533890234 0.413208582639 0.189687698611 0.226502086719
2 0.919922940625 0.457579973611 0.269556202778 0.157865090625
4 0.516025415625 0.326129726389 0.0465899611111 0.10295549375
2 0.968108255078 0.50587719375 0.226294095833 0.0630212414063
