1 0.618870615234 0.245060565972 0.0412770125 0.0286814523438
1 0.620919291406 0.308190111111 0.0169964138889 0.0163894015625
1 0.418100446875 0.32640055625 0.0194244763889 0.00682891875
1 0.431075388281 0.356751302778 0.0169964166667 0.0136578359375
0 0.431758280859 0.33247070625 0.0218525347222 0.0122920507813
0 0.388736101172 0.326400558333 0.0145683555556 0.0109262679687
0 0.329324520313 0.364035478472 0.0218525347222 0.009560484375
1 0.369615132813 0.34825309375 0.0194244763889 0.0136578359375
0 0.471366000391 0.364035481944 0.0169964166667 0.0122920507812
2 0.366200672266 0.370105630556 0.0145683555556 0.0122920507812
2 0.32522716875 0.381031897222 0.0315647722222 0.0396077203125
2 0.353908622656 0.374961749306 0.0242805930556 0.01502361875
2 0.482975160938 0.396814285417 0.0242805958333 0.0163894015625
2 0.494584319922 0.402884434028 0.0364208930556 0.0150236179688
2 0.506876372266 0.404098461111 0.0437050722222 0.0232183195312
2 0.531460473828 0.405312492361 0.0607014875 0.0368761539062
2 0.568336627734 0.416238759722 0.0776979027778 0.0696549570313
2 0.709012323828 0.464799952083 0.169964165278 0.135212561719
2 0.877003692188 0.496364723611 0.315647736111 0.244475242187
2 0.294497041016 0.357965331944 0.019424475 0.0109262679688
2 0.0780203605469 0.391958165972 0.0388489513889 0.0532655570313
2 0.39351634375 0.378603836806 0.0218525347222 0.02321831875
