1 0.597200925 0.511530845139 0.0153061319444 0.01119260625
1 0.577829106641 0.524541050694 0.0168367402778 0.00688775859375
1 0.566948596094 0.528061460417 0.0122449041667 0.007748728125
1 0.561352293359 0.529592075694 0.00918367916667 0.00688775703125
1 0.947927721875 0.332653210417 0.0948980013889 0.080931159375
0 0.550733666797 0.511734924306 0.0244898069444 0.00688775859375
2 0.09800705625 0.597704349306 0.0658163569444 0.080070190625
2 0.2060587625 0.585459445139 0.0413265486111 0.0551020671875
2 0.306361740625 0.580867606944 0.0352041 0.0301339421875
2 0.274075374609 0.577806381944 0.0352040972222 0.0327168507812
2 0.381266110547 0.563010458333 0.0290816444444 0.0180803664063
2 0.401929385156 0.564541074306 0.0229591958333 0.016358425
2 0.431202357813 0.559949234028 0.0260204180556 0.028412003125
2 0.562069776172 0.546939023611 0.0214285805556 0.0129145476562
2 0.588759838672 0.543112490972 0.0352040958333 0.0284120023438
2 0.619754750391 0.541581880556 0.04132655 0.0232461835938
2 0.648597238281 0.545408410417 0.0428571625 0.0309949125
2 0.678731181641 0.550765559722 0.038265325 0.0292729726563
2 0.704560274609 0.549234944444 0.0229591944444 0.0206632757812
2 0.731680821875 0.542347188194 0.0397959375 0.0352997609375
2 0.766980581641 0.5392859625 0.0428571638889 0.0335778210938
2 0.804432768359 0.546173719444 0.0382653222222 0.0482143070312
2 0.854082016406 0.538520654167 0.0596939055556 0.0413265484375
2 0.891964685547 0.548469638194 0.0367347125 0.0378826695313
2 0.928555901172 0.543112493056 0.0535714527778 0.0507972179687
2 0.974617785547 0.540816572917 0.0673469680556 0.0464923679687
2 0.350701684375 0.599745171528 0.0872449375 0.065433703125
2 0.530644367187 0.553826783333 0.0198979694444 0.0189413359375
2 0.47281278125 0.565312109028 0.0328124763889 0.0303222453125
2 0.0285259773437 0.614530820139 0.0703124513889 0.054052696875
2 0.497861592187 0.557108989583 0.0304687291667 0.0303222453125
