1 0.388101812109 0.354328423611 0.0168282666667 0.00841413046875
1 0.599506864453 0.301038925 0.0224376833333 0.0168282632812
1 0.725718835156 0.297299310417 0.0448753680556 0.00841413125
1 0.725192952734 0.251489039583 0.00934903472222 0.0220870945312
1 0.723615303125 0.264577688194 0.0130886486111 0.012621196875
1 0.870231569141 0.260838074306 0.0317867180556 0.00841413203125
1 0.876016283984 0.229051355556 0.0804017 0.0262941601563
2 0.451418164063 0.373400464583 0.0243074902778 0.012621196875
2 0.466458411328 0.377701011111 0.0224376833333 0.0199835617188
2 0.48854550625 0.3917245625 0.0467451722222 0.0305012265625
2 0.438586600781 0.384245335417 0.0205678763889 0.00841413125
2 0.425439520312 0.399203791667 0.046745175 0.036811825
1 0.337617024219 0.355263328472 0.0224376847222 0.01472473125
1 0.921242241016 0.161738304167 0.0617036305556 0.0389153585937
1 0.886113216797 0.299169118056 0.0186980694444 0.0115694320312
1 0.908200311328 0.361807652083 0.0804016986111 0.0178800289062
2 0.967519963281 0.369286880556 0.0504847888889 0.06205421875
2 0.552177375 0.450623483333 0.168282627778 0.140936701563
2 0.209827402734 0.506406078472 0.226246645833 0.205094453906
