1 0.772047814844 0.358729288194 0.0589217208333 0.0428915453125
0 0.44499978125 0.434980923611 0.0311938527778 0.0107228875
0 0.407957083984 0.280744660417 0.0277278652778 0.00877327109375
0 0.581960283984 0.291142610417 0.0346598347222 0.0175465414062
0 0.389435734766 0.476572724306 0.0173299152778 0.0107228851563
2 0.0745728007813 0.515565039583 0.327535434722 0.149145601563
2 0.2095836875 0.597882145833 0.5025676 0.372376596875
4 0.606330479297 0.477439221528 0.157702245833 0.0682365492188
4 0.516648157812 0.459242808333 0.246084825 0.113077710938
2 0.701374244531 0.6100130875 0.256482775 0.22907984375
0 0.656045680078 0.459242809722 0.0207959027778 0.0155969257813
