2 0.318553902344 0.521033915278 0.0532754527778 0.027570046875
2 0.288886134766 0.522632177778 0.0564719777778 0.0389576726562
2 0.2625147875 0.527959725 0.0649960527778 0.0317654890625
2 0.198983811328 0.531156248611 0.0863062277778 0.0605342320313
2 0.140547301172 0.5354182875 0.0969613222222 0.0821107898438
2 0.0677264183594 0.539680325 0.111878447222 0.0875049304687
2 0.636808131641 0.524230443056 0.0511444333333 0.0227752554688
2 0.666176223438 0.537549303472 0.0820441902778 0.04794790625
2 0.683557339844 0.538082059028 0.0895027569444 0.0215765578125
2 0.699739757422 0.541278586806 0.0937647958333 0.0407557195313
2 0.609238084766 0.520589953472 0.0470599791667 0.0203778601563
2 0.0303701289062 0.566495639583 0.218074170833 0.0607402578125
2 0.75928131875 0.549447493056 0.149171263889 0.122866510937
2 0.506655786719 0.531866595833 0.173677972222 0.12586325625
4 0.515246460156 0.4375690375 0.0277032333333 0.04914660625
2 0.573982644531 0.500966826389 0.116140483333 0.0539413953125
1 0.140547300391 0.5063298875 0.115074975 0.0413550695312
2 0.913347685937 0.585177556944 0.204577736111 0.170814415625
