2 0.0535747875 0.569999605556 0.140624902778 0.106787035938
2 0.132676295703 0.566015236111 0.0820311944444 0.0593261304688
2 0.184751455469 0.558983990278 0.0679687027778 0.0580077734375
2 0.224302209766 0.543749627778 0.0656249555556 0.0527343398437
2 0.258579530078 0.548437122917 0.0374999736111 0.0263671695313
2 0.439194640234 0.642187060417 0.4546871875 0.453515313281
1 0.297471105859 0.411327842361 0.0117187402778 0.0329589617187
0 0.331748426172 0.420702836806 0.0304687291667 0.0145019429687
2 0.6468361 0.570702731944 0.0867186888889 0.0619628484375
2 0.733188578125 0.597655840972 0.1640623875 0.16347645
2 0.884140623828 0.653905800694 0.299999793056 0.230712732031
1 0.845249048828 0.533202757639 0.0257812319444 0.00791015078125
