2 0.888407985937 0.477443528472 0.420706570833 0.221922717188
2 0.0882732523437 0.434329448611 0.108448805556 0.17564499375
2 0.422209093359 0.403477634722 0.0243074916667 0.0231388617187
2 0.402751414453 0.429654931944 0.0542244027778 0.0410188914063
3 0.216062873437 0.436733491667 0.0860111222222 0.0189317953125
3 0.261288829297 0.429922045833 0.0878809277778 0.0210353273437
3 0.334386596484 0.424312625 0.0691828583333 0.00946589765625
3 0.200812260156 0.427785124306 0.129016681944 0.02839769375
3 0.708514953516 0.420305896528 0.0729224708333 0.0136729632813
3 0.855236370703 0.380105046528 0.0448753680556 0.0273459273438
3 0.780560955078 0.440873772917 0.151454365278 0.0210353289063
3 0.800018632813 0.424045509722 0.110318611111 0.0389153578125
3 0.18135458125 0.436466371528 0.119667648611 0.021035328125
3 0.0504096609375 0.401874940278 0.0317867166667 0.0136729640625
3 0.0209602007813 0.404679651389 0.0299169111111 0.01156943125
3 0.0120201859375 0.411223975 0.0317867166667 0.0063105984375
3 0.0036060546875 0.412158879861 0.0373961402778 0.0063105984375
7 0.367517239063 0.428987141667 0.0411357527778 0.0147247296875
2 0.558412845703 0.518337210417 0.4917592375 0.324995825781
0 0.279168858984 0.344845827778 0.0224376833333 0.0147247304688
0 0.428519691797 0.207415013194 0.0430055597222 0.00841413046875
0 0.611001167578 0.264444127778 0.0448753666667 0.00736236484375
0 0.275487676953 0.251088365278 0.0373961388889 0.00946589921875
0 0.267599427734 0.343643810417 0.0243074902778 0.00841413046875
0 0.8944426625 0.204421646528 0.0786888069444 0.0204534609375
0 0.898884676953 0.281940179861 0.0467451736111 0.0262941601562
0 0.865754034766 0.286614697917 0.0448753680556 0.0273459273437
1 0.671477737109 0.292224118056 0.0186980694444 0.0336565257813
1 0.675158919141 0.271923355556 0.0261772972222 0.0136729632813
1 0.261814713281 0.301573152778 0.0149584555556 0.0241906265625
3 0.325446548438 0.42208245625 0.0811224847222 0.0120535765625
