1 0.254164429297 0.47541049375 0.0166324375 0.0109150367188
1 0.370721429687 0.485805770139 0.0263346958333 0.0085761
1 0.842406952344 0.40680169375 0.0124743291667 0.0241690109375
1 0.838820601953 0.298968063194 0.0291067625 0.0288468835938
2 0.809194073438 0.483726713889 0.0304928027778 0.0491176671875
2 0.54645351875 0.517823215972 0.0609856041667 0.063151284375
2 0.50318319375 0.526139435417 0.0443531652778 0.0187114921875
2 0.400659813672 0.537920743056 0.0595995666667 0.0615919929687
2 0.343745691016 0.55108809375 0.0720738958333 0.0522362476562
2 0.310220948047 0.560097329861 0.0762320069444 0.0428805039062
2 0.227188698828 0.558018272917 0.146919859722 0.121624697656
2 0.614360644922 0.491349913194 0.115041020833 0.0795238382813
2 0.627614618359 0.531544969444 0.0956365138889 0.0343044007812
2 0.676342461719 0.537089113889 0.151077969444 0.0990149765625
2 0.779840400391 0.585600388889 0.180184736111 0.188674208594
2 0.457456991016 0.530851950694 0.0845482208333 0.0771849070313
2 0.107298710156 0.625795447917 0.185728884722 0.205241676562
2 0.754756172656 0.48472454375 0.0255118180556 0.0550098578125
2 0.266244717969 0.665433255556 0.00425196944444 0.0155462640625
