1 0.472393383984 0.292317297222 0.0183534722222 0.0114709210937
2 0.251786710547 0.352794540278 0.0346676722222 0.0240889335938
2 0.234006784375 0.353814177778 0.0326283972222 0.0206476578125
2 0.216226855469 0.360951638889 0.0224320222222 0.014912196875
2 0.202461750781 0.362990913194 0.0224320236111 0.014912196875
2 0.184108278125 0.360951640278 0.0305891222222 0.019500565625
2 0.168048989063 0.362990914583 0.0346676708333 0.02179475
2 0.14740133125 0.364010552083 0.0448640458333 0.0424424078125
2 0.399188042187 0.354833815278 0.0224320222222 0.0183534734375
2 0.41696796875 0.355853452778 0.0367069472222 0.014912196875
2 0.433600804297 0.358912363194 0.0387462208333 0.0206476585937
2 0.450807185156 0.364010551389 0.0407854944444 0.022941840625
2 0.484072855859 0.368089101389 0.0652567944444 0.0596487882813
2 0.70516051875 0.408262808333 0.187613280556 0.19271146875
2 0.4092107625 0.19209968125 0.0448640458333 0.01376510625
0 0.282457088672 0.241042272917 0.0285498458333 0.0103238289063
0 0.420681683594 0.191080041667 0.0469033194444 0.0114709203125
2 0.0966281726562 0.361359488889 0.0856495416667 0.0722668
2 0.03009683125 0.355241664583 0.0978851902778 0.0585016953125
2 0.318590487891 0.343006013889 0.0285498472222 0.0252360257813
2 0.886128628906 0.456797555556 0.293655572222 0.224830046875
1 0.287605887109 0.274677234722 0.0127559083333 0.0251131960938
0 0.544119245312 0.297637877778 0.0212598472222 0.00956693125
0 0.356966142188 0.321023711111 0.0170078777778 0.008371065625
