0 0.446140201953 0.449630148611 0.033656525 0.00841413203125
0 0.271021091797 0.447760342361 0.0186980708333 0.00946589765625
0 0.27838345625 0.446825438194 0.0243074902778 0.00525883125
0 0.231579850781 0.458044279861 0.0243074902778 0.00841413125
0 0.180569179297 0.42812736875 0.0243074930556 0.0136729648438
0 0.0685560542969 0.495440420139 0.0168282652778 0.0126211976563
3 0.0632972222656 0.548729918056 0.0710526638889 0.0168282632812
3 0.0101830171875 0.546860111806 0.0785318930556 0.017880028125
3 0.20791510625 0.559013856944 0.0542244027778 0.015776496875
3 0.683839415234 0.598279803472 0.0990997708333 0.0252423945313
3 0.591809851562 0.573972311806 0.0542244013889 0.0136729640625
3 0.491366158203 0.576777022222 0.0598338222222 0.0147247289063
2 0.421949573438 0.535641269444 0.0224376833333 0.027345925
2 0.409328376953 0.61043355 0.145844947222 0.107280175781
2 0.368309486328 0.559013856944 0.0542244027778 0.0210353273438
2 0.342541209375 0.561818567361 0.0635734375 0.0389153578125
2 0.308358798828 0.558078953472 0.0411357541667 0.0252423945313
2 0.324135296484 0.555274243056 0.0392659472222 0.0126211976563
2 0.284168172266 0.568362892361 0.0579640180556 0.0315529929688
2 0.242097514844 0.573037409028 0.0822715069444 0.0631059859375
1 0.252615179297 0.461783894444 0.01308865 0.0399671242187
1 0.435096655078 0.469263121528 0.0168282625 0.00946589765625
0 0.517134435156 0.527227138194 0.0168282625 0.0178800296875
2 0.563938042969 0.560883663889 0.0542244027778 0.0420706578125
4 0.0859102003906 0.545755234722 0.0617036305556 0.0725718835937
1 0.0175453820313 0.240976696528 0.117797840278 0.0347082921875
