2 0.246506964844 0.583474990278 0.0977658611111 0.091265475
2 0.379309928906 0.581394865972 0.1185671125 0.0783947015625
3 0.475840717187 0.581394865972 0.1019261125 0.0210612640625
2 0.521473453125 0.590755425 0.0915254888889 0.0655239296875
5 0.301500261719 0.53875230625 0.0873652375 0.0468028078125
2 0.448344067969 0.565793927778 0.0416024944444 0.0269116140625
2 0.433718191406 0.564753868056 0.0312018722222 0.0163809828125
2 0.420847418359 0.557473429167 0.0249614972222 0.0140408429687
2 0.328996911328 0.565793930556 0.0332819972222 0.0152109132812
2 0.344731904688 0.557919172917 0.0270416236111 0.0117007015625
2 0.65012021875 0.579166147917 0.0582434902778 0.09828589375
2 0.825659066797 0.595807147222 0.112326736111 0.142805207031
0 0.285119279688 0.414984885417 0.0436826208333 0.0093605609375
0 0.435473296094 0.448266882639 0.0312018708333 0.008190490625
0 0.365854120703 0.509630559722 0.0291217444444 0.00702042109375
0 0.415582103516 0.511710685417 0.0249614958333 0.00585035078125
0 0.408561682422 0.527311622917 0.0270416236111 0.00585035078125
0 0.294479841016 0.419145135417 0.0395223708333 0.00936056171875
1 0.486956383984 0.505470311806 0.0124807486111 0.0175510539062
1 0.492221699609 0.487789253472 0.0145608763889 0.0117007007813
0 0.492806734375 0.520031184722 0.0249614972222 0.01053063125
0 0.175132683594 0.503390186111 0.0291217472222 0.0140408421875
1 0.184493245312 0.475308502083 0.0104006236111 0.023401403125
1 0.173962613672 0.448266881944 0.014560875 0.0210612632812
0 0.4670042375 0.529243154861 0.0166409986111 0.012870771875
