0 0.502193264062 0.362086079167 0.0375496666667 0.0150869203125
0 0.559020662109 0.373708595833 0.0321854277778 0.0100579460937
0 0.634958159766 0.4720529625 0.0214569527778 0.0110637414062
0 0.527338130469 0.474735080556 0.0196688722222 0.0070405625
0 0.539407666406 0.4818874 0.0160927166667 0.0070405625
2 0.501187469141 0.516754947222 0.0214569527778 0.0110637414063
2 0.491129522656 0.523013225694 0.0375496680556 0.017098509375
2 0.473528115625 0.529271503472 0.0500662236111 0.0362086078125
2 0.429776048438 0.5328476625 0.100132447222 0.0533071171875
2 0.411671742969 0.549834416667 0.0947682083333 0.051295528125
2 0.365908087109 0.571291369444 0.130529797222 0.0885099304687
2 0.248733007422 0.598112561806 0.202052976389 0.220269032031
2 0.618865444531 0.537317861111 0.0947682083333 0.0372144015625
2 0.650547976953 0.5382119 0.103708605556 0.0603476804688
2 0.681224714453 0.571291369444 0.134105955556 0.101585261719
2 0.799908484766 0.605264878472 0.216357609722 0.208199496094
2 0.912054589844 0.674999975 0.327218530556 0.172996682813
1 0.679213123828 0.40857614375 0.0196688736111 0.0211216882812
0 0.681224713672 0.453278129167 0.0160927138889 0.0130753320312
0 0.367919675781 0.468476804167 0.0143046361111 0.0100579453125
