0 0.395308018359 0.356201129167 0.0296874972222 0.0114257789063
1 0.455952543359 0.333544879861 0.0249999958333 0.0131835945312
1 0.618110724609 0.337451130556 0.0328124972222 0.0140624992188
1 0.900679049609 0.17182615 0.110937486111 0.0553710867188
1 0.680073607422 0.287451136111 0.0140624972222 0.0202148414063
1 0.129438912109 0.260107389583 0.0937499875 0.0509765570312
1 0.133393989062 0.170263651389 0.0484374916667 0.0360351515625
1 0.114936960156 0.0921386597222 0.0453124944444 0.0237304671875
2 0.446284575 0.499951110417 0.2953124625 0.213574192187
5 0.135031946484 0.496826111111 0.364062455556 0.270063892969
