2 0.0998728957031 0.600771283333 0.0631295472222 0.0887759257813
2 0.420832011719 0.595915163889 0.0776979055556 0.0669233890625
2 0.543752525391 0.604413372222 0.0995504416667 0.0860443601563
2 0.172942312109 0.578918748611 0.0534173083333 0.0573629070313
2 0.264449804688 0.561922330556 0.0388489527778 0.0382419375
2 0.284936557031 0.555852179861 0.0315647736111 0.02731566875
2 0.299960175 0.552210093056 0.0291367138889 0.024584103125
2 0.311569334375 0.549782032639 0.0339928347222 0.0204867515625
2 0.324544277734 0.54978203125 0.0194244763889 0.0109262679688
2 0.504827695703 0.591059046528 0.0776979041667 0.0327788023437
2 0.5034619125 0.574062628472 0.0534173097222 0.02731566875
2 0.500730345703 0.570420538194 0.0607014902778 0.0327788023437
2 0.493218536719 0.558280241667 0.0461331305556 0.0423392875
2 0.84426741875 0.565868174306 0.153575254167 0.168076426563
1 0.573799762109 0.4708701 0.0364208944444 0.0259498867188
2 0.419419263281 0.548905865972 0.0140624902778 0.0210937359375
2 0.440512998828 0.545390243056 0.0117187416667 0.0184570179688
