0 0.263852963672 0.540702746528 0.0351562263889 0.00791015078125
0 0.317905661328 0.557108985417 0.0304687291667 0.00791015078125
0 0.387119480859 0.45398405625 0.0304687291667 0.0118652257812
0 0.270444756641 0.548905865972 0.0187499875 0.00791015078125
1 0.230894002344 0.473905916667 0.0562499611111 0.0448241875
2 0.244736766406 0.60164020625 0.0257812347222 0.0197753765625
2 0.375254254688 0.601640204167 0.0679687027778 0.0303222453125
2 0.0403912042969 0.632108933333 0.0398437222222 0.0672362835937
2 0.327793349609 0.609843323611 0.0468749666667 0.0461425460937
2 0.422055980469 0.60867145 0.128906161111 0.0791015078125
2 0.519614506641 0.572343348611 0.032812475 0.0237304523437
