0 0.210220117969 0.201785804167 0.0719388083333 0.0249681234375
0 0.521460691016 0.223214386806 0.0811224847222 0.0189413351563
0 0.440529532031 0.456632859028 0.00918367638889 0.0086096984375
0 0.432780803906 0.460459390278 0.0107142888889 0.0068877578125
0 0.820934679297 0.446938975694 0.0382653236111 0.0223852148437
0 0.789509282812 0.442347136111 0.0413265472222 0.006887759375
1 0.802854314063 0.228061327778 0.0535714527778 0.053380125
1 0.823948074219 0.335969538889 0.0275510333333 0.0473533375
1 0.788648313672 0.317602184722 0.0153061305556 0.0129145476562
1 0.794244617187 0.365051184028 0.0275510347222 0.029272971875
1 0.797688495703 0.398724669444 0.0306122611111 0.0464923679687
1 0.277662752344 0.375000169444 0.0260204194444 0.012914546875
1 0.275510327734 0.417857331944 0.0107142916667 0.0120535757812
1 0.269483539844 0.404081814583 0.0076530625 0.0086096984375
1 0.147225832422 0.361989959722 0.0122449027778 0.0206632757813
0 0.141199042969 0.392602218056 0.0153061305556 0.0103316375
2 0.350845182031 0.472385414583 0.0202806208333 0.016358425
2 0.398485519141 0.48750021875 0.0474490013889 0.0352997601563
2 0.451578647656 0.488265524306 0.0397959375 0.0249681234375
2 0.484080255469 0.494387979167 0.0306122611111 0.020232790625
1 0.506680711328 0.460714495139 0.00918367916667 0.0120535773437
2 0.306935724609 0.465688984722 0.0581632916667 0.0697385523438
2 0.368925548437 0.474872663194 0.0244898097222 0.023246184375
2 0.420583735547 0.487117564583 0.0214285791667 0.0129145460938
2 0.431776341797 0.486352259722 0.0198979694444 0.0111926070313
1 0.510555075781 0.448086935417 0.0076530625 0.0103316359375
0 0.343957425781 0.446173670139 0.0107142902778 0.0094706671875
0 0.39217173125 0.450765507639 0.0107142902778 0.007748728125
2 0.11198756875 0.462682423611 0.0551020666667 0.081792128125
2 0.211306580859 0.439067247917 0.0244898097222 0.0223852148438
2 0.182033608203 0.434475407639 0.0306122569444 0.0223852148438
