2 0.463521130078 0.596149153472 0.0415918013889 0.0321686585937
2 0.425503624609 0.599615136806 0.0381258180556 0.0302190429688
2 0.363115923047 0.602214624306 0.0502567597222 0.0380175070313
2 0.392360158594 0.599615136806 0.0415918013889 0.0263198125
2 0.5917083625 0.59268316875 0.131707368056 0.0487403921875
2 0.0560514511719 0.646405915278 0.107445486111 0.0555640476563
8 0.652633852734 0.623010525694 0.1334403625 0.0302190429687
3 0.691626166406 0.593549665278 0.133440361111 0.028269428125
3 0.747677617188 0.587484196528 0.142105320833 0.0370426984375
3 0.794955798437 0.596149153472 0.194095073611 0.036067890625
2 0.48837873125 0.586617699306 0.0190629097222 0.0175465421875
