1 0.0719164152344 0.0727086743056 0.0510236347222 0.0621850554688
1 0.150843603516 0.206645720833 0.0127559083333 0.0167421304688
1 0.124534541016 0.170503977778 0.0127559083333 0.0167421304688
1 0.133503540625 0.153496099306 0.0127559097222 0.027504928125
0 0.156225002344 0.253417388194 0.0297637875 0.0179379984375
0 0.317666975391 0.268299280556 0.0340157583333 0.0131545304687
1 0.412738361719 0.129047272917 0.0276378013889 0.0550098578125
0 0.478511018359 0.104598449306 0.0552756097222 0.0167421320313
2 0.858080884375 0.400343171528 0.336371265278 0.281264096875
2 0.696756648438 0.378850493056 0.140314997222 0.10882385
2 0.635169526172 0.372472536111 0.0977953027778 0.0550098585937
2 0.616035660547 0.368220565972 0.0892913625 0.0382677257812
2 0.605272864063 0.343771743056 0.0318897722222 0.0191338625
2 0.555644405078 0.350149697222 0.0276378 0.0251131960938
2 0.537108474219 0.352275683333 0.0318897722222 0.0215255953125
2 0.519768410156 0.351212689583 0.0425196958333 0.02032973125
2 0.507211812109 0.351212689583 0.0425196958333 0.0143503976563
5 0.433068091406 0.316133940972 0.1807087125 0.143503976562
1 0.908425013672 0.223653598611 0.0382677277778 0.0322883929688
1 0.176362113672 0.188558348611 0.0486149833333 0.0283976929687
