2 0.315678458984 0.419969036806 0.0166324375 0.0116946820313
2 0.240286739844 0.415117909722 0.0374229833333 0.03305696875
2 0.297824576953 0.415810929861 0.0360369513889 0.0249486554688
2 0.267808225781 0.413731872917 0.0401950569444 0.031965465625
2 0.456512478516 0.497309872917 0.474024459722 0.288684858594
2 0.875931707031 0.514635329167 0.345123069444 0.24714761875
2 0.10369285 0.484766239583 0.214835645833 0.2073857
2 0.209724636719 0.421008564583 0.0180184736111 0.012474328125
0 0.145014060937 0.101411665972 0.0318788375 0.015592909375
0 0.308739614063 0.343968040278 0.0152464 0.0077964546875
0 0.794281567969 0.333298446528 0.0277207291667 0.021050428125
0 0.755788333594 0.338885908333 0.0263346972222 0.00779645625
1 0.250656025 0.340271945139 0.0124743319444 0.0116946828125
1 0.250656024609 0.373536817361 0.00693018194444 0.0101353914062
1 0.247147620312 0.36314154375 0.00554414583333 0.0077964546875
1 0.760933999219 0.259188811806 0.0277207291667 0.031185821875
1 0.758595061328 0.288988594444 0.0235626194444 0.0187114914062
1 0.762103466016 0.0970225493056 0.0665297486111 0.0350840476563
0 0.536785919922 0.20998451875 0.0845482236111 0.0210504289063
2 0.22141931875 0.422048091667 0.0180184722222 0.0093557453125
