1 0.378225444141 0.325802444444 0.0935815527778 0.0350930820313
1 0.435739107422 0.342265865972 0.0641206930556 0.0740853976562
1 0.71989559375 0.3769257 0.227021916667 0.086757896875
1 0.509824503516 0.42025049375 0.0294608597222 0.0214457726563
1 0.510311907422 0.456643320139 0.0363928263889 0.0185213492187
1 0.0960185730469 0.473973236806 0.0398588097222 0.0243701960937
1 0.0926067457031 0.206226015972 0.0381258180556 0.0253450039063
0 0.0926067457031 0.263414742361 0.0623877013889 0.0214457726563
0 0.293904565234 0.0389923138889 0.0779846277778 0.0243701960937
1 0.306577067578 0.336200395139 0.0554557347222 0.104304439844
2 0.303165239844 0.472240245139 0.0363928263889 0.0389923140625
2 0.475706228516 0.478305715972 0.0242618847222 0.0194961570313
