2 0.693884485937 0.58906548125 0.224537901389 0.263520175
2 0.287299362891 0.50867536875 0.0665297486111 0.0787441945313
2 0.188674209375 0.503131221528 0.0665297486111 0.09511675
2 0.327061283203 0.4989731125 0.0554414583333 0.0475583742188
0 0.409313881641 0.223844883333 0.0429671277778 0.00935574453125
0 0.585903585547 0.381160017361 0.0415810930556 0.0116946820313
0 0.582785002734 0.446303729167 0.0249486555556 0.0132539710938
1 0.573819080078 0.349281179167 0.0415810916667 0.0202707820312
0 0.440889524609 0.437987509722 0.0277207305556 0.00545751953125
0 0.489227544141 0.46778729375 0.0180184736111 0.00701680859375
0 0.415940867969 0.433829400694 0.0166324347222 0.007016809375
1 0.425686437109 0.437987511111 0.0138603666667 0.0155929101563
1 0.688037144531 0.367992670833 0.0263346916667 0.0272875921875
1 0.122699001563 0.271776317361 0.0248684208333 0.019983553125
2 0.0387680800781 0.518684213194 0.0213157902778 0.0199835523437
