2 0.212122172266 0.585191155556 0.151454366667 0.146195533594
5 0.422475457422 0.553404434028 0.147714751389 0.0830895476562
2 0.542902713672 0.553404435417 0.0804017013889 0.0546918539063
2 0.499254407031 0.545925206944 0.0467451722222 0.0347082921875
2 0.376197733984 0.550599727083 0.0523545958333 0.0199835632812
2 0.465597880859 0.531901656944 0.0261772972222 0.0115694304688
2 0.476641427734 0.524422426389 0.0224376833333 0.0147247304688
2 0.497150873047 0.510398875 0.0205678777778 0.0241906273437
1 0.300996434375 0.518813006944 0.0261772944444 0.021035328125
1 0.765351314453 0.453369761111 0.0224376833333 0.0220870960937
1 0.368309486328 0.501049840972 0.0243074930556 0.0147247304687
