4 0.915344567188 0.3769257 0.74345345 0.16766695
2 0.627288848828 0.464441782639 0.131707370833 0.106254055469
2 0.372864001562 0.423716477083 0.0398588097222 0.032168659375
2 0.0950437648437 0.439313402083 0.116110445833 0.135498290625
2 0.178877239844 0.440179899306 0.0693196680556 0.051664815625
2 0.21202070625 0.428048956944 0.0693196694444 0.04581596875
2 0.246138981641 0.432381436111 0.0537227416667 0.0341182757813
2 0.274895812109 0.433247931944 0.0415918027778 0.0311938507813
2 0.295854181641 0.423716477778 0.036392825 0.0263198132812
2 0.309501491406 0.41765100625 0.0311938513889 0.01462211875
2 0.339233130469 0.421983484722 0.036392825 0.0233953890625
2 0.57074999375 0.437580411111 0.0779846277778 0.055564046875
2 0.527858448437 0.431514940278 0.0450577861111 0.03801750625
2 0.508849695703 0.428915452083 0.0329268430556 0.0194961570313
2 0.499589020703 0.424582973611 0.0277278694444 0.0185213492188
2 0.495689789453 0.427182461111 0.0398588111111 0.0107228867188
2 0.4830172875 0.426315964583 0.0277278680556 0.0126725015625
2 0.480092864063 0.420250494444 0.0259948777778 0.0107228859375
2 0.473756612891 0.415918013889 0.0242618833333 0.0155969257813
1 0.4581596875 0.378658693056 0.00866495833333 0.015596925
1 0.733542904687 0.234820378472 0.0363928263889 0.02242058125
1 0.737929539453 0.276412179167 0.036392825 0.0292442351563
1 0.223230996484 0.334467403472 0.0381258180556 0.0214457726562
