2 0.0289517933594 0.614692167361 0.154929465278 0.0579035867187
2 0.212386258984 0.555857097917 0.272946198611 0.194717866406
2 0.715021555078 0.746919434722 0.00346598333333 0.0243701960937
2 0.403960380469 0.539826922222 0.0190629111111 0.0116976953125
2 0.3893382625 0.539393673611 0.0181964138889 0.013647309375
2 0.367892490625 0.544159403472 0.0173299208333 0.013647309375
0 0.0771263015625 0.103092800694 0.0969072319444 0.0220360859375
0 0.360678903125 0.403353823611 0.0294608583333 0.009748078125
0 0.707223092578 0.335767146528 0.0433247902778 0.0126725007812
0 0.0848082824219 0.382413515278 0.0589217194444 0.0194961570312
0 0.0472781804688 0.101380015278 0.077984625 0.0282694265625
0 0.902347148047 0.257349270139 0.0606547097222 0.0370426976562
1 0.428428048047 0.397201698611 0.0173299166667 0.0360678898438
1 0.440125742188 0.443992473611 0.0277278638889 0.0146221171875
1 0.440125742969 0.470853845833 0.0225288916667 0.0126725015625
1 0.491303154297 0.444858971528 0.00866495972222 0.0214457726563
1 0.530295469141 0.462188890972 0.0190629097222 0.0175465414062
1 0.489353538281 0.466521365278 0.0311938527778 0.017546540625
1 0.504950464062 0.470507254861 0.0398588097222 0.015596925
1 0.476193632422 0.47224024375 0.0363928291667 0.0243701945313
1 0.600969037109 0.468774259722 0.0294608611111 0.0302190429688
1 0.857587201563 0.0623877006944 0.0658536847222 0.051664815625
0 0.0985824902344 0.108983764583 0.1154639375 0.0185567039063
2 0.346198510547 0.555670194444 0.0268041277778 0.0197164976563
