1 0.777896660938 0.0788511222222 0.0363928277778 0.0389923140625
0 0.786669932422 0.305873039583 0.0571887263889 0.0272946195312
0 0.354342652344 0.367394245139 0.0207958986111 0.0068236546875
0 0.478630652344 0.370860227778 0.0173299166667 0.005848846875
0 0.411856315234 0.394255618056 0.0190629111111 0.00682365546875
0 0.422091796875 0.395122115278 0.0173299166667 0.005848846875
5 0.367502557813 0.43064844375 0.0675866763889 0.0467907765625
2 0.43866353125 0.4791722125 0.136906347222 0.062387703125
2 0.532732488281 0.40465356875 0.0433247930556 0.0633625109375
2 0.522984409766 0.531161963889 0.247817816667 0.174490603906
2 0.2251806125 0.495635633333 0.249550808333 0.17936464375
0 0.373838808984 0.0398588097222 0.0797176194444 0.0321686585937
