1 0.0731105882813 0.160301734722 0.129974380556 0.0643373171875
1 0.425993535156 0.271189992361 0.0641671097222 0.09163695
1 0.503975657812 0.282477651389 0.0450577888889 0.0526396234375
1 0.0711609726563 0.0467907756944 0.0935815513889 0.0643373171875
1 0.488866134375 0.365950095139 0.0121309430556 0.028269428125
1 0.448411608984 0.356996296528 0.0138639319444 0.00779846328125
2 0.199591906641 0.4271824625 0.0485237694444 0.0575136632813
2 0.294635671094 0.415051519444 0.0346598361111 0.033143465625
2 0.349712314062 0.403787071528 0.0225288930556 0.0224205796875
2 0.375544722656 0.406386558333 0.0138639333333 0.0097480796875
2 0.387242416016 0.408119552778 0.0138639333333 0.0253450039062
2 0.408688189453 0.404653567361 0.0242618847222 0.0175465414063
2 0.422335498828 0.402054079861 0.0190629097222 0.0116976929687
2 0.43257098125 0.400321088194 0.0155969263889 0.0107228859375
2 0.441831656641 0.395988613194 0.0173299180556 0.00974807890625
2 0.489597241406 0.391656129861 0.0121309430556 0.0077984625
2 0.500320127344 0.402920575 0.0277278666667 0.0194961578125
2 0.473025507812 0.404653568056 0.0415918027778 0.02729461875
1 0.437445021094 0.357862793056 0.0138639333333 0.0068236546875
2 0.0220550132813 0.44005610625 0.0918485625 0.0428915453125
1 0.425987684375 0.230642493056 0.0169278888889 0.034517025
