0 0.356640189453 0.588630985417 0.0194244763889 0.00956048515625
2 0.365517781641 0.593487102778 0.0194244722222 0.0109262679687
2 0.329324520703 0.589845015278 0.0218525361111 0.0204867523438
2 0.299960174609 0.593487103472 0.0291367125 0.0273156679688
2 0.243963051172 0.581346806944 0.0631295472222 0.0273156695312
2 0.118993864844 0.604413373611 0.114118797222 0.094239059375
2 0.433806955078 0.586202925694 0.0194244736111 0.0163894007812
2 0.446781898047 0.580132776389 0.0267086527778 0.0232183179687
5 0.532143365625 0.541283825694 0.114118801389 0.14204148125
2 0.573116870313 0.578918746528 0.101978498611 0.0874101421875
2 0.607261456641 0.582560835417 0.123831031944 0.0628260398437
2 0.725401727344 0.569206509722 0.189388641667 0.208964871875
2 0.744522696094 0.605627402778 0.184532525 0.181649201562
2 0.861297183203 0.631468897917 0.259802368056 0.275888261719
2 0.953487567969 0.671531882639 0.2330937125 0.0887759265625
5 0.0379858421875 0.602679059028 0.172392226389 0.075971684375
2 0.209818463672 0.590191890278 0.0752698444444 0.0655576054687
2 0.397613694141 0.574409503472 0.0485611902778 0.0368761554688
0 0.420149121094 0.58134680625 0.0194244763889 0.01092626875
