2 0.0253450039063 0.564088806944 0.133440363889 0.0506900078125
2 0.0302190433594 0.517298030556 0.105712497222 0.0604380867187
2 0.120388769141 0.52509649375 0.169833190278 0.238827922656
2 0.17156618125 0.496502129861 0.0467907763889 0.066286934375
2 0.278795044141 0.51729803125 0.0675866791667 0.0779846273437
2 0.313888126172 0.515565038889 0.0675866777778 0.0604380867187
2 0.352393036328 0.519897518056 0.0658536861111 0.0536144320313
2 0.382514598438 0.516431533333 0.0277278666667 0.017546540625
2 0.390313061719 0.5155650375 0.0329268416667 0.0311938515625
5 0.381052386719 0.497368625 0.0381258166667 0.0419167359375
2 0.569677705078 0.513832045833 0.0329268416667 0.0194961570312
2 0.535072026953 0.524229997222 0.025994875 0.0224205804688
2 0.499004136328 0.51729803125 0.0190629097222 0.0126725023437
2 0.488281250391 0.518164526389 0.0173299166667 0.00682365546875
2 0.482919807031 0.518164526389 0.0173299166667 0.009748078125
2 0.475121344141 0.515565039583 0.0155969263889 0.00779846328125
2 0.469759901172 0.515565039583 0.0155969263889 0.00877327109375
2 0.461961438281 0.512965551389 0.0138639361111 0.0087732703125
2 0.443927493359 0.51469854375 0.0138639347222 0.00779846328125
2 0.424431336328 0.513832047222 0.0155969277778 0.00974807890625
3 0.410881506641 0.511232558333 0.0207959 0.00487403828125
3 0.415268142188 0.512099054861 0.0190629097222 0.005848846875
3 0.585469598047 0.521630508333 0.0381258166667 0.00584884609375
3 0.588881426172 0.519897516667 0.0381258166667 0.00487403984375
3 0.595217676562 0.521630508333 0.0381258166667 0.005848846875
3 0.600091715234 0.521630509028 0.0311938513889 0.00584884609375
3 0.617150853906 0.525962988194 0.0467907763889 0.00682365625
3 0.622999700391 0.523363500694 0.0415918013889 0.00877327109375
3 0.507972374219 0.516431534028 0.0207959013889 0.0068236546875
1 0.717724439844 0.363007610417 0.0485237680556 0.0194961578125
1 0.714312611719 0.433193776389 0.0606547111111 0.03801750625
1 0.952653130078 0.212237330556 0.0970475361111 0.0331434664063
1 0.959476785156 0.268559561806 0.0259948763889 0.0253450046875
1 0.962401209375 0.292821445833 0.025994875 0.0233953890625
1 0.943879859766 0.317083329167 0.0294608583333 0.0311938507812
1 0.485720171875 0.497314470139 0.0155969263889 0.0077984625
1 0.267363214453 0.382070519444 0.0242618833333 0.00974807890625
0 0.643639042969 0.34827718125 0.0467907763889 0.01169769375
0 0.455013725 0.346544189583 0.0398588097222 0.0087732703125
0 0.439416799609 0.454856171528 0.0207958986111 0.00682365546875
0 0.655336737109 0.350876668056 0.0450577833333 0.00974807890625
0 0.931561828906 0.372132895139 0.0667743375 0.0207368296875
0 0.969224863281 0.439259246528 0.0311938513889 0.025345003125
0 0.724548094141 0.47651856875 0.0190629097222 0.0136473101563
0 0.438441991406 0.264227082639 0.0485237680556 0.0146221171875
0 0.464761803125 0.264227082639 0.0450577847222 0.0146221171875
2 0.524690323437 0.493902641667 0.015596925 0.0058488484375
0 0.491059452344 0.450577848611 0.0190629083333 0.0068236546875
2 0.454016754297 0.515565038194 0.0207959013889 0.00877327109375
0 0.170835075 0.429781948611 0.0121309444444 0.009748078125
3 0.609986009766 0.521630509028 0.0502567597222 0.00682365546875
3 0.549060519141 0.517298029861 0.0242618847222 0.00584884765625
2 0.823677044922 0.587417305556 0.273538341667 0.347536586719
1 0.292037903125 0.218422406944 0.0952621083333 0.0114824859375
