0 0.646639636719 0.125803268056 0.102377830556 0.02049725625
0 0.145920944141 0.117994789583 0.0902313097222 0.0146408976562
0 0.624678289453 0.135346963889 0.086760875 0.0214733148438
0 0.665672803516 0.138817397222 0.0902313111111 0.0156169570313
0 0.119567328516 0.116259571528 0.0763495708333 0.0165930179688
0 0.161537901953 0.129273701389 0.0676734833333 0.0165930179688
0 0.0131768078125 0.343573061111 0.0589973944444 0.012688778125
0 0.615893751172 0.43987763125 0.0399100013889 0.0214733164062
1 0.654448115625 0.358322407639 0.0260282597222 0.026353615625
2 0.224981790234 0.501477851389 0.0867608777778 0.0614917679687
2 0.924586025781 0.581297853472 0.100642615278 0.150827948438
2 0.303066576562 0.481522847917 0.0190873930556 0.016593015625
2 0.324051863281 0.491934154861 0.0329691347222 0.0312339140625
2 0.290526220312 0.473103948611 0.0234597 0.01079679375
2 0.283928179688 0.473103948611 0.0191943 0.0119964375
2 0.273731207812 0.467772198611 0.0127962 0.01079679375
2 0.264733878906 0.467772198611 0.0127962 0.0095971515625
