0 0.619415549609 0.129107884028 0.109178479167 0.0281197539063
0 0.594632786719 0.136906346528 0.0970475375 0.0233953890625
0 0.351418228516 0.272079701389 0.0658536861111 0.0126725023437
0 0.335821302734 0.269480213889 0.0710526611111 0.0126725023437
0 0.319736973047 0.275545684722 0.0658536861111 0.0136473085938
0 0.123096415234 0.441358739583 0.0370175152778 0.0219870257813
0 0.678466260547 0.464441783333 0.0346598361111 0.0175465414062
1 0.705273476562 0.441912889583 0.0207958986111 0.0204709640625
1 0.713559342969 0.404653569444 0.0225288916667 0.0428915453125
3 0.728668864453 0.54589239375 0.0519897513889 0.0204709648437
3 0.713071939453 0.558023336806 0.0727856513889 0.0185213492187
2 0.870503405859 0.590083682639 0.0918485625 0.173515797656
2 0.425016220703 0.518164525694 0.0311938513889 0.0194961570312
2 0.440125742188 0.518164525694 0.0242618847222 0.0087732703125
2 0.446949397266 0.517298029861 0.0259948763889 0.00877327109375
2 0.457184880078 0.521630509028 0.0277278652778 0.0214457726562
2 0.461084110156 0.532028460417 0.0311938513889 0.009748078125
2 0.474244016797 0.528562477778 0.0381258194444 0.0165717335937
2 0.48058026875 0.533761452083 0.0485237680556 0.0253450046875
2 0.498126809375 0.550224873611 0.057188725 0.0370426984375
2 0.525421428516 0.571887269444 0.0623877027778 0.0506900070313
2 0.408444487891 0.519031022222 0.0190629083333 0.00779846171875
2 0.401620832422 0.516431533333 0.0242618833333 0.0116976945313
2 0.393822369531 0.520764013889 0.025994875 0.017546540625
2 0.389923138672 0.527695980556 0.0329268416667 0.0194961570313
2 0.382612079297 0.527695980556 0.036392825 0.0185213492188
2 0.362141115234 0.534627946528 0.0606547097222 0.0438663539063
2 0.660432315234 0.554557352083 0.0727856513889 0.0224205804688
2 0.644347986328 0.552824361111 0.0797176194444 0.0155969257812
2 0.608767499609 0.55629034375 0.0901155680556 0.0224205804687
0 0.637336654297 0.142579422222 0.0793220194444 0.0111546585938
