1 0.531597417187 0.228551673611 0.0124309388889 0.018180246875
1 0.519710333203 0.244711891667 0.0248618777778 0.0447513804687
1 0.486846038281 0.223579298611 0.0174033166667 0.0181802484375
1 0.474259713281 0.240982610417 0.0323204402778 0.0433528984375
1 0.423215171875 0.237253330556 0.0546961277778 0.0503453
1 0.4399969375 0.213634547222 0.0174033138889 0.01678176875
1 0.493139201172 0.30065111875 0.0174033152778 0.0139848054687
1 0.356088101953 0.299408023611 0.014917125 0.0139848054688
1 0.364478986328 0.274546144444 0.014917125 0.0139848070313
1 0.379163032031 0.285733990972 0.0223756930556 0.015383284375
2 0.337907853125 0.318054431944 0.0174033138889 0.01118784375
2 0.269382305469 0.316811338194 0.0198895013889 0.0111878453125
2 0.223232445312 0.316811338889 0.0248618777778 0.0167817671875
2 0.247705854688 0.325512995833 0.0273480638889 0.0097893640625
2 0.194563592578 0.313082055556 0.0323204388889 0.0209772085938
2 0.00786643203125 0.308109680556 0.0372928166667 0.01398480625
2 0.0456254085937 0.316811338889 0.0348066277778 0.0419544171875
2 0.6770394 0.365291999306 0.0820441930556 0.0657285875
2 0.499432363281 0.327999181944 0.0372928138889 0.009789365625
2 0.489642999219 0.336700840278 0.0646408805556 0.0237741703125
2 0.439297697266 0.366535092361 0.169060765278 0.104886046094
2 0.550476905078 0.332971559028 0.0372928180556 0.0335635351562
2 0.512717928906 0.326756091667 0.0298342555556 0.01398480625
2 0.395284581641 0.31540449375 0.0277278680556 0.0243701960937
2 0.603893459766 0.3691272375 0.0970475361111 0.0887075117187
