2 0.894140801172 0.263135779167 0.214252847222 0.207102419531
2 0.758412662891 0.24753484375 0.166409979167 0.174340457031
2 0.678802800781 0.213212786111 0.126887608333 0.139328529687
2 0.425950633984 0.182010914583 0.0686441152778 0.0459569367188
0 0.475840716797 0.0322419333333 0.0270416222222 0.0117007023438
0 0.207894648437 0.0145608729167 0.0291217458333 0.0140408421875
0 0.341282647266 0.159129543056 0.0270416222222 0.00702042109375
1 0.48727843125 0.168098115972 0.0158570208333 0.01403361875
2 0.384836077734 0.204892286806 0.0353621208333 0.0292517539063
2 0.248522903125 0.192411538889 0.0436826194444 0.0514830875
2 0.285965148828 0.199691975 0.0291217472222 0.0234014039063
2 0.313461797656 0.196571788194 0.0312018708333 0.0222313328125
1 0.171622472656 0.0436826194444 0.0166409972222 0.01638098125
1 0.0528603511719 0.05096305625 0.0478428680556 0.0386123148438
0 0.0394045449219 0.0925655506944 0.0353621208333 0.0234014039062
2 0.470485220703 0.189291350694 0.0374422430556 0.0245714726562
2 0.453609383984 0.182010914583 0.0395223708333 0.0140408429687
1 0.616249136719 0.0551233041667 0.0353621166667 0.0117007015625
0 0.619759346484 0.0904854263889 0.0228813722222 0.0163809820313
2 0.0359796574219 0.180970852083 0.118567109722 0.0713742804688
