0 0.835897727734 0.0597882145833 0.0987805291667 0.0224205804687
0 0.465470746484 0.0701861652778 0.116110447222 0.0243701960937
0 0.631188079688 0.0233953881944 0.0467907763889 0.0204709640625
0 0.0789594355469 0.303273551389 0.0797176194444 0.0175465414063
1 0.0965059765625 0.408986047222 0.0207959 0.0370426984375
1 0.0872453015625 0.126508395833 0.0242618833333 0.0302190421875
1 0.0867578980469 0.150770280556 0.0173299166667 0.0253450039062
1 0.0877327058594 0.181097634722 0.036392825 0.0292442351562
1 0.0901697253906 0.215757470139 0.0294608597222 0.0243701960937
0 0.0833460714844 0.449711352778 0.0329268416667 0.0165717335938
0 0.110153286328 0.447978361111 0.0294608583333 0.0155969257813
1 0.654096064453 0.336200394444 0.0138639333333 0.0194961570313
0 0.821763014063 0.319736973611 0.0537227444444 0.017546540625
0 0.437688722656 0.438446906944 0.0173299166667 0.005848846875
0 0.489353538672 0.434980923611 0.0173299166667 0.00584884765625
1 0.530295467969 0.403787073611 0.0242618833333 0.01169769375
1 0.702349053125 0.436713915278 0.0207959 0.0126725015625
2 0.301215624219 0.55109136875 0.0970475375 0.0916319375
2 0.381637271875 0.525962988889 0.0606547111111 0.051664815625
2 0.1413471375 0.549358377778 0.0519897527778 0.0643373171875
2 0.413805930469 0.515565038194 0.0259948763889 0.0165717328125
2 0.425503624609 0.512099054861 0.0190629097222 0.0126725023438
2 0.528345852734 0.533761451389 0.138639338889 0.113077710156
2 0.653121257031 0.519031021528 0.1334403625 0.107228864062
2 0.602918652344 0.517298030556 0.0918485611111 0.0419167359375
2 0.733055500391 0.480038707639 0.0450577847222 0.0194961570313
5 0.437688723047 0.493902643056 0.0381258194444 0.0253450039062
2 0.457184879687 0.505167088194 0.0225288930556 0.015596925
2 0.480092863281 0.499968113194 0.0294608597222 0.0126725015625
