0 0.2710784375 0.0894453638889 0.0707242388889 0.0187211234375
0 0.7946848375 0.189291352778 0.0624037416667 0.017551053125
0 0.816916169922 0.318259085417 0.0416024958333 0.0198911929687
0 0.128914912109 0.326579584028 0.0374422458333 0.0198911914062
0 0.289799559375 0.0915254895833 0.0873652375 0.0210612625
2 0.582902137891 0.448266882639 0.0852851152778 0.0432925960938
2 0.559500733594 0.45450725625 0.110246609722 0.0292517546875
2 0.442493716406 0.427465636111 0.384823075 0.207102420312
5 0.936848362109 0.409784573611 0.220493222222 0.121687296094
2 0.956739555078 0.737404220833 0.426425572222 0.0842450507812
3 0.276928789062 0.437866258333 0.101926111111 0.0187211234375
3 0.262302912109 0.437866258333 0.114406861111 0.0175510523437
3 0.179812965234 0.443066570139 0.0790447375 0.0210612632812
3 0.641990680078 0.442026507639 0.0936056125 0.0234014039063
3 0.840317572656 0.452427131944 0.147688855556 0.04095245625
3 0.916372133984 0.454507254861 0.210092598611 0.0526531570312
